245 7 7
12 29 89 21 84 24 36 97 83 23 89 57 84 91 89 97 59 42 83 95 16 31 66 100 74 79 92 82 60 30 52 95 74 71 54 25 67 93 61 75 84 66 80 77 84 79 64 42 88 25 97 68 53 81 57 77 64 88 71 29 21 36 46 22 18 42 25 63 36 82 70 98 23 16 40 14 81 52 47 92 49 76 79 64 53 54 42 28 88 30 24 93 100 22 35 17 22 99 14 89 52 29 77 68 29 66 95 74 83 10 48 21 38 94 13 14 26 27 69 19 67 27 81 63 94 22 31 54 88 14 52 49 89 36 84 69 19 88 76 51 46 76 38 25 47 88 16 93 26 18 39 26 63 48 12 66 16 94 56 70 85 82 41 51 18 18 97 50 79 54 60 16 69 27 83 59 90 53 63 81 38 79 10 66 67 86 49 99 47 94 46 79 37 91 61 68 50 39 53 15 38 26 93 23 64 50 13 39 66 82 20 87 29 67 54 35 21 34 96 77 54 72 62 45 47 93 89 39 95 15 88 15 17 48 90 67 15 37 22 42 62 62 87 40 29
3 3 1 3 2 1 0 3 1 2 2 2 3 3 3 0 1 0 1 2 2 0 5 3 0 2 3 2 3 1 3 3 3 2 3 1 0 3 3 6 3 1 1 1 3 2 3 1 2 3 0 3 0 3 1 2 3 3 0 1 1 0 3 2 0 2 3 1 0 1 1 1 1 1 3 3 2 3 3 3 1 1 0 1 2 2 2 3 3 2 3 1 3 3 2 2 1 2 1 3 0 0 3 3 0 3 1 1 3 1 2 3 1 2 2 3 2 2 3 1 3 3 3 2 5 6 3 5 0 2 3 1 3 3 0 3 2 3 5 1 5 2 3 3 5 0 0 2 1 3 3 3 1 0 3 3 3 1 0 5 1 0 3 1 5 0 1 3 2 2 1 3 3 2 2 1 1 2 3 3 1 2 4 3 2 3 3 5 6 3 2 3 3 3 1 3 3 1 2 3 3 0 2 3 3 5 3 2 1 5 0 5 3 3 2 0 1 3 3 5 0 3 0 0 1 3 1 3 2 3 6 0 3 1 3 2 0 3 0 5 0 0 3 6 2
21 34 44 27 20 29 35
0 41 134 47 167 124 42
53 3 186 42 45 76 48
66 26 3 45 65 84 87
25 37 74 3 21 105 63
68 58 66 185 7 102 131
62 70 52 107 164 6 85
49 81 33 90 105 182 4
