221 6 9
37 35 15 26 50 67 100 20 90 71 29 43 82 36 21 50 46 72 85 34 20 44 69 37 67 18 34 17 62 62 55 63 47 58 94 91 18 56 11 75 97 51 93 37 73 97 71 77 99 54 46 87 52 85 86 41 27 26 42 64 84 58 28 42 19 41 28 42 10 49 17 82 92 61 71 60 79 45 44 92 67 85 38 98 31 58 40 22 82 20 59 17 88 83 73 56 31 39 53 81 29 24 79 95 59 65 87 87 28 37 76 55 86 45 78 51 73 13 66 26 33 22 48 79 75 68 95 26 16 76 17 45 62 49 70 100 100 42 74 24 30 10 78 52 94 49 66 36 78 47 49 30 80 43 98 59 65 90 81 20 72 48 56 19 17 12 30 72 85 78 78 60 11 95 24 56 39 97 100 18 42 92 40 69 89 33 88 31 32 26 89 84 62 31 49 58 92 26 21 66 22 25 89 25 14 74 18 34 58 35 93 17 43 62 46 62 72 63 67 47 13
7 6 8 7 2 2 2 5 5 0 2 5 8 2 6 6 5 5 0 7 7 0 6 5 7 5 7 2 0 6 7 7 6 0 5 0 0 4 5 7 0 7 0 5 5 0 2 6 6 2 4 2 5 7 2 0 7 8 0 6 2 7 7 7 2 0 8 5 6 0 2 5 0 6 5 7 2 3 7 2 8 8 0 2 8 2 7 4 2 6 4 6 7 8 8 6 6 6 0 7 6 2 0 0 2 2 0 7 2 6 5 7 6 6 7 0 0 6 6 6 0 0 2 5 6 6 6 2 0 2 2 5 0 6 2 7 2 2 2 6 7 2 1 0 0 8 5 2 5 1 2 4 8 6 6 0 0 6 5 3 7 6 5 6 7 6 7 5 8 0 0 3 4 3 6 2 6 5 6 5 7 0 0 6 2 2 6 0 5 2 0 7 4 0 0 7 5 5 5 6 8 5 8 0 5 7 5 6 2 5 0 6 0 2 2 2 6 4 5 2 5
34 15 37 22 45 59 40 43 34
6 143 42 36 24 23 78 74 78
75 6 37 118 42 135 36 38 50
52 31 6 21 45 127 38 60 135
75 85 42 5 87 53 60 48 89
87 35 136 82 3 39 106 189 68
71 72 20 49 76 8 80 175 22
131 41 58 54 36 143 6 76 64
101 50 27 20 50 45 41 0 83
89 81 62 50 69 74 63 59 0
