242 10 9
97 48 42 88 93 50 75 83 48 27 35 95 41 48 40 68 25 84 54 32 11 92 48 85 64 52 92 73 51 74 27 90 33 97 50 74 26 36 15 64 69 34 60 13 96 69 88 79 45 34 26 86 40 15 46 94 22 20 60 11 30 77 46 68 10 45 34 33 81 38 36 37 45 11 46 98 20 14 49 94 72 17 94 81 66 45 52 81 61 52 24 59 62 22 47 33 98 43 79 90 69 19 86 49 15 62 18 41 13 78 94 61 88 45 61 81 19 28 95 55 92 36 94 39 88 57 46 20 85 69 33 81 73 44 44 34 61 47 95 86 25 100 69 42 64 41 25 34 11 35 64 36 67 88 19 61 94 31 49 56 26 26 40 86 90 41 34 18 73 97 24 97 16 34 69 55 89 48 53 72 73 71 52 76 47 24 60 10 66 16 31 82 25 73 74 33 90 54 61 36 69 85 89 28 61 25 39 100 46 67 36 37 91 46 91 91 35 82 60 16 18 82 87 78 88 65 41 54 50 58 49 67 49 97 20 54 95 46 30 100 72 70
0 0 7 1 3 2 5 2 0 2 3 5 5 0 0 0 1 0 7 3 5 0 5 0 3 0 7 0 3 8 3 0 2 0 1 0 7 5 8 3 5 3 1 5 7 8 3 7 3 0 0 3 0 7 0 8 2 4 0 0 0 4 2 0 6 5 3 0 4 3 3 5 0 4 7 0 2 2 5 3 8 5 2 5 8 5 5 7 1 1 7 0 0 8 0 5 0 5 8 1 0 7 0 7 2 7 1 0 7 3 0 5 0 5 8 8 7 0 3 0 6 2 0 2 0 3 3 8 3 7 8 8 1 5 8 0 1 5 8 3 1 3 0 8 5 5 8 3 3 4 2 5 0 0 6 7 5 5 0 7 7 4 5 2 0 5 3 2 3 2 7 5 5 2 7 5 2 7 3 3 5 0 0 2 1 7 4 5 5 5 5 0 0 3 2 0 5 3 5 7 7 0 0 5 5 1 0 0 8 5 5 7 1 7 0 5 5 0 5 1 8 7 4 3 5 2 5 5 3 7 8 0 2 8 5 5 8 0 7 2 5 1
49 18 52 50 42 38 49 15 54
7 85 119 68 27 49 32 29 62
145 7 80 61 62 112 79 87 44
55 84 1 37 67 35 45 113 25
30 70 39 1 135 31 49 22 45
156 122 54 44 4 28 124 44 42
27 113 75 146 24 3 105 52 42
79 50 78 90 21 80 5 71 38
30 24 70 69 26 50 55 1 25
50 44 185 71 191 66 48 52 4
