227 4 7
88 68 77 87 68 27 76 10 46 83 43 86 18 97 100 72 72 31 57 47 10 69 47 45 41 78 39 21 56 89 10 57 64 83 40 21 30 95 34 10 39 51 34 38 20 78 24 72 86 21 57 36 78 43 74 47 48 38 49 46 47 35 95 75 81 32 84 81 63 24 59 25 57 42 49 91 94 89 55 62 93 47 86 38 83 74 54 56 75 48 24 77 37 74 72 91 25 24 74 91 57 47 26 46 100 89 59 23 47 79 64 10 70 94 10 100 29 50 55 97 66 42 15 58 45 93 12 32 86 38 46 42 90 10 34 70 82 35 67 74 20 27 59 55 61 87 98 77 36 56 14 67 47 97 79 59 35 47 78 34 79 98 70 46 60 17 15 73 12 10 20 66 71 13 100 28 63 56 82 91 63 38 95 67 35 99 61 100 22 98 34 83 87 35 86 70 13 93 11 96 20 21 60 63 75 44 65 36 53 55 28 57 40 39 59 37 63 57 84 83 42 31 15 55 98 84 72
3 5 5 0 5 3 5 6 0 2 6 5 5 6 0 6 6 6 6 0 0 0 0 0 5 0 6 0 0 5 3 0 2 4 6 0 6 4 5 5 5 0 6 6 5 6 0 3 5 4 0 5 5 0 5 6 5 0 0 5 0 0 6 0 5 5 0 0 0 4 0 0 5 6 5 6 6 5 6 2 6 5 5 5 0 6 0 0 6 0 5 5 5 5 5 5 0 0 2 0 2 4 0 3 5 6 0 5 6 0 4 5 5 0 5 0 5 6 5 0 3 5 0 5 5 5 4 4 6 0 6 5 5 3 0 5 0 5 0 6 6 5 5 6 5 5 6 0 0 0 5 5 0 6 5 3 0 4 6 5 3 0 6 3 5 5 5 6 0 0 6 0 0 0 0 5 5 0 0 6 3 0 3 0 5 0 0 0 6 5 5 0 0 4 0 0 0 0 0 5 5 5 3 0 0 0 5 0 5 0 6 5 0 4 3 0 0 2 0 0 5 3 5 0 3 6 5
51 56 40 22 42 20 48
4 35 73 57 48 73 89
69 2 54 72 21 45 87
55 21 7 73 170 24 54
71 54 76 2 28 35 51
114 75 47 79 2 128 97
38 54 94 23 47 7 31
85 80 157 39 68 47 4
