237 4 9
59 44 98 88 62 88 35 27 34 25 87 43 66 44 93 90 81 88 77 61 54 38 12 89 39 58 53 55 89 52 62 77 29 33 62 53 19 69 64 26 25 89 86 14 28 62 37 12 81 12 77 99 40 48 84 93 87 63 84 100 71 89 98 50 34 81 33 77 69 64 14 41 94 92 48 12 39 82 78 81 42 37 92 34 23 88 87 36 72 32 55 98 95 15 84 34 72 21 10 64 57 60 57 30 67 89 94 23 37 78 18 31 10 98 66 19 48 11 56 66 92 18 14 22 55 41 29 14 46 51 93 87 63 96 74 43 32 18 21 19 32 49 44 25 28 62 59 22 54 44 86 35 68 18 33 16 13 72 34 37 97 83 57 24 58 42 14 59 26 44 93 95 40 98 63 99 60 91 17 61 80 17 98 12 63 95 21 34 35 34 75 72 29 29 87 50 93 54 38 55 13 39 44 63 35 65 16 41 74 78 27 64 64 30 46 83 32 44 51 26 48 31 84 86 37 94 55 83 14 38 75 92 46 69 90 87 76
8 2 8 8 2 1 1 2 0 1 1 1 1 0 8 7 1 2 6 2 8 2 8 5 8 8 7 2 8 8 2 2 8 8 1 0 1 1 0 2 0 1 1 2 6 2 0 8 1 6 1 1 1 8 6 1 6 1 8 2 6 6 6 2 1 6 1 1 8 6 0 6 0 0 3 0 1 2 0 8 8 1 8 1 2 8 1 2 8 6 1 0 0 1 8 1 8 2 2 8 6 2 8 8 6 2 2 0 1 1 2 0 6 7 1 3 1 6 1 6 8 3 1 6 1 2 3 1 5 8 3 2 1 1 1 8 6 2 2 6 1 8 0 1 1 7 6 6 2 7 5 8 2 7 1 2 8 2 1 8 2 2 7 7 3 2 2 2 8 1 8 1 1 1 2 7 6 5 1 8 6 1 7 0 1 1 6 2 2 7 0 1 5 6 6 1 1 2 2 2 8 7 3 8 1 1 1 2 2 3 2 5 1 1 8 3 3 1 7 1 7 6 8 6 8 0 2 6 8 1 1 7 7 6 0 1 2
36 54 21 54 49 60 23 51 35
0 128 35 87 49 30 47 29 39
151 2 90 154 55 58 78 145 116
83 72 4 64 97 78 52 166 41
79 72 36 7 103 61 32 55 45
31 123 139 76 7 88 48 57 72
35 88 20 35 78 3 58 109 35
127 62 61 23 84 23 8 31 173
24 66 88 157 76 65 29 5 23
69 81 42 81 80 80 38 144 7
