183 6 6
53 86 65 68 22 54 93 39 60 72 93 91 33 20 41 66 16 79 77 61 78 54 65 49 26 23 47 37 78 90 57 75 39 58 89 38 17 35 68 41 63 21 95 23 43 38 51 28 69 68 95 55 14 75 15 56 59 14 26 80 23 13 15 12 25 13 82 94 77 58 22 16 18 41 14 15 41 85 79 73 63 10 43 80 79 78 74 15 64 16 62 78 36 16 33 75 77 75 14 93 62 13 34 40 96 60 68 86 47 48 26 87 36 90 89 14 58 80 52 21 61 76 84 26 94 55 32 77 73 11 13 92 93 74 25 72 94 15 68 24 47 67 18 22 67 77 92 100 74 78 27 70 77 30 68 16 62 87 21 87 68 95 20 73 89 17 22 83 40 43 14 78 36 74 82 47 85 38 71 94 75 67 49
2 3 2 5 1 0 1 1 2 2 2 2 4 2 4 4 3 1 3 5 2 4 2 3 2 3 2 4 2 2 1 2 2 2 2 4 5 4 4 4 2 4 1 2 2 2 4 1 4 4 2 3 2 2 2 2 2 4 1 3 2 1 2 3 4 2 2 3 4 0 3 2 4 1 2 2 2 1 2 4 3 3 2 1 2 2 2 2 2 2 3 3 2 2 3 2 4 3 3 3 2 4 2 2 2 1 2 1 4 2 2 2 2 1 2 4 3 2 2 0 1 2 4 4 0 2 1 4 2 2 1 2 2 1 2 3 3 2 3 2 3 4 2 5 4 1 1 2 2 2 3 2 2 3 2 2 2 3 2 1 2 4 3 0 5 3 3 2 3 4 2 4 1 2 3 4 3 1 3 4 3 2 2
52 28 44 49 42 37
6 106 59 49 151 142
21 0 38 131 86 60
165 27 6 48 38 28
47 85 49 2 45 114
30 21 79 86 6 67
196 103 29 78 47 1
