224 6 8
62 30 57 45 88 17 84 58 40 30 13 95 42 58 36 56 20 92 71 63 24 43 22 63 65 80 35 65 82 73 14 22 75 49 89 62 31 30 85 88 98 53 95 25 45 21 68 35 20 86 71 39 36 94 26 37 67 16 47 48 36 20 12 94 39 98 14 97 18 95 85 86 83 90 98 56 31 64 40 23 22 56 74 53 22 74 78 24 42 96 87 61 88 89 40 75 53 50 96 25 38 39 42 99 86 18 22 16 38 78 77 46 29 44 90 14 91 86 57 43 79 75 22 51 61 78 96 73 35 25 44 80 57 55 60 77 47 90 76 83 42 70 15 16 43 24 100 49 29 14 39 22 88 31 41 28 24 91 59 45 56 52 32 45 41 41 59 50 35 50 84 88 33 91 23 56 36 86 21 58 46 29 46 67 19 58 23 57 68 17 98 21 59 57 17 50 59 18 82 83 77 35 50 66 81 77 43 53 27 54 34 73 75 12 43 57 58 28 83 26 14 54 95 25
6 5 2 4 4 4 5 6 6 7 5 6 7 7 4 6 2 7 3 4 5 6 2 5 7 2 7 5 6 4 6 4 5 4 2 4 4 5 6 7 4 6 5 4 4 4 6 4 6 6 4 6 6 7 4 4 2 7 5 4 5 6 4 6 2 4 6 7 4 4 6 6 4 4 6 6 4 2 6 6 4 7 2 4 4 5 2 7 4 2 2 4 6 4 2 6 4 2 4 6 4 2 4 6 4 5 4 6 0 7 7 1 7 2 7 2 7 6 6 2 4 4 4 6 2 4 6 3 2 4 7 1 6 4 6 4 7 7 2 2 7 2 2 7 3 6 6 3 2 5 6 5 4 2 2 4 6 5 2 1 6 7 6 3 6 7 6 2 4 7 6 1 4 4 4 6 7 2 5 4 4 2 0 6 2 7 7 2 5 2 4 4 4 4 2 4 4 4 7 4 4 6 1 3 7 2 4 3 2 6 4 6 4 4 6 4 2 7 2 4 4 0 7 2
37 18 57 40 37 49 41 49
5 80 24 84 22 144 29 42
73 5 29 77 27 118 53 34
30 59 5 21 53 32 61 98
185 137 36 7 32 38 75 85
31 41 85 59 4 64 36 26
30 33 74 35 47 3 61 25
63 77 22 113 130 45 1 70
88 87 35 48 138 20 21 3
