197 7 7
35 45 39 97 49 83 26 28 24 28 23 72 80 94 46 85 86 86 79 79 77 48 51 25 71 81 11 67 49 58 63 37 99 30 17 29 73 71 34 72 24 37 36 37 67 42 37 30 88 47 40 91 35 31 29 71 54 32 37 33 47 37 11 43 62 91 78 23 93 46 71 47 79 66 67 42 71 82 41 83 61 32 30 27 34 10 40 14 61 53 89 73 29 31 34 80 64 97 14 53 82 79 82 99 74 52 96 49 55 60 49 56 97 67 67 84 26 10 21 36 77 74 13 83 82 70 91 10 71 39 42 24 69 34 69 69 64 10 76 96 38 27 25 58 18 31 88 32 88 39 100 88 42 53 98 14 79 92 45 30 59 20 48 48 55 95 54 94 51 49 23 53 51 23 62 68 21 55 78 82 40 90 77 48 88 41 100 13 69 90 67 98 63 89 64 32 81
3 0 0 3 3 0 3 6 4 6 6 4 0 4 2 4 6 3 1 4 3 1 6 3 2 0 1 3 3 3 3 3 5 0 0 3 0 0 0 0 4 6 2 4 3 3 3 0 1 3 6 0 3 3 3 3 3 3 3 3 0 3 4 3 0 3 4 6 3 4 0 3 0 3 0 4 0 4 0 4 6 6 3 4 3 3 3 0 0 4 3 0 0 6 0 0 3 4 3 4 3 3 0 2 4 0 1 3 0 3 3 4 2 3 3 3 4 3 2 4 3 6 0 3 0 6 0 3 2 6 4 4 4 0 3 0 3 6 0 3 3 3 3 3 3 6 6 6 3 0 4 0 0 1 4 3 6 4 4 2 3 4 3 6 4 3 6 0 2 3 0 6 3 3 3 3 0 0 3 0 3 3 0 3 3 3 4 3 3 3 3 3 4 3 4 3 0
22 51 25 47 33 49 31
6 109 39 154 28 40 21
60 5 41 68 73 64 85
78 82 2 64 84 54 51
63 81 167 1 20 52 57
74 70 36 152 6 163 57
30 88 31 73 28 3 65
79 57 162 71 174 38 4
