169 8 6
51 16 99 52 84 23 12 72 15 94 54 55 92 12 56 46 96 20 34 56 56 91 44 73 70 59 22 26 71 69 31 45 49 61 19 69 60 85 25 76 80 90 34 97 68 28 64 54 43 53 25 12 91 17 30 69 66 49 69 58 92 82 62 31 71 100 99 60 84 37 14 100 62 38 91 79 15 17 45 53 71 74 23 75 86 65 87 82 71 100 47 85 33 92 74 64 31 72 73 16 83 10 33 71 60 76 11 11 47 95 15 71 24 80 37 38 70 23 25 34 15 54 13 11 50 21 12 65 29 86 90 26 86 40 37 95 42 95 65 53 97 29 26 21 19 57 30 72 93 60 41 69 65 54 79 48 17 60 69 92 67 14 54 31 15 34 34 44 17
1 1 0 2 1 0 0 5 1 1 0 1 2 0 1 0 0 0 0 0 0 0 1 1 2 0 1 0 0 0 0 0 1 0 0 1 0 0 1 1 1 0 0 2 0 0 2 0 1 1 1 0 1 1 1 1 1 1 1 0 0 0 1 1 1 1 1 1 1 2 1 0 1 0 1 0 1 0 1 0 0 0 0 1 0 1 1 0 1 1 0 1 1 0 1 3 0 0 1 0 0 1 0 0 1 1 0 1 0 0 1 1 1 0 1 1 1 0 2 0 0 2 4 0 1 0 0 0 0 3 1 0 0 0 0 0 1 0 0 0 1 0 0 1 1 0 0 0 1 0 0 2 1 0 0 1 1 1 1 1 0 1 1 1 0 1 0 0 0
22 33 54 53 28 50
0 65 65 142 171 65
76 2 67 142 84 39
85 71 1 42 72 50
67 32 36 4 38 41
43 80 108 23 8 51
77 45 70 88 55 7
