208 4 9
64 95 11 14 59 58 63 89 17 95 70 40 94 41 41 14 43 39 61 21 84 89 46 42 77 51 26 20 71 80 89 43 43 15 20 43 98 28 17 18 82 40 28 100 47 58 97 35 45 12 92 10 63 69 51 79 25 61 47 67 86 95 64 77 26 51 19 78 52 78 28 33 60 63 75 28 49 22 92 37 37 73 97 55 48 11 84 10 39 73 74 70 95 53 66 25 85 23 69 18 83 34 49 91 20 23 61 24 19 51 97 16 30 42 87 25 30 17 44 10 93 10 62 31 19 28 10 48 89 43 24 32 59 46 97 53 94 30 100 38 45 98 80 46 10 92 46 36 96 48 28 44 10 24 21 29 14 14 82 37 56 100 60 26 77 95 100 58 29 70 23 28 85 80 87 99 94 14 28 41 75 97 12 94 98 22 30 33 35 83 19 67 100 77 78 97 63 13 96 94 71 64 39 20 51 83 70 50
8 8 2 2 8 7 0 7 1 2 0 7 2 1 7 7 0 6 7 2 8 7 2 7 8 7 1 1 8 2 7 2 3 2 8 7 7 7 2 7 7 1 1 2 8 1 1 2 2 2 1 1 8 7 1 3 2 8 2 1 7 7 1 7 7 7 7 8 7 7 1 1 2 2 7 2 8 7 7 1 1 2 2 2 8 2 0 1 7 1 8 7 7 1 1 1 8 6 1 7 6 8 1 2 2 7 7 2 7 8 2 1 2 8 1 2 7 1 6 0 1 7 7 2 1 2 7 1 4 2 8 8 2 2 6 2 7 8 1 2 2 6 1 1 7 7 2 2 2 7 7 8 7 8 7 6 1 8 7 1 8 2 2 8 6 1 2 7 1 7 2 7 1 1 7 3 0 7 2 8 7 7 7 2 6 5 7 1 2 8 8 8 1 6 7 8 7 1 1 2 1 6 8 1 7 7 8 1
31 18 26 35 48 49 16 45 59
4 67 54 65 27 26 72 28 67
39 2 86 156 146 44 76 57 55
57 106 7 40 135 119 66 32 46
85 59 52 3 81 77 40 62 77
105 73 33 62 4 33 42 56 61
57 68 21 42 59 0 75 82 23
83 33 89 64 75 128 8 40 70
39 87 56 73 52 81 65 0 20
144 41 72 38 159 73 40 25 4
