60 0 1 8 13 14 15 17 21 23 25 27 31 33 35 49 50 52 54 58 59 60 63 67 72 75 91 92 94 96 100 102 107 110 112 117 119 122 124 135 142 152 153 158 164 181 182 191 192 195 201 202 206 207 214 217 231 237 64 120 154
59 6 11 12 20 22 37 40 43 65 71 78 81 83 85 86 95 97 111 113 133 137 144 145 151 156 157 162 165 171 172 175 180 187 188 189 190 196 198 203 204 209 210 215 216 218 224 226 227 234 235 240 57 61 68 73 149 161 186 222
55 4 10 19 24 28 30 39 41 46 48 51 66 69 70 79 109 118 125 126 128 139 141 147 148 166 168 178 179 193 197 223 228 5 7 9 32 56 62 76 77 82 104 121 123 150 163 167 169 173 176 183 194 225 232 239
52 2 18 26 36 44 47 53 74 87 90 101 103 105 108 116 129 155 159 160 170 174 177 185 199 200 211 213 221 229 238 29 38 45 55 80 84 93 98 114 115 127 130 131 134 138 143 146 208 220 230 233 236
16 3 16 34 42 88 89 99 106 132 136 140 184 205 212 219 241
0
0
0
0
0
