23 20
23 19
22 19
21 19
19 19
17 19
16 19
15 19
14 19
13 18
12 17
11 17
10 17
9 17
6 15
5 15
4 14
4 13
3 13
2 12
1 11
1 10
1 9
1 8
1 7
1 6
1 5
1 4
1 2
1 1
0 0
0 2
0 3
0 4
0 5
0 6
0 7
0 8
0 9
0 10
0 11
0 12
0 14
0 15
0 16
0 17
0 18
0 19
0 20
0 21
1 0
1 13
1 14
1 15
1 16
1 17
1 18
1 19
1 20
1 21
2 0
2 2
2 3
2 4
2 5
2 6
2 7
2 8
2 9
2 10
2 11
2 14
2 15
2 16
2 17
2 18
2 19
2 20
2 21
3 0
3 1
3 2
3 3
3 4
3 5
3 6
3 7
3 8
3 9
3 10
3 12
3 14
3 15
3 16
3 17
3 18
3 19
3 20
3 21
4 0
4 1
4 2
4 3
4 4
4 5
4 6
4 7
4 8
