25 18
25 17
25 16
25 15
25 14
25 13
25 12
25 10
25 8
25 7
24 5
23 5
21 5
19 6
18 6
17 6
16 6
15 6
13 6
12 5
11 4
11 3
10 3
9 2
9 1
8 1
7 1
6 1
5 1
4 1
3 1
0 0
0 1
0 2
0 3
0 4
0 5
0 6
0 7
0 8
0 9
0 10
0 11
0 13
0 14
0 15
0 17
0 18
0 19
1 0
1 1
1 2
1 3
1 4
1 5
1 6
1 7
1 8
1 9
1 10
1 11
1 12
1 13
1 14
1 15
1 17
1 18
1 19
2 0
2 2
2 3
2 4
2 5
2 6
2 7
2 8
2 9
2 10
2 11
2 12
2 13
2 15
2 16
2 17
2 18
3 0
3 2
3 3
3 4
3 5
3 6
3 7
3 8
3 9
3 10
3 11
3 12
3 13
3 14
3 15
3 17
3 18
3 19
4 0
4 2
4 3
4 4
4 5
4 6
4 7
4 8
4 9
4 10
4 12
4 13
4 14
4 16
4 17
4 18
4 19
5 0
