27 22
26 22
25 22
23 22
22 21
22 20
21 20
20 20
19 18
19 17
19 15
18 14
18 13
16 13
14 13
13 13
12 13
11 10
11 9
11 8
10 7
9 7
7 6
6 6
5 5
5 4
4 4
3 4
2 4
1 3
0 0
0 1
0 2
0 3
0 4
0 5
0 6
0 7
0 8
0 9
0 10
0 11
0 12
0 13
0 15
0 16
0 17
0 18
0 20
0 21
0 22
1 0
1 1
1 5
1 6
1 7
1 8
1 9
1 10
1 11
1 12
1 13
1 14
1 15
1 16
1 17
1 18
1 19
1 20
1 21
1 22
2 1
2 2
2 3
2 5
2 6
2 7
2 8
2 9
2 10
2 11
2 12
2 13
2 14
2 15
2 16
2 17
2 18
2 19
2 20
2 22
3 0
3 1
3 2
3 3
3 5
3 6
3 7
3 8
3 9
3 10
3 11
3 13
3 14
3 15
3 16
3 17
3 18
3 19
3 20
3 21
3 22
4 1
4 2
4 3
4 5
4 6
4 8
4 9
4 10
4 11
4 12
4 13
4 18
4 19
4 20
4 21
4 22
5 0
5 1
5 2
5 3
5 7
5 8
5 10
5 11
5 12
5 13
5 15
5 17
5 18
5 20
5 21
5 22
6 0
6 2
6 3
6 4
6 5
6 7
6 9
6 10
6 11
6 12
6 13
6 14
6 15
6 16
6 17
6 18
6 19
6 20
6 21
6 22
7 0
7 1
7 2
7 3
7 4
7 5
7 8
7 9
7 10
7 11
7 12
7 13
7 14
7 15
7 16
7 18
7 19
7 20
7 22
8 1
8 2
8 3
8 4
8 6
8 8
8 9
8 11
8 12
8 14
8 16
8 17
