29 21
29 20
29 19
28 19
27 19
26 18
26 17
26 16
26 15
25 14
24 14
23 14
22 14
21 14
20 14
17 13
16 13
15 13
14 13
13 13
11 12
11 11
11 10
11 8
11 7
11 6
11 5
11 4
11 3
11 2
11 1
10 1
9 1
8 1
7 1
6 1
4 1
3 1
2 1
0 0
0 1
0 2
0 3
0 4
0 5
0 6
0 7
0 8
0 9
0 10
0 11
0 12
0 13
0 14
0 16
0 17
0 18
0 19
0 20
0 21
0 22
0 24
1 0
1 2
1 3
1 4
1 5
1 6
1 7
1 8
1 9
1 10
1 11
1 12
1 13
1 14
1 15
1 16
1 17
1 18
1 19
1 20
1 21
1 22
1 23
1 24
2 0
2 2
2 3
2 4
2 5
2 6
2 7
2 8
2 9
2 10
2 11
2 12
2 13
2 14
2 15
2 16
2 17
2 18
2 19
2 20
2 21
2 23
2 24
3 2
3 3
3 4
3 5
3 6
3 7
3 8
3 9
3 10
3 11
3 12
3 13
3 14
3 15
3 16
3 18
3 19
3 20
3 21
3 22
3 23
3 24
4 0
4 2
4 3
4 4
4 5
4 6
4 7
4 8
4 9
4 10
4 11
4 13
4 14
4 15
4 16
4 17
4 18
4 19
4 20
4 21
4 22
4 23
4 24
5 0
5 2
5 3
5 4
5 5
5 6
5 7
5 8
5 9
5 10
5 11
5 12
5 13
5 14
5 15
5 16
5 17
5 18
5 19
5 20
5 21
5 22
5 23
5 24
6 0
6 2
6 3
6 4
6 5
6 6
6 7
6 8
6 9
6 10
6 12
6 13
6 14
6 15
6 16
6 17
6 18
6 19
6 20
6 21
6 22
6 23
7 0
7 2
7 3
7 4
7 5
7 6
7 7
7 8
7 9
7 10
7 11
7 12
7 13
7 15
7 16
7 17
7 18
7 19
7 20
7 21
7 22
7 23
7 24
