7 9
16 9
23 15
9 14
15 8
14 6
20 19
8 17
1 1
15 16
12 17
20 17
14 0
17 4
10 8
26 17
20 10
13 17
7 7
9 15
2 5
27 13
10 17
14 17
16 3
3 6
10 6
2 2
10 9
7 8
22 12
8 5
15 15
6 1
19 13
10 7
14 11
3 4
22 11
17 11
17 10
11 4
17 14
19 12
8 16
10 16
13 13
9 9
15 13
24 10
15 0
25 17
14 2
5 4
5 5
27 12
26 13
27 11
14 1
2 4
20 11
22 19
20 18
13 5
13 12
21 11
13 4
5 7
1 0
24 17
12 6
4 7
16 11
14 8
23 18
11 16
16 5
6 4
6 3
24 11
13 11
9 4
15 6
3 2
10 13
17 3
16 0
1 2
2 6
20 15
16 2
24 15
23 12
12 13
5 6
19 14
9 17
20 12
9 3
3 7
15 14
4 15
24 14
18 14
17 9
8 6
3 3
22 14
24 12
26 11
11 13
10 14
8 3
21 19
17 5
0 6
14 4
