12 7
13 10
4 2
18 17
18 9
15 15
16 10
13 15
18 18
2 4
8 8
15 13
13 13
22 12
20 10
6 10
19 18
9 7
23 10
21 5
23 11
13 7
14 5
12 12
4 1
18 10
15 3
21 12
0 18
8 2
1 2
22 4
1 4
24 9
17 14
17 8
7 4
24 17
0 11
11 2
24 8
12 1
1 0
10 4
21 8
6 1
7 10
15 16
24 7
3 2
6 7
20 11
7 5
14 10
18 14
13 2
17 10
23 6
6 8
3 3
5 10
5 8
11 7
11 1
16 11
15 8
8 3
5 9
14 2
21 4
12 11
20 7
1 3
13 16
20 15
10 3
13 17
7 9
19 9
15 7
20 18
3 4
7 1
20 9
23 16
11 5
8 1
20 12
15 4
9 8
14 11
15 14
25 18
18 16
10 2
24 6
6 6
12 10
17 7
20 17
1 1
13 12
23 5
9 4
23 12
13 14
13 1
17 3
9 6
25 17
5 1
13 5
18 15
14 17
23 9
22 16
20 6
