1 17
14 7
10 17
22 21
15 4
18 6
17 9
23 19
9 1
9 2
20 9
22 14
17 5
24 20
10 20
19 12
22 16
21 18
23 11
7 7
6 3
7 15
20 7
8 15
3 1
3 12
25 20
5 7
5 18
20 2
18 19
1 5
18 20
20 15
2 15
0 5
10 14
9 9
4 23
23 12
4 4
16 22
11 12
0 3
21 8
7 13
6 7
2 12
22 13
2 16
19 3
25 5
18 12
18 13
20 19
19 19
3 21
11 3
20 18
10 8
14 12
20 14
14 9
10 16
3 14
18 0
14 13
6 15
11 5
13 10
9 19
4 8
6 5
7 19
10 4
16 0
0 12
10 12
3 15
13 9
0 17
15 12
11 2
23 20
25 13
20 22
0 18
18 22
13 13
17 0
13 18
24 22
4 10
17 20
18 17
2 3
4 13
8 14
0 11
24 18
18 23
5 21
8 22
16 3
16 18
25 19
18 16
10 1
24 17
9 22
7 11
1 21
13 3
17 22
2 8
7 18
14 1
21 21
6 11
1 12
9 4
14 20
5 2
4 9
5 1
6 4
10 15
0 21
21 11
20 12
2 21
20 23
20 11
3 23
16 17
5 5
16 20
5 23
10 11
18 9
0 19
14 2
1 3
7 12
10 5
1 16
5 20
16 8
6 2
19 14
19 1
20 21
3 3
12 11
12 12
23 13
25 18
12 5
6 18
19 7
2 7
15 20
11 1
25 24
11 0
22 19
4 1
2 1
13 5
16 10
12 16
13 11
12 14
1 9
18 14
18 3
9 11
23 7
9 17
1 10
16 5
22 24
25 23
0 4
10 7
0 10
17 3
7 6
6 14
3 13
5 19
21 7
19 24
15 18
0 20
6 13
20 16
16 9
12 15
19 9
9 10
20 1
3 11
13 14
15 1
21 9
