15 6
19 12
5 0
18 7
4 8
19 10
4 3
13 18
18 20
10 6
15 18
20 7
5 1
19 4
20 13
11 13
18 12
20 14
16 20
3 5
2 5
12 13
9 19
3 7
15 7
15 12
15 19
3 3
5 3
1 1
15 20
9 2
8 11
10 1
4 0
1 10
2 8
13 19
9 17
7 6
14 8
17 9
2 7
20 16
7 19
5 12
20 5
21 14
6 3
8 8
7 11
17 18
18 9
11 1
4 7
10 10
20 9
15 17
2 9
14 2
3 0
19 18
13 6
10 15
19 16
18 4
17 16
8 19
8 9
10 16
16 4
15 10
10 5
5 11
15 2
14 6
6 12
7 18
18 5
5 8
19 17
13 20
21 15
15 11
18 10
20 10
13 9
9 3
16 3
3 12
8 17
4 11
7 17
19 20
20 6
2 12
9 5
17 20
6 2
3 18
8 7
1 2
13 15
10 13
21 16
7 5
17 14
6 9
12 1
15 8
17 12
18 18
15 15
19 13
