1 0
2 0
2 1
2 2
1 2
0 2
0 3
0 4
1 4
1 5
1 6
0 6
0 7
0 8
0 9
0 10
0 11
0 12
0 13
1 13
2 13
2 12
2 11
2 10
2 9
2 8
2 7
3 7
3 6
3 5
3 4
3 3
4 3
4 2
4 1
5 1
6 1
6 0
7 0
8 0
8 1
9 1
9 2
10 2
11 2
11 1
11 0
12 0
13 0
14 0
14 1
14 2
13 2
13 3
13 4
12 4
11 4
10 4
10 5
8 5
8 4
8 3
6 3
6 4
5 4
5 5
5 6
6 6
7 7
8 7
8 8
7 9
6 9
6 8
5 8
4 8
4 9
4 10
5 11
5 12
7 12
7 11
8 11
9 11
9 10
10 10
10 9
10 8
10 7
11 7
12 7
13 7
13 8
14 8
15 8
16 7
17 7
19 6
20 6
22 6
22 7
23 7
24 7
25 7
25 8
25 9
25 10
26 10
26 11
26 12
26 13
26 14
26 15
26 16
26 17
0 18
2 15
