14 25
6 12
19 7
6 10
11 4
10 27
14 11
15 26
16 26
12 11
1 5
13 22
15 10
11 8
17 6
18 28
20 26
0 28
14 28
7 25
16 22
7 0
20 17
13 9
20 25
5 12
13 24
19 19
14 12
19 8
5 4
11 6
13 13
20 23
13 23
19 20
3 15
12 4
18 22
7 24
19 6
16 12
6 7
3 17
10 11
2 5
18 3
1 1
12 6
3 10
8 24
6 11
19 26
9 10
19 5
9 26
19 22
4 17
20 21
18 15
15 14
20 28
15 25
13 8
12 27
14 27
20 22
18 20
3 3
17 29
11 27
16 9
12 5
1 6
7 29
5 13
2 8
3 12
14 29
7 26
9 11
8 26
19 9
9 4
15 7
15 13
9 2
4 5
17 9
17 22
10 23
18 26
11 9
17 2
11 22
5 14
5 5
3 11
16 7
20 24
5 7
18 12
14 8
7 7
3 2
7 2
5 16
0 8
2 10
9 9
5 17
10 9
2 4
7 8
0 6
15 9
19 16
16 20
6 3
16 21
13 14
13 27
11 7
16 29
12 22
7 9
17 5
16 17
18 13
17 26
0 7
8 15
2 2
15 11
17 20
3 4
10 24
19 28
18 16
13 10
11 11
5 15
