26 25
26 27
13 13
5 5
14 11
24 1
27 19
25 18
24 0
28 28
21 15
17 27
18 15
16 10
0 25
2 11
9 6
23 24
10 16
11 5
22 16
8 7
17 25
8 9
19 25
7 7
12 24
5 14
21 9
28 21
2 5
12 7
7 29
17 26
0 12
3 21
8 27
3 16
26 14
2 16
14 26
23 29
23 23
7 8
24 26
20 27
21 14
12 6
16 28
18 13
0 4
0 17
3 8
0 19
20 15
22 22
4 6
14 24
22 27
14 17
9 8
2 13
0 3
17 6
22 9
16 12
6 13
1 26
7 25
1 22
6 4
10 26
26 18
4 7
0 11
22 14
20 9
1 9
12 14
2 4
24 6
21 5
20 23
1 12
13 12
28 19
2 19
8 17
12 11
27 11
0 10
3 2
25 2
23 4
1 2
18 23
19 17
5 28
1 25
22 0
15 5
2 8
5 23
2 20
22 24
23 3
0 5
2 3
12 9
23 0
20 26
27 14
18 28
9 21
14 22
13 14
20 2
3 23
27 25
16 27
2 14
20 11
18 21
22 3
16 18
27 7
24 4
1 17
26 10
4 15
17 12
7 21
6 1
28 27
24 29
22 7
14 1
1 0
9 1
7 2
16 19
8 18
26 21
7 27
14 21
27 12
20 1
3 11
6 16
25 26
4 11
5 15
24 13
1 19
22 26
19 28
2 6
22 11
15 3
13 16
8 28
22 18
8 16
4 5
17 4
19 23
13 9
12 22
7 16
7 1
27 21
27 27
9 10
8 6
23 5
14 16
26 19
15 21
20 3
6 17
11 0
18 9
27 6
25 10
12 3
25 25
18 11
14 15
9 18
27 13
18 29
0 18
10 27
16 29
11 12
17 3
12 8
6 14
13 20
9 19
11 27
16 20
17 29
15 20
0 23
4 19
18 25
21 23
25 21
1 5
5 29
13 24
11 11
10 15
23 9
21 26
11 22
23 16
18 24
25 5
4 2
23 8
13 11
4 12
3 14
19 13
13 26
22 29
5 12
7 26
20 28
21 20
8 2
25 13
18 17
21 19
22 13
28 20
10 11
27 10
25 14
22 1
14 25
18 18
25 23
16 3
21 1
24 16
13 1
17 5
