25 18
18 19
24 19
25 20
17 20
12 14
27 3
20 18
17 22
9 16
2 5
18 2
13 18
3 9
13 13
14 8
13 12
9 9
22 20
9 10
16 20
18 18
1 8
8 6
26 3
19 10
25 17
15 4
22 12
9 18
23 1
11 5
26 18
15 21
16 13
28 14
1 6
23 6
27 10
21 22
23 8
1 7
3 8
23 0
21 5
9 19
6 11
12 22
5 7
28 13
16 7
24 17
2 10
8 19
10 3
26 9
16 17
28 12
27 15
21 2
9 8
15 8
9 2
7 8
3 7
2 20
27 2
20 16
6 4
2 6
7 11
17 0
22 18
25 6
21 12
22 19
20 21
7 20
15 16
6 12
10 16
14 20
12 15
4 5
7 10
27 12
20 17
15 22
24 0
24 20
20 5
8 20
26 1
21 21
25 13
13 20
16 22
6 17
13 1
11 16
16 19
27 22
18 3
5 8
14 5
8 17
12 11
14 9
6 19
23 7
7 4
8 2
17 11
14 7
8 16
17 10
1 3
26 15
2 16
2 4
22 8
12 1
15 5
18 1
25 14
26 22
19 5
5 4
16 18
7 13
5 3
23 16
14 3
14 21
13 9
27 1
3 10
20 20
27 14
8 4
12 9
26 20
19 12
15 15
26 4
18 10
23 13
1 9
1 10
25 0
10 7
22 16
10 8
5 2
6 2
14 1
15 3
23 2
18 16
6 20
21 8
27 8
16 0
6 18
20 12
28 10
6 13
23 22
25 5
19 11
17 6
24 6
23 15
16 8
12 7
11 4
25 15
17 12
13 2
13 11
27 0
17 21
13 14
10 13
28 8
25 10
26 12
7 2
21 18
13 5
23 14
25 22
26 8
12 8
15 1
