1 9
13 7
9 12
5 8
3 16
15 11
4 19
8 20
8 1
9 25
6 8
7 25
7 5
3 6
3 2
11 21
2 11
10 18
14 19
8 5
19 23
19 26
12 9
13 23
10 5
15 8
1 14
9 8
3 5
9 10
2 10
5 16
2 5
13 24
5 7
0 1
11 14
3 7
13 14
15 10
7 22
3 11
16 5
12 21
11 25
13 0
16 4
4 16
12 14
8 13
7 18
15 18
18 12
5 19
5 23
11 19
3 17
7 13
8 6
14 1
16 27
18 10
18 5
18 23
5 3
19 5
8 25
7 20
7 21
1 13
10 8
12 5
19 4
15 13
1 4
4 25
4 11
15 2
18 21
16 28
19 22
9 16
17 7
2 14
14 7
16 12
16 7
6 22
13 11
11 9
5 18
11 5
9 9
6 13
17 26
15 19
17 22
18 19
7 7
10 26
19 3
3 14
0 2
17 28
10 10
0 9
4 0
14 22
12 7
6 18
6 10
17 6
3 3
3 19
14 11
9 17
9 3
11 12
11 24
18 11
17 19
17 10
6 4
7 1
16 24
12 4
5 25
0 3
12 19
4 24
19 0
12 20
5 10
9 21
18 6
1 3
5 1
2 4
0 11
14 4
9 26
14 14
11 13
4 14
14 3
3 1
14 27
0 12
10 7
14 8
14 26
15 27
6 2
11 18
