22 20
18 13
26 26
25 12
2 16
14 5
21 21
23 22
23 19
20 19
19 25
24 10
15 0
15 10
14 12
10 13
14 17
14 25
6 11
7 13
19 24
12 3
8 2
2 14
3 28
0 8
7 6
22 10
1 5
0 2
10 23
22 17
6 17
0 9
5 5
13 3
2 6
26 24
22 24
26 10
26 6
21 24
25 22
1 27
1 25
11 9
16 25
3 22
8 1
20 12
19 22
13 5
11 3
10 20
14 26
14 23
23 23
0 10
14 21
9 7
8 19
1 15
4 12
8 0
9 18
11 24
16 3
7 20
25 16
19 14
6 5
21 14
5 28
14 13
4 18
2 17
22 11
12 24
20 21
16 17
2 28
12 10
7 5
9 8
15 21
8 12
18 8
14 7
1 8
21 11
9 4
12 23
7 9
9 5
1 14
15 6
2 27
1 10
23 4
24 9
11 5
7 16
3 18
23 17
22 19
7 7
12 21
14 0
22 13
15 3
13 15
8 16
7 10
5 17
8 9
5 27
16 23
7 21
4 5
10 0
5 3
21 12
4 28
9 9
4 4
9 17
3 14
13 21
16 15
16 22
23 9
0 3
22 9
20 2
10 3
16 16
0 26
4 13
24 13
8 13
6 13
9 16
3 23
8 22
16 1
10 24
10 21
9 3
15 18
25 18
1 16
24 19
26 12
25 10
17 3
7 2
21 4
21 17
3 0
2 7
6 25
14 1
16 13
23 13
17 11
4 3
8 24
19 11
14 3
1 23
5 20
3 17
17 12
6 2
18 15
13 1
6 12
26 11
0 27
8 20
18 4
8 23
22 14
14 10
8 25
9 23
0 25
8 7
0 0
12 5
5 25
0 4
3 10
14 9
25 26
1 6
11 16
16 0
25 17
11 15
13 16
6 3
18 14
13 10
20 22
26 25
9 0
12 18
17 2
15 5
16 26
11 13
24 18
16 18
20 25
15 26
13 7
24 16
4 22
5 26
