14 21
27 22
16 10
25 16
20 19
6 2
9 10
14 15
18 21
9 18
4 3
24 8
16 17
7 8
17 20
18 17
15 19
14 14
16 16
12 13
16 12
0 6
11 15
7 9
26 18
15 13
24 17
22 18
8 10
15 21
23 21
26 1
5 11
3 4
4 4
7 5
1 11
6 12
6 18
4 20
12 7
5 20
9 4
4 19
21 22
19 14
15 16
9 12
22 20
15 14
7 16
14 10
8 20
4 16
6 20
4 10
20 16
6 16
6 1
25 20
4 18
9 2
20 15
14 16
6 7
9 16
5 12
23 20
9 17
3 9
7 13
3 15
8 12
2 6
12 18
18 15
9 15
6 0
1 6
6 3
18 10
19 13
2 8
2 13
18 19
20 18
25 22
1 12
17 9
0 8
5 7
8 21
26 3
8 22
5 10
22 22
18 9
23 11
16 9
5 16
27 16
26 19
22 19
6 13
18 14
13 11
2 4
9 11
4 15
27 17
7 10
19 21
24 18
0 11
12 22
23 2
18 3
18 16
12 10
8 13
11 16
0 9
25 19
9 22
26 16
7 0
10 5
6 8
13 5
20 7
25 17
8 0
12 3
17 12
8 5
28 8
19 19
20 22
18 8
