8 0
1 9
5 19
12 18
21 10
9 0
4 13
2 11
2 19
4 3
1 4
16 12
18 17
16 21
5 13
19 18
13 3
21 11
15 8
16 18
3 21
17 14
8 16
8 14
2 1
19 17
20 20
7 6
19 3
10 3
4 12
5 5
12 5
7 14
1 3
9 21
17 21
9 9
7 17
14 15
1 10
5 4
6 5
9 2
14 4
8 11
1 18
8 17
6 9
15 15
1 2
11 7
3 16
13 9
12 11
13 14
16 19
15 14
6 19
4 7
13 12
2 8
17 3
2 16
13 5
11 3
10 16
15 20
10 10
13 1
17 19
6 6
7 20
19 8
11 2
8 21
3 5
18 7
3 15
16 17
19 6
5 15
20 4
6 17
18 6
5 20
11 5
18 0
9 20
14 5
15 21
16 6
17 4
17 12
21 20
6 10
13 19
20 11
17 20
1 17
4 4
8 13
9 3
19 14
20 12
13 8
11 18
19 20
7 21
12 1
14 20
16 4
2 21
14 10
19 19
2 20
6 2
4 6
17 13
11 13
16 5
9 8
18 8
18 14
13 15
0 0
13 13
11 1
4 8
6 16
8 9
10 19
10 13
2 2
15 7
16 8
12 8
11 11
20 13
9 7
14 3
20 5
1 0
4 15
14 9
20 9
3 6
2 5
