5 11
1 14
20 17
16 18
25 8
3 12
25 13
23 8
8 7
12 5
10 14
8 3
22 16
1 15
3 13
10 6
9 7
15 6
6 14
7 12
22 17
15 13
6 9
20 15
17 17
14 18
25 14
13 6
23 13
21 14
6 10
23 10
10 15
25 15
12 16
5 8
8 5
15 14
5 9
23 14
7 13
15 7
24 18
20 18
15 19
11 15
4 10
15 4
11 13
24 8
7 14
25 10
14 13
18 15
15 17
12 11
18 17
18 16
5 14
3 10
17 18
12 0
5 1
7 5
6 1
6 3
23 9
12 12
25 16
13 9
15 9
2 16
21 18
2 11
19 15
8 4
24 4
4 1
23 15
2 12
14 19
3 8
22 15
20 1
14 9
10 7
19 1
3 1
24 17
23 12
8 10
6 2
10 13
13 15
2 10
15 16
15 15
25 12
11 16
12 10
7 3
4 16
8 12
12 9
8 11
2 8
6 11
8 9
20 16
19 13
16 19
13 13
3 14
15 8
13 16
6 5
24 16
5 7
10 17
5 15
10 5
