14 7
22 12
11 15
1 6
2 7
20 11
17 9
6 19
1 15
2 8
17 7
11 3
9 9
15 8
1 5
17 8
17 6
7 5
2 5
8 13
22 11
7 9
4 8
16 11
6 7
17 11
4 13
8 2
12 10
6 13
4 11
3 1
9 11
8 5
11 9
17 15
5 11
1 7
21 14
10 7
12 3
13 14
6 9
17 17
4 3
21 16
8 11
11 14
13 9
18 15
12 15
7 4
7 7
4 7
6 4
14 6
19 9
17 10
21 19
2 12
17 18
19 19
19 14
21 13
7 2
11 7
3 5
13 15
11 12
6 3
7 13
21 11
11 2
11 11
10 2
13 13
6 10
17 16
8 12
3 2
4 4
19 7
18 18
14 9
3 4
5 13
20 14
19 6
1 1
15 7
22 13
2 11
3 8
19 8
7 8
22 21
10 6
12 11
3 13
12 5
14 12
4 2
23 6
11 8
18 6
21 20
22 20
13 6
