28 18
26 9
17 18
22 15
13 20
23 2
17 23
18 17
15 11
18 1
14 24
18 21
14 13
20 11
8 8
15 23
5 19
26 12
26 17
3 3
17 22
5 12
17 3
13 9
10 8
24 23
7 19
29 19
14 1
26 1
2 7
2 3
2 1
2 4
8 1
10 5
15 13
4 8
9 1
25 12
1 4
20 5
3 9
5 11
7 18
9 8
13 1
8 17
23 7
24 11
17 1
20 16
13 24
24 17
1 9
16 1
28 12
6 21
26 20
20 23
28 13
1 6
3 5
1 10
16 16
11 1
20 20
10 1
13 23
26 10
24 12
2 21
6 6
8 3
6 10
10 9
18 16
26 13
10 4
16 23
27 20
1 8
6 5
4 19
21 15
14 21
20 12
5 15
12 9
22 24
23 24
22 13
28 9
12 16
12 4
15 7
2 0
15 3
5 22
13 3
12 1
28 15
4 3
14 22
5 8
5 23
10 6
5 18
27 21
27 22
18 18
22 11
25 14
24 10
12 6
15 0
26 18
8 5
19 20
4 14
9 20
22 14
21 16
2 20
13 16
18 20
2 19
12 18
12 17
15 9
0 6
5 16
6 7
5 2
2 6
14 0
29 20
10 20
28 19
9 17
14 7
25 10
17 2
5 21
29 1
14 3
16 0
8 2
28 17
5 17
6 9
29 24
11 21
20 21
3 19
4 23
5 7
21 11
25 15
29 21
2 8
8 6
12 23
15 19
26 22
5 0
16 15
0 12
4 2
7 17
21 24
4 0
4 15
20 13
12 3
26 23
2 10
3 16
28 14
7 9
4 13
3 23
12 7
16 3
15 21
7 21
3 22
12 20
0 5
22 12
17 19
16 11
21 9
14 9
25 17
16 14
15 8
10 3
24 16
7 5
24 15
14 12
21 23
28 16
13 18
23 22
13 7
20 22
8 9
17 11
9 3
17 12
0 4
25 23
7 20
20 7
28 11
4 9
18 12
12 21
13 19
9 6
3 10
