0.508
0.500
0.318
0.538
0.309
0.540
0.450
0.118
0.420
0.028
0.375
0.326
0.219
0.174
0.553
0.418
0.653
0.372
0.113
0.627
0.529
0.388
0.127
0.411
0.062
0.709
0.193
0.388
0.090
0.267
0.312
0.257
0.575
0.885
0.376
0.289
0.445
0.480
0.323
0.289
0.304
0.141
0.195
0.246
0.462
0.215
0.396
0.212
0.242
0.299
0.300
0.237
0.228
0.340
0.101
0.185
0.199
0.768
0.441
0.278
0.199
0.141
0.350
0.564
0.221
0.445
0.206
0.202
0.049
0.593
0.242
0.641
0.215
0.425
0.286
0.513
0.479
0.323
0.331
0.130
0.138
0.342
0.099
0.460
0.126
0.504
0.405
0.174
0.334
0.380
0.070
0.417
0.287
0.592
0.195
0.237
0.443
0.030
0.584
0.091
0.354
0.333
0.513
0.231
0.389
0.324
0.310
0.301
0.040
0.401
0.333
0.149
0.496
0.422
0.318
0.045
0.316
0.275
0.388
0.222
0.114
0.090
0.328
0.417
0.205
0.226
0.210
0.192
0.437
0.064
0.152
0.320
0.212
0.372
0.079
0.248
0.213
0.141
0.294
0.080
0.710
0.162
0.411
0.611
0.140
0.416
0.025
0.345
0.115
0.246
0.408
0.573
0.106
0.209
0.489
0.090
0.579
0.362
0.338
0.588
0.692
0.168
0.437
0.163
0.068
0.313
0.451
0.183
0.081
0.099
0.268
0.132
0.188
0.091
0.453
0.057
0.217
0.214
0.591
0.426
0.246
0.618
0.292
0.247
0.608
0.138
0.144
0.591
0.417
0.272
0.195
0.137
0.597
0.240
0.398
0.081
0.409
0.486
0.312
0.496
