200 200 1000
1 222356005
0 -452243426
0 63938749
3 14138928
5 -184782517
1 -798438074
3 -939124268
3 -70639805
4 636984002
0 494289708
3 -428059487
5 721909018
1 269492320
0 935800732
2 -934308498
0 -945355428
5 162674447
0 892435308
3 474212860
1 -93511558
5 -937635389
4 -523920770
3 64748682
4 -499454948
2 -504217873
5 -530171308
3 -377698731
0 -106260387
4 980384858
5 -785251041
1 351525069
5 846721118
2 -740390792
5 -285542533
5 527272699
4 -93532116
4 782488070
5 -592300806
2 -389772407
4 895109218
3 817195119
4 -155279522
4 832421924
0 31279582
1 597149414
3 -110267462
5 -628469428
2 178536359
5 666098668
5 585305640
2 -814312260
3 425409027
4 -768219382
1 118706722
3 -204308628
3 573602593
0 7857332
0 -337438101
5 821713745
4 273852358
4 -154751119
5 -634177881
1 78549098
1 -973582554
1 158819637
4 -501405565
3 103316244
2 819908620
4 -241349507
3 953684016
2 415653025
4 307699045
5 -987739744
3 682886797
5 100585228
1 113853132
4 -558723768
3 -879476131
3 868332582
2 224064253
4 -570848124
4 -112230162
3 746659071
2 -110030121
2 -996596780
4 159876447
4 688876449
4 -288887731
3 288179202
0 727799810
1 364449039
1 182740072
4 -611769337
0 714634571
4 711753975
2 -930294549
5 -848702317
0 864183514
0 -27192505
0 619514656
2 -464075647
2 -764874969
4 -603552654
2 -376619154
0 -640360243
1 -451927561
4 -638911479
5 -413920706
5 528127743
2 -23535683
5 -308506479
3 17415509
0 -949245135
2 -169874938
2 -96084030
1 -445045488
0 -455702779
5 95465717
1 300620555
3 754579314
0 -516012982
0 -146771738
1 -924137891
5 -655913866
3 513129062
4 456371439
3 169738982
1 354572192
5 109389011
3 -520690720
4 392656939
0 -151962978
5 236619782
2 416961019
5 -84529050
0 583664500
2 -730097132
1 880195486
0 -342039734
0 843645656
0 -333499190
2 597388788
1 -106276873
4 -458065092
1 -981788784
4 887032311
0 268269419
1 934481172
4 -10326804
1 777929958
5 337802455
4 -919633913
3 -569628258
2 -787344649
1 231329982
5 925360279
3 270041830
1 57315190
0 430132901
3 -364188783
4 73312160
0 -301325532
4 871792936
3 932044378
2 -961145614
1 -568671454
2 741907871
4 680836259
1 -271797642
3 -542521995
2 448381244
0 798949355
3 176018998
2 963754901
5 147465029
3 649162595
4 -496113500
0 557924634
0 -818150578
1 -635584607
1 956331372
4 -542654283
2 630189594
2 288938642
4 806317632
2 -209494090
2 -269243017
0 -374619924
1 862769875
4 674049058
5 905387306
3 -709346721
4 183629583
0 -311246252
0 -126835453
0 -183461777
1 779203031
1 -267928270
0 321101947
4 679125188
