647 6177 6
118 393 2
24 457 10
320 528 10
137 191 13
263 431 11
154 360 19
145 604 20
258 639 183
271 499 15
530 599 11
463 559 18
198 592 157
411 435 10
121 200 134
105 348 1
448 527 8
525 529 11
20 450 8
235 621 11
108 379 1
188 234 11
9 209 1
259 454 10
117 236 12
4 226 78
301 610 13
171 569 19
170 329 41
439 599 8
228 467 58
69 641 143
20 75 142
591 607 8
200 215 16
34 410 7
313 377 6
13 201 4
232 602 17
100 199 187
106 614 2
15 399 64
418 476 17
158 592 12
80 330 135
215 244 3
86 105 10
54 611 159
96 610 12
303 554 19
237 515 19
269 375 13
350 502 1
591 629 58
227 628 1
55 76 69
240 582 3
325 329 13
319 530 2
583 627 6
252 455 167
301 402 15
351 491 1
53 461 19
102 179 2
410 526 3
51 257 158
242 312 1
99 404 9
177 358 9
82 127 12
113 128 6
125 160 12
345 357 9
101 434 520
7 47 29
476 484 101
227 352 3
71 446 17
471 578 3
107 473 4
109 115 12
193 213 13
113 455 18
296 587 15
71 568 11
294 613 19
80 543 83
74 184 62
399 613 13
549 568 18
266 524 151
111 280 16
234 291 165
78 422 10
90 182 8
103 319 12
195 527 7
91 126 14
197 352 16
57 266 14
87 562 10
192 354 1
320 623 86
14 421 159
38 528 18
38 255 3
195 346 19
79 291 1
150 436 16
205 376 33
30 127 46
258 298 19
32 338 5
51 325 100
301 449 15
267 607 12
536 599 77
224 383 19
252 520 10
253 263 9
384 518 9
295 431 109
113 541 168
339 446 20
136 474 5
149 379 69
114 126 1
4 629 14
38 73 11
354 618 11
45 71 13
290 362 12
48 257 7
124 143 170
544 604 130
149 372 17
4 17 2
32 81 17
72 420 12
336 477 12
423 604 6
133 150 4
272 581 153
6 30 8
70 563 195
312 370 10
181 574 12
220 280 13
90 623 13
284 351 1
60 187 5
3 343 7
436 596 128
15 586 4
30 63 13
85 91 18
361 402 16
165 287 138
423 532 17
240 258 46
32 94 4
46 545 7
105 637 19
140 552 132
311 524 19
17 531 182
280 586 18
264 381 19
135 307 168
314 421 8
86 610 57
518 632 301
363 494 6
524 532 3
184 275 86
379 531 15
168 615 13
205 423 10
395 580 14
288 512 178
337 407 20
172 631 6
312 367 184
104 398 20
398 631 6
51 315 12
407 597 103
144 352 5
301 526 17
407 609 8
34 373 11
412 589 179
174 519 16
52 244 8
262 421 1
211 245 8
10 300 13
158 203 5
84 376 33
18 404 17
36 251 12
46 208 102
1 262 4
251 563 7
418 510 16
36 302 1
143 582 9
136 450 31
46 547 5
224 437 6
230 319 14
23 534 17
236 436 17
235 279 181
529 570 1
383 567 6
109 278 82
167 637 10
132 313 842
134 374 135
347 494 15
496 577 20
30 398 16
545 588 10
439 496 10
27 229 11
154 600 1
506 634 12
163 399 11
268 597 14
12 508 10
340 376 13
89 256 123
333 444 3
400 511 4
473 621 20
93 239 8
279 545 1
554 645 7
265 638 112
451 509 8
410 464 159
310 422 20
4 278 2
57 529 13
303 632 20
214 644 3
422 575 115
300 441 18
272 509 15
55 497 34
191 438 5
244 381 17
296 568 101
78 182 17
479 581 5
366 525 1
474 507 147
482 604 100
100 517 18
571 623 8
546 644 3
148 577 18
81 510 16
308 611 9
45 506 15
246 293 5
192 208 18
86 276 983
164 393 200
173 632 6
2 177 7
353 479 13
255 431 17
331 349 11
79 281 2
12 396 182
32 613 183
306 440 6
472 617 3
304 456 15
351 442 20
291 340 6
152 581 106
44 211 179
26 44 9
330 507 15
232 393 5
17 419 148
17 93 42
61 236 12
311 378 2
39 454 11
455 622 32
140 154 20
128 430 2
362 554 7
169 372 14
90 527 20
86 94 18
60 588 116
306 621 20
404 422 13
203 643 91
274 524 48
280 374 7
4 150 17
256 372 113
262 517 9
337 414 62
87 129 9
321 421 15
222 376 831
91 462 183
149 587 16
334 369 10
243 286 6
193 379 18
192 312 18
115 524 19
270 478 83
40 193 3
217 329 154
56 585 14
223 475 12
31 190 4
53 304 11
326 483 10
196 400 10
65 206 6
103 205 12
176 525 9
148 309 5
311 392 4
214 538 1
242 429 15
349 391 2
15 359 153
433 634 13
429 536 136
259 345 6
393 588 1
333 600 9
103 170 4
132 388 10
222 342 546
107 501 4
110 385 13
167 405 1
202 554 10
234 290 6
427 552 20
40 305 13
214 619 10
399 604 15
323 389 51
79 307 86
198 301 12
45 483 17
388 480 19
96 641 176
354 617 30
253 523 6
114 499 10
521 591 3
539 574 147
558 564 105
86 486 18
122 313 18
272 605 17
129 249 24
361 423 11
335 521 195
329 411 7
118 480 4
243 597 11
381 495 4
63 501 1
327 344 9
63 623 119
520 631 9
36 146 12
392 578 2
411 527 16
458 613 4
191 205 13
84 371 4
1 25 19
41 471 179
22 518 121
11 588 57
250 314 19
0 68 6
263 587 9
509 620 20
94 634 12
44 307 42
273 377 4
259 465 17
589 606 15
102 634 3
375 619 19
185 632 118
63 469 14
61 510 3
38 360 12
254 488 15
196 297 13
166 416 3
392 417 12
237 364 13
38 46 12
43 360 20
140 493 4
191 556 110
158 445 5
6 409 4
25 343 4
0 153 102
99 545 17
322 507 164
48 588 792
481 571 5
70 249 16
182 419 50
187 504 5
232 640 16
141 600 4
293 360 8
575 598 183
250 507 36
111 479 17
312 610 10
58 396 4
49 463 14
70 614 11
46 416 19
122 351 2
426 473 2
146 427 20
346 508 13
146 182 9
155 404 17
158 539 1
54 368 10
135 228 4
534 625 10
305 346 52
46 238 2
408 480 684
32 361 143
216 635 5
409 516 13
389 593 12
198 434 5
84 205 14
155 540 5
204 436 15
329 481 7
1 599 11
141 636 17
159 511 9
311 511 8
161 481 3
564 623 51
234 564 16
136 535 9
209 364 7
473 633 20
118 335 16
269 533 9
66 110 62
262 598 15
241 356 3
154 201 11
421 505 10
111 220 19
55 180 17
117 577 14
125 533 5
495 588 20
225 406 18
433 581 11
122 246 5
91 475 14
286 633 25
221 354 10
36 219 1
55 350 11
31 307 12
320 407 146
283 446 196
556 563 17
73 612 10
96 540 19
65 541 163
230 361 9
324 493 8
213 226 19
133 157 10
138 272 1
42 243 861
433 539 16
22 584 17
103 513 18
13 414 946
137 200 16
7 16 16
534 571 18
7 146 11
335 344 93
5 80 78
75 474 5
245 297 9
312 458 17
270 456 16
53 188 2
467 539 1
274 395 15
65 370 14
380 485 8
262 398 1
253 621 65
281 374 62
255 460 15
119 546 6
491 640 19
269 372 16
527 619 858
116 586 6
202 285 150
137 194 9
460 555 16
215 446 1
401 482 6
207 376 6
285 415 19
524 611 13
240 243 38
436 461 4
452 606 8
338 413 20
529 597 20
121 233 3
163 383 20
478 514 13
159 626 20
75 197 19
227 239 17
31 312 11
146 467 3
102 567 14
265 409 7
281 584 5
157 523 15
176 335 8
224 549 2
272 291 8
566 576 129
508 560 6
376 539 20
63 397 7
44 229 11
111 380 14
37 447 141
225 345 18
78 549 8
13 316 4
362 513 11
90 424 13
88 192 4
60 515 6
70 158 18
214 216 12
114 619 19
202 410 6
155 611 4
415 529 133
539 646 20
478 630 5
217 503 134
82 220 167
171 238 39
62 273 93
230 335 83
358 616 14
315 374 10
9 95 9
370 467 16
202 477 16
619 644 13
326 610 8
102 369 61
439 643 776
278 550 8
62 287 18
182 310 19
18 223 3
553 580 12
469 560 105
235 533 20
421 556 86
198 562 160
258 536 121
383 637 5
421 465 2
468 530 59
383 435 16
117 359 176
444 556 77
205 333 10
131 242 18
376 384 188
473 642 1
40 109 3
72 454 5
67 110 135
130 281 128
460 569 1
167 595 4
18 224 6
7 21 4
301 464 4
103 373 13
84 103 900
266 479 11
76 582 13
238 632 2
463 545 156
376 423 69
364 563 178
166 538 10
463 606 9
56 455 35
228 580 14
30 64 156
91 285 51
279 316 73
105 406 145
16 571 178
251 546 5
195 343 13
100 540 10
9 402 13
41 134 9
82 176 188
631 640 3
406 519 13
190 299 19
53 211 2
317 488 10
255 519 14
57 578 170
5 260 101
310 634 3
236 485 17
191 451 17
22 207 10
28 213 126
237 331 5
337 435 5
297 311 16
366 621 4
51 446 14
202 273 11
601 604 199
299 461 14
409 534 19
249 510 8
108 505 5
168 393 581
112 618 9
127 602 62
35 470 2
10 391 19
290 413 19
186 515 11
253 557 11
86 454 367
455 482 6
311 339 8
361 367 16
156 546 16
246 497 17
112 333 10
161 491 8
40 632 14
202 438 20
227 443 9
1 249 1
54 344 3
203 242 15
35 57 7
215 432 6
44 110 17
363 581 28
126 139 4
191 212 9
58 500 445
109 416 148
347 357 20
10 462 2
203 439 2
222 479 59
139 228 19
395 616 3
304 417 14
10 388 19
127 359 32
32 236 11
74 300 14
459 582 19
277 634 4
196 645 17
58 379 20
194 220 8
21 245 11
285 581 20
207 640 14
9 626 13
357 500 8
273 355 435
231 296 20
293 339 11
451 600 2
45 106 5
33 434 155
235 353 189
586 646 18
255 311 41
268 530 20
96 343 11
130 321 18
137 355 157
37 234 20
71 342 11
404 499 915
195 307 19
508 566 16
205 478 153
72 271 5
130 602 8
183 255 18
350 488 17
517 584 15
490 619 11
94 252 7
509 558 299
331 352 14
78 222 9
127 415 15
110 270 9
581 605 221
17 528 19
151 177 199
284 394 4
223 304 19
47 308 19
86 468 90
167 385 139
141 156 51
5 581 160
69 427 20
267 599 19
373 532 16
201 558 14
146 375 166
31 150 18
120 638 199
181 247 53
141 556 18
427 636 88
202 264 930
117 163 12
89 297 181
143 449 5
211 358 13
236 638 12
164 420 159
82 611 902
320 576 11
105 389 13
125 515 1
282 315 162
30 150 36
325 529 160
396 452 81
206 380 7
376 550 7
110 187 19
87 321 6
177 403 6
440 589 192
90 435 74
517 546 18
187 582 17
3 63 18
430 442 9
236 640 5
336 447 7
238 556 4
102 156 17
197 571 4
165 576 19
312 626 1
67 405 147
8 643 7
267 441 1
427 540 13
353 378 6
124 283 166
320 399 859
638 646 20
483 489 7
201 525 16
376 425 9
24 156 19
422 556 99
110 232 156
131 604 30
143 313 9
333 448 197
342 473 14
6 192 16
271 502 4
35 267 11
480 501 18
490 544 3
210 601 992
174 608 9
317 644 20
75 85 15
313 628 8
370 495 20
67 620 11
301 544 1
353 369 18
65 270 7
59 279 2
107 176 18
366 499 14
269 573 7
244 274 89
47 500 5
349 589 114
384 422 17
402 459 5
292 469 19
461 613 3
352 446 18
405 561 4
68 209 16
100 245 1
64 597 8
91 104 9
419 572 9
540 599 20
264 496 15
195 384 1
499 526 3
124 376 18
47 436 17
96 352 15
56 629 822
38 238 17
122 642 132
134 171 97
312 359 5
77 411 77
111 260 13
8 50 19
245 520 149
43 307 7
135 604 15
89 503 174
307 542 11
183 208 14
315 540 12
507 571 32
130 571 11
65 472 48
129 294 4
258 595 8
181 593 8
30 151 5
151 226 1
209 607 4
232 266 20
515 641 178
18 273 4
171 532 1
259 634 1
308 484 115
545 577 4
122 384 20
412 437 1
23 620 10
420 454 10
103 439 19
498 563 13
273 599 95
171 495 3
327 515 4
259 553 104
95 636 7
45 569 3
87 392 13
63 186 193
175 209 18
323 529 16
274 624 15
188 285 83
99 601 20
4 70 19
66 590 10
295 352 2
103 539 12
69 504 14
158 332 14
270 593 11
342 498 82
468 490 2
489 630 19
90 507 18
35 643 5
173 637 7
216 431 20
315 547 15
153 333 16
23 234 8
33 128 195
66 556 12
221 596 6
351 372 5
108 322 181
114 213 14
60 85 6
146 242 20
16 281 1
244 356 28
126 517 25
109 374 3
109 293 92
345 527 9
482 498 4
146 306 19
291 623 1
217 334 17
112 294 12
234 255 11
26 249 508
107 604 171
241 384 9
234 392 12
39 535 7
527 535 14
11 96 18
10 226 10
129 417 18
390 587 10
378 479 14
66 144 9
44 440 9
181 474 76
192 446 6
33 200 2
587 637 17
42 79 821
563 631 158
217 621 1
70 77 1
43 222 12
610 630 9
0 48 5
193 432 9
387 490 9
270 545 79
275 629 2
160 456 31
300 422 10
388 557 13
251 279 4
108 325 8
52 148 10
323 540 17
156 328 15
50 322 9
180 541 5
305 402 78
77 258 19
135 607 85
80 388 2
488 528 139
378 558 14
195 238 17
27 619 1
258 438 3
266 485 15
107 226 11
430 612 10
221 353 15
360 385 19
20 270 195
336 592 35
235 433 8
4 80 6
31 38 12
255 297 10
354 453 121
243 605 19
296 514 10
397 490 5
211 324 14
58 597 11
396 577 19
113 643 74
279 589 2
84 448 5
96 424 15
527 636 15
139 634 312
182 527 10
31 240 2
242 352 17
369 581 14
45 311 6
85 570 37
241 377 8
270 448 161
168 308 1
108 258 11
332 405 6
207 627 4
292 308 66
98 487 1
364 461 9
307 627 5
357 443 10
99 605 15
413 485 18
181 484 4
219 346 15
150 563 4
47 385 2
194 622 20
158 264 18
31 416 11
3 362 18
297 439 23
175 295 19
25 228 170
422 589 4
20 587 10
48 71 106
90 231 11
283 314 7
572 646 4
23 454 788
132 460 12
310 534 12
225 237 2
4 529 3
75 312 19
87 621 16
127 610 9
94 490 17
108 243 2
148 360 104
294 329 19
404 555 872
244 307 4
299 308 20
60 259 6
405 410 6
313 345 4
140 641 2
399 550 48
141 205 18
38 50 12
193 498 6
481 601 4
340 373 19
58 298 12
6 635 18
86 636 11
377 463 6
11 328 200
283 348 165
146 304 17
106 167 13
207 301 9
213 447 9
99 291 19
291 380 10
124 387 9
25 71 11
144 161 13
49 80 17
183 336 67
13 487 19
392 418 74
42 605 158
113 299 75
258 350 5
397 546 17
230 310 74
252 357 7
38 111 12
157 333 17
383 538 16
108 365 4
264 644 16
50 423 14
139 632 81
169 587 2
301 302 84
113 294 18
405 463 7
32 115 11
415 630 7
322 412 154
392 520 8
26 239 20
79 322 14
405 587 9
91 634 14
90 205 11
463 589 15
259 511 13
58 70 13
255 424 106
31 303 64
170 173 196
89 552 4
35 456 16
252 601 18
100 239 15
147 228 6
217 281 17
490 624 19
83 142 2
53 379 8
89 173 2
97 599 9
243 322 16
107 351 1
68 88 13
130 159 11
84 544 5
341 587 6
315 483 3
24 415 4
240 487 56
110 140 5
554 602 12
82 440 8
6 238 50
16 541 8
22 56 75
408 462 11
311 464 16
58 77 170
213 295 37
6 258 11
10 621 11
461 530 20
348 415 14
98 355 10
23 278 63
56 635 15
67 566 44
163 474 37
414 446 3
329 533 3
187 207 8
460 531 17
2 219 8
334 526 18
43 413 2
36 181 109
137 482 13
5 156 7
108 545 17
569 618 914
141 491 3
215 233 77
23 464 195
111 520 61
65 242 11
206 590 199
397 534 3
344 606 176
175 252 61
187 259 6
15 571 4
26 617 4
456 487 1
205 247 15
219 419 20
252 320 16
120 593 103
601 624 182
3 601 16
393 400 8
23 439 6
177 213 18
192 546 31
304 390 12
18 170 427
373 558 12
228 233 65
35 638 15
23 146 6
238 416 14
371 435 11
308 460 5
37 79 113
229 276 875
156 369 6
135 302 2
108 518 2
201 615 13
59 273 1
308 385 15
397 606 11
124 491 1
347 358 1
185 365 1
283 503 517
316 365 19
124 552 13
323 500 2
366 575 20
130 156 13
103 527 20
137 433 8
317 564 8
205 340 63
41 296 8
155 529 1
101 318 7
272 318 16
242 507 14
198 332 6
535 574 20
54 261 126
172 364 18
141 212 15
299 340 1
68 633 3
291 605 81
134 536 16
46 597 4
42 108 5
253 337 105
252 471 17
250 428 13
294 597 9
115 359 20
186 615 3
96 255 16
412 451 3
179 454 178
73 271 10
430 570 1
509 549 182
587 633 13
362 598 16
74 605 11
242 458 3
312 469 14
46 197 12
253 330 191
105 528 2
123 357 6
27 267 74
321 536 12
225 587 20
19 98 5
36 240 11
71 396 14
351 352 7
82 192 10
203 608 14
180 611 9
9 179 3
376 556 129
38 366 185
149 544 10
522 620 7
425 486 5
65 84 2
215 409 12
151 555 19
259 476 16
53 210 18
12 494 12
380 558 16
333 473 195
616 626 13
391 482 14
539 593 19
69 199 106
9 279 207
109 577 20
195 566 11
209 511 172
16 600 12
310 551 8
267 466 12
58 177 28
218 351 3
237 627 1
87 626 10
332 577 14
314 363 6
251 443 20
418 570 19
194 397 183
139 596 15
56 390 14
253 286 2
343 644 10
96 233 3
522 590 189
241 557 22
221 478 14
112 565 15
25 111 17
181 457 6
439 464 3
121 356 16
140 488 15
241 398 144
181 385 18
25 326 18
451 499 17
351 526 6
372 577 1
63 291 11
291 479 10
527 593 3
53 256 17
291 318 16
140 326 17
248 354 18
415 610 65
363 431 19
276 636 2
124 149 20
9 359 19
38 307 10
588 615 4
109 331 233
268 303 156
81 143 16
84 527 20
122 151 19
109 349 78
237 271 5
405 577 1
390 434 3
206 596 44
9 374 9
229 341 9
523 527 11
410 611 86
76 568 11
6 609 3
422 520 2
268 592 7
31 142 42
216 315 19
331 623 18
106 329 3
433 457 4
26 236 14
392 542 17
231 606 3
111 373 39
288 575 155
52 521 20
255 520 147
45 208 6
361 441 12
142 419 19
396 433 20
351 531 16
109 419 96
481 629 17
55 122 8
302 338 18
159 449 18
156 524 4
208 614 17
141 182 13
31 398 5
313 381 10
377 568 20
405 592 2
510 601 12
116 231 5
122 418 9
601 635 20
124 584 12
3 412 13
53 73 12
53 250 8
84 602 5
192 455 20
312 473 8
272 310 144
211 354 141
107 122 16
23 282 17
146 631 4
18 91 154
261 490 12
44 245 1
511 634 13
23 35 17
205 418 6
42 545 54
107 424 10
265 330 9
279 460 172
30 88 14
170 528 33
323 638 6
84 430 199
384 431 3
446 634 54
353 637 4
52 452 9
211 437 5
93 517 9
4 31 13
184 237 18
570 612 797
95 315 5
283 496 16
147 563 12
304 478 122
91 437 19
78 236 1
114 428 3
81 315 9
125 327 15
333 381 18
169 259 14
42 301 2
202 489 16
93 384 15
107 418 70
179 576 1
470 555 13
324 492 17
308 469 10
418 478 15
94 256 13
206 463 33
67 451 18
563 597 20
44 171 9
97 636 20
65 75 830
115 600 76
75 352 4
123 287 90
65 474 13
25 109 8
197 199 3
286 315 4
288 521 1
305 516 17
23 255 13
26 592 8
398 475 167
369 463 3
4 111 16
448 539 93
354 461 14
106 622 3
191 527 142
573 602 9
96 183 16
245 428 12
226 362 8
23 215 10
7 127 181
430 468 6
95 176 66
374 515 8
102 416 14
426 527 2
20 372 8
168 643 1
124 588 2
103 244 175
307 381 20
150 570 6
216 442 7
376 417 20
65 68 19
340 467 3
307 427 2
181 641 17
122 218 65
272 545 14
126 629 463
428 481 7
127 626 10
306 307 2
71 201 18
127 462 5
17 565 4
515 585 12
23 311 6
71 244 19
129 485 95
52 545 17
1 581 109
111 516 3
233 303 17
267 314 33
466 546 6
136 531 189
157 355 15
73 78 14
578 585 112
5 38 17
305 597 17
493 605 10
202 589 101
169 335 19
39 146 3
76 564 19
542 644 5
148 197 154
312 343 11
58 118 13
207 330 122
92 363 7
307 543 15
341 419 40
176 191 8
58 552 6
179 363 5
390 567 17
197 564 14
168 215 15
297 464 19
393 533 3
561 632 17
523 561 13
563 612 20
1 255 14
69 337 10
267 349 8
32 67 8
425 625 13
47 112 13
171 646 1
152 482 1
90 511 6
43 402 14
285 615 1
191 453 2
381 467 102
306 524 19
362 611 13
218 597 6
272 350 6
116 591 13
387 445 16
297 612 4
485 625 14
410 638 10
177 402 21
155 600 16
486 634 10
281 460 13
155 436 20
31 529 5
337 478 133
175 210 14
228 279 3
42 626 5
499 541 19
257 287 11
178 252 7
15 614 2
123 628 146
222 302 2
344 510 15
509 554 2
399 644 19
263 610 14
336 577 71
197 387 5
141 579 8
48 600 98
285 328 2
507 564 59
300 509 1
245 601 2
243 272 84
27 249 18
227 314 12
113 534 11
325 631 12
142 403 13
37 528 8
298 452 8
586 624 17
233 521 4
182 376 56
6 610 4
5 554 130
80 236 5
111 532 15
496 551 14
477 530 13
93 426 137
271 452 5
171 427 5
123 170 4
45 165 13
52 445 84
266 484 843
42 318 6
310 392 10
477 480 2
42 199 8
182 530 17
171 557 2
151 508 5
55 190 5
17 152 7
32 644 4
258 494 141
255 534 95
75 457 2
92 626 65
244 348 104
454 529 450
44 547 20
274 501 7
523 583 3
232 489 8
259 332 156
126 581 15
563 586 5
53 349 81
220 553 17
185 381 1
116 296 9
43 283 12
410 587 9
185 366 7
19 488 9
354 397 121
122 459 14
181 594 20
101 204 253
135 422 16
111 581 20
226 381 806
44 140 20
71 463 13
5 40 2
177 234 10
38 428 2
395 529 3
60 325 16
81 129 4
196 382 5
287 297 16
272 479 2
16 320 111
89 180 19
150 536 19
10 433 16
240 450 2
19 492 2
51 509 51
34 79 27
21 604 18
144 259 788
90 227 143
151 439 11
9 367 17
86 565 1
47 215 12
306 406 10
50 302 121
415 462 13
85 405 18
526 579 6
82 319 4
171 611 12
345 551 18
581 615 146
247 351 76
102 536 1
134 602 19
113 524 20
367 446 7
107 372 11
166 459 163
353 355 15
6 605 11
318 628 19
57 326 18
15 312 8
252 395 16
293 353 14
8 326 12
331 499 8
356 380 2
140 625 4
258 304 16
441 631 15
45 626 18
384 433 8
203 581 14
109 146 61
474 564 7
452 549 4
163 369 19
245 571 6
251 264 174
1 323 20
191 478 339
307 361 91
79 99 19
52 281 17
415 486 7
178 506 11
42 322 6
198 535 186
387 457 10
103 191 17
155 211 4
424 440 10
141 376 10
26 346 651
136 397 8
42 99 11
127 192 1
281 348 4
432 442 1
204 326 6
167 216 5
181 521 11
399 520 133
402 482 7
23 520 119
66 597 6
448 478 9
201 526 13
356 399 2
11 396 112
100 465 9
150 525 3
428 503 18
21 407 4
189 501 1
58 430 16
106 553 1
140 520 6
36 630 17
164 426 57
390 438 8
360 607 15
75 327 14
110 118 18
38 499 9
426 464 2
376 448 1
6 551 14
142 298 19
573 620 4
30 165 10
254 570 200
177 557 15
331 370 17
92 376 14
361 396 13
108 404 11
434 629 17
318 364 11
397 576 16
379 535 14
170 418 16
481 645 8
381 403 20
96 476 13
251 545 418
22 380 14
224 565 187
19 621 13
109 214 6
74 132 1
572 603 9
13 157 6
91 116 19
248 476 20
435 619 20
272 595 7
304 577 20
467 590 6
237 638 15
486 550 12
79 318 13
27 571 10
338 628 2
169 295 5
416 428 9
192 493 11
45 572 16
312 507 18
45 171 14
146 539 20
374 645 17
223 396 5
95 415 8
271 557 539
321 451 11
284 387 1
74 456 16
345 370 16
82 312 64
427 547 17
324 618 17
87 485 114
126 351 5
170 357 38
138 426 193
150 621 7
588 628 11
191 539 13
74 570 14
241 311 20
422 592 20
84 539 2
625 629 31
210 348 9
148 445 7
135 530 183
409 586 6
372 465 19
244 303 2
288 571 16
215 632 2
53 317 15
23 527 6
258 315 8
212 609 13
246 530 1
468 582 137
142 491 6
421 535 1
534 562 59
141 295 11
245 436 8
21 60 8
277 340 1
194 424 105
25 530 7
34 301 173
14 497 15
35 401 11
341 422 72
134 183 20
334 544 631
209 315 18
391 460 13
142 266 18
236 489 2
456 562 521
86 265 5
293 613 19
314 487 7
503 534 86
327 634 152
98 425 10
10 359 5
65 333 11
100 234 20
529 619 11
158 572 6
70 516 3
62 584 18
109 616 10
521 635 32
458 560 9
31 393 15
2 344 15
383 505 16
53 300 6
92 206 8
88 331 86
282 371 5
398 498 6
207 242 189
133 396 9
217 494 3
235 568 2
190 474 19
378 485 13
75 99 15
31 394 6
263 439 6
58 203 128
332 400 638
96 214 18
278 606 16
38 424 35
196 503 3
86 513 13
259 493 10
495 512 9
32 449 3
255 335 11
436 601 14
160 243 3
130 366 13
374 577 19
86 619 1
181 195 2
409 430 1
162 584 19
304 424 11
195 296 7
2 194 57
309 311 708
457 606 12
46 498 10
306 616 15
140 189 8
5 246 6
93 565 4
45 581 1
410 590 11
101 569 1
107 168 10
198 403 20
175 590 556
281 602 20
570 580 14
477 586 101
122 577 12
442 461 17
53 482 3
139 462 5
32 506 7
64 637 10
330 363 3
70 356 7
42 345 14
363 419 15
275 606 19
230 520 6
544 546 12
539 609 948
102 434 15
527 606 149
243 545 1
6 87 648
549 574 14
31 103 5
141 183 2
186 346 3
99 272 4
70 612 614
176 490 1
169 571 71
493 545 10
150 529 2
403 619 4
424 557 16
109 295 158
1 149 14
386 501 6
484 646 20
169 377 16
248 331 15
9 446 448
124 358 3
107 301 754
329 364 17
103 141 19
28 510 6
92 629 15
145 224 4
68 612 11
417 554 373
357 526 10
36 438 20
89 95 12
189 448 154
95 304 16
186 274 20
167 275 19
195 404 11
410 439 3
238 598 7
433 578 1
264 579 17
120 390 187
554 582 16
103 339 147
39 474 16
434 520 9
3 7 20
232 530 18
15 24 9
16 362 22
103 593 3
159 459 4
143 307 808
603 605 1
4 14 397
31 195 19
251 316 18
72 596 20
156 221 12
401 446 7
176 528 1
505 631 180
570 582 177
422 467 3
187 595 6
199 331 185
101 262 9
351 507 14
197 223 7
84 593 5
363 638 4
263 464 15
221 642 18
61 413 80
439 534 58
90 270 13
134 470 4
31 58 6
59 474 9
410 452 3
5 623 4
172 417 9
505 518 8
43 324 19
23 310 18
119 566 1
111 486 9
197 474 8
301 372 14
167 242 17
450 643 11
41 325 15
141 191 12
484 497 20
198 405 88
235 358 13
71 608 15
588 612 16
20 613 9
219 561 4
8 599 121
274 596 17
147 373 16
198 577 20
128 285 1
272 332 17
213 247 14
69 428 9
549 601 176
50 441 83
328 393 3
351 418 9
124 170 16
17 328 164
126 216 82
364 565 12
80 107 12
38 532 11
232 306 2
522 595 8
62 508 19
262 285 14
162 239 131
10 230 34
349 612 8
320 645 19
525 575 86
129 614 5
68 330 6
45 472 197
379 416 14
217 466 1
127 580 10
214 410 12
216 393 9
4 525 18
95 517 16
103 182 180
65 621 14
231 318 3
5 456 3
283 499 7
104 227 17
213 546 11
27 598 8
370 616 11
78 187 7
222 445 129
35 190 8
114 449 146
23 300 7
17 191 6
285 383 17
88 384 9
109 136 16
133 159 16
141 396 12
139 369 5
23 561 113
553 592 228
126 305 11
234 297 20
361 573 20
67 366 17
233 511 18
242 571 13
197 507 19
18 161 2
142 168 2
228 348 11
45 452 12
422 542 12
285 438 189
248 634 1
34 287 149
25 519 140
302 544 9
180 324 1
83 442 12
153 298 9
83 261 14
112 545 7
52 194 3
367 542 8
146 252 9
62 320 5
19 32 11
18 145 11
145 257 9
205 539 59
458 500 14
499 595 12
566 568 15
32 313 10
92 556 20
157 251 29
391 616 2
21 146 18
109 318 20
206 623 19
186 640 2
12 528 3
302 455 14
58 529 6
420 559 113
293 581 34
257 588 20
108 549 5
145 211 2
74 186 3
389 637 6
44 545 19
148 250 12
77 639 13
52 75 17
101 330 6
86 223 683
375 641 6
467 576 14
601 613 101
365 568 170
287 328 187
69 169 77
505 513 9
329 512 7
456 640 180
313 468 35
493 581 104
284 552 9
129 285 2
227 290 16
31 46 10
78 569 14
94 599 19
232 638 12
282 492 16
445 545 48
231 634 7
78 220 8
121 299 15
341 347 14
501 574 163
36 398 6
153 166 139
332 592 3
268 526 12
85 421 12
306 540 120
406 439 3
127 630 20
54 143 20
62 620 6
575 587 14
270 418 15
312 446 8
199 315 14
187 637 6
116 433 6
381 587 1
220 323 10
297 591 1
295 378 15
86 626 16
44 419 17
31 33 167
374 614 109
123 625 695
489 574 10
79 479 8
584 645 10
208 520 3
66 154 6
195 320 2
205 448 16
198 505 6
159 443 8
242 581 15
101 458 9
252 461 5
177 476 10
153 553 129
309 431 16
377 456 8
199 468 12
490 606 17
161 536 12
615 642 174
447 463 21
178 303 19
215 441 9
252 466 8
131 144 15
212 471 6
197 488 71
519 553 86
181 599 138
267 348 13
359 630 161
108 542 15
355 564 12
187 330 16
184 463 4
47 98 14
38 180 129
376 418 6
440 541 18
553 591 133
224 544 5
178 557 12
452 496 13
99 467 2
133 182 3
283 352 20
254 584 9
29 202 140
418 556 9
276 518 5
358 603 85
46 281 3
12 33 13
388 434 7
543 595 4
435 605 171
443 490 9
272 307 16
487 540 11
453 614 886
52 179 14
234 571 8
97 311 11
148 315 8
185 329 11
246 472 9
272 454 17
84 246 19
71 191 1
3 230 14
289 420 9
525 572 115
81 190 11
228 638 5
304 553 7
249 282 151
232 304 10
369 538 16
31 263 10
272 608 5
9 630 15
306 415 7
317 624 6
401 405 200
130 580 11
370 445 1
81 290 19
256 274 2
343 560 157
211 262 128
392 395 18
378 475 9
223 350 20
87 254 189
138 563 112
101 205 16
271 361 156
187 551 13
192 378 14
249 641 2
376 593 31
533 632 11
100 377 6
478 504 17
138 317 140
180 185 13
60 605 3
44 266 18
139 608 15
99 427 3
278 393 186
368 615 9
329 570 37
281 479 10
246 451 25
204 269 6
544 630 14
35 143 15
408 421 15
114 456 1
126 345 8
552 642 10
156 528 19
121 252 17
460 635 14
218 537 10
40 465 58
116 226 15
248 545 1
59 148 16
226 421 10
90 198 165
127 409 10
143 190 12
136 207 7
397 523 130
269 363 12
103 147 2
108 581 76
79 363 18
105 283 198
55 272 13
347 467 13
182 593 14
38 195 4
7 92 2
410 614 7
15 487 39
279 433 12
207 339 5
398 576 9
163 172 4
218 265 7
518 644 936
47 348 13
67 480 36
56 198 7
94 302 9
170 392 10
38 448 15
123 303 13
378 438 8
114 130 9
8 297 107
257 569 16
43 86 5
447 520 8
234 534 96
83 487 16
108 309 5
23 395 508
174 514 14
82 234 2
142 587 19
160 481 8
387 574 4
22 271 4
270 559 46
140 306 14
66 176 60
107 416 4
192 388 2
312 545 14
391 571 18
601 626 6
276 278 106
76 185 193
393 512 5
132 273 12
107 431 4
294 620 18
74 390 18
132 242 5
71 567 7
85 524 4
60 486 8
42 287 83
428 627 17
416 644 180
108 553 10
9 160 4
243 488 988
120 336 19
7 631 1
453 469 124
11 623 159
418 642 16
89 603 8
109 588 199
119 167 169
297 434 9
291 615 16
186 448 7
53 278 114
79 581 59
421 530 196
245 435 36
102 132 97
272 534 11
226 530 75
103 376 19
7 366 20
185 550 1
450 599 166
225 447 5
237 335 8
190 403 125
378 617 15
70 597 19
82 299 946
393 543 6
150 430 3
564 571 148
172 450 4
90 408 10
346 498 19
128 532 110
109 197 11
142 607 4
45 183 15
168 353 17
83 423 10
48 635 14
529 542 8
288 475 138
158 331 17
264 405 12
526 542 84
416 584 88
214 577 14
281 333 15
53 638 5
504 553 5
143 248 13
122 276 18
108 350 14
16 295 7
289 606 343
346 372 15
82 610 13
310 580 9
259 262 17
234 315 930
58 598 20
89 594 1
226 520 10
258 534 7
90 150 63
329 547 14
135 472 90
138 292 6
106 430 12
252 604 12
75 349 1
123 251 13
166 517 12
61 525 15
51 124 18
356 626 4
20 249 1
353 482 19
299 413 1
118 476 132
85 610 8
88 471 8
32 35 57
519 528 19
146 276 11
157 405 200
183 527 8
61 142 10
136 172 15
218 439 8
324 563 926
14 628 10
365 521 225
264 577 4
5 29 78
125 485 23
292 307 7
15 518 13
249 274 13
371 478 11
351 369 20
187 300 4
352 477 12
79 225 16
435 468 8
35 263 19
285 310 141
151 482 14
590 598 1
480 537 4
365 571 4
105 603 16
269 471 16
112 123 11
312 449 3
226 286 8
213 464 7
346 466 19
477 543 17
423 506 10
60 362 12
283 465 8
67 244 200
174 283 6
322 442 170
124 313 167
148 588 20
22 211 164
146 480 88
332 496 12
56 342 185
105 130 10
282 486 15
145 401 7
425 521 11
82 519 19
65 352 10
350 636 11
419 562 1
172 497 13
192 610 18
448 593 17
58 125 136
402 528 3
28 635 29
357 639 16
219 513 13
2 470 39
110 122 5
318 493 4
392 589 16
512 521 8
46 142 8
219 235 8
309 503 14
128 350 20
68 640 9
299 329 3
25 509 89
484 488 17
130 632 17
579 603 14
439 616 7
37 112 12
9 251 2
416 632 38
99 493 14
96 367 20
140 383 18
330 505 13
76 595 12
1 254 12
259 646 20
182 478 17
104 260 12
75 458 3
269 282 6
265 634 14
97 533 47
348 398 9
150 281 11
367 507 15
345 386 252
37 211 7
44 509 18
335 374 13
300 368 88
46 307 8
482 588 84
105 274 14
241 466 172
166 434 14
392 394 20
281 368 14
147 349 106
146 445 4
309 620 16
46 374 6
104 232 5
545 623 198
451 565 4
471 603 19
31 100 2
484 534 6
236 624 8
30 228 12
402 431 16
323 569 15
182 276 17
119 603 91
91 424 4
61 347 20
441 638 3
260 495 6
399 533 18
313 348 102
350 597 8
228 375 7
33 315 15
316 547 10
49 172 7
260 271 10
289 614 1
116 361 17
14 97 53
370 584 16
213 363 8
227 417 3
164 636 1
88 330 19
175 606 11
367 588 14
82 91 5
96 287 10
277 596 17
147 482 4
308 457 7
106 459 3
225 289 4
23 245 16
86 192 13
542 645 14
161 255 6
219 383 59
250 619 13
234 554 140
151 514 15
25 58 367
352 474 20
90 141 11
174 416 8
241 444 17
86 539 4
376 487 1
45 147 17
472 511 12
141 177 160
108 272 15
65 111 6
78 410 555
428 431 7
358 499 19
211 312 8
6 102 13
79 404 148
321 506 193
234 300 20
42 486 9
552 597 14
248 291 1
203 271 11
34 496 164
368 525 1
82 340 90
169 462 2
23 571 16
14 111 8
392 567 20
287 558 1
166 366 1
219 592 12
27 578 18
216 232 15
174 349 10
415 426 104
382 440 200
193 572 17
195 274 182
177 516 1
330 374 16
449 636 9
106 387 18
121 614 87
124 436 18
99 479 19
352 564 15
296 329 7
503 604 12
308 331 55
168 347 10
27 138 3
485 636 22
283 586 2
193 466 14
304 502 6
147 392 17
392 439 9
272 426 11
163 284 18
162 502 19
8 82 20
349 608 3
68 594 8
548 586 6
256 342 1
57 244 7
235 431 52
221 256 648
6 359 6
89 131 14
133 161 714
38 520 4
405 419 17
0 556 1
590 629 18
351 641 14
311 571 4
65 467 136
96 164 9
347 421 3
164 531 16
12 149 7
46 74 10
359 532 121
390 559 127
77 146 864
156 229 8
275 353 39
420 430 2
120 177 117
321 468 3
180 372 14
30 399 100
77 191 15
71 173 1
71 360 187
13 459 6
154 292 137
359 367 6
155 418 17
413 436 12
367 460 10
312 564 17
471 559 15
90 448 6
419 468 168
326 532 18
386 479 9
359 446 8
211 495 8
55 100 11
40 191 20
80 475 6
206 426 7
115 172 19
234 640 20
327 379 16
28 84 4
187 368 4
372 526 149
38 422 4
175 544 6
104 238 11
488 598 7
156 516 10
307 428 18
159 240 9
228 367 12
100 380 8
192 614 13
512 633 838
576 634 15
261 573 4
270 539 3
582 635 13
361 468 6
520 601 14
103 238 11
165 559 27
277 578 6
37 178 17
159 513 14
552 563 11
474 571 2
65 458 90
119 161 152
12 433 8
103 478 17
62 437 461
21 56 19
41 450 13
359 415 14
7 479 17
140 639 9
312 630 5
179 555 5
75 642 9
355 416 139
107 555 20
114 522 20
223 628 9
367 586 6
264 267 19
64 68 6
340 621 113
282 298 14
266 276 9
407 442 10
469 626 22
620 637 1
365 552 9
364 512 12
443 512 122
198 336 5
274 410 19
37 638 14
406 512 12
84 180 6
95 391 7
337 561 169
50 370 2
250 308 3
121 500 1
148 173 13
14 312 9
123 132 23
233 240 101
84 317 13
3 636 12
20 105 70
70 173 10
316 624 14
146 601 1
265 533 18
436 580 20
157 265 75
463 508 17
19 439 6
87 133 118
45 214 5
135 149 10
175 631 18
602 642 757
250 511 1
189 450 10
208 621 18
393 619 4
374 445 7
78 257 3
4 58 11
216 471 8
273 456 7
3 593 18
68 451 15
84 534 17
525 531 176
255 333 13
228 594 13
116 125 7
191 444 5
358 625 14
90 94 2
133 363 119
357 407 20
552 612 5
147 540 19
347 470 91
221 565 13
55 86 186
13 254 8
83 177 9
49 355 17
48 51 8
52 71 160
133 334 10
205 527 11
327 336 1
73 560 12
52 374 1
411 427 127
21 267 16
322 605 4
22 342 3
161 636 6
303 428 5
255 464 8
82 599 20
69 368 4
108 323 16
558 572 17
397 425 9
582 589 8
156 501 1
48 211 169
385 578 9
59 345 39
5 345 20
11 496 7
29 35 18
109 507 5
591 637 5
480 617 6
576 613 14
127 312 7
307 432 132
144 644 14
99 243 4
51 156 85
486 554 17
183 215 25
165 409 2
78 138 3
6 608 20
480 523 11
246 456 14
204 306 18
380 516 796
4 184 20
18 461 2
23 235 8
174 578 176
209 617 10
326 501 8
353 644 7
353 423 1
173 249 140
245 253 5
113 268 14
372 406 3
354 530 92
206 417 181
389 487 10
141 311 7
327 537 3
115 607 3
191 270 17
213 583 359
123 601 8
281 588 11
83 362 13
178 240 4
35 390 8
40 115 5
258 533 15
253 327 4
37 285 3
386 388 15
470 523 128
157 253 124
432 511 16
98 480 2
145 608 4
567 629 13
467 613 16
88 522 16
2 515 20
344 509 16
44 416 14
291 547 11
105 301 16
44 303 5
199 633 12
363 409 18
107 278 3
304 343 20
203 342 4
29 245 7
265 571 178
360 535 15
116 330 389
303 607 10
20 420 19
121 598 110
0 642 19
263 470 6
0 83 13
35 278 1
6 141 20
266 342 10
114 233 20
240 293 3
447 471 2
21 158 9
315 335 13
103 576 441
556 593 2
90 593 9
130 350 2
81 127 13
79 272 6
608 622 16
243 539 13
85 209 19
301 418 14
3 193 16
322 404 6
127 446 14
216 297 6
423 616 1
278 577 17
191 565 8
188 629 19
120 273 3
194 591 15
51 300 14
226 431 19
215 517 10
178 199 4
333 555 17
15 63 4
448 551 10
257 549 19
16 220 179
23 436 14
10 262 4
220 307 5
178 203 7
409 496 70
300 530 9
234 310 10
523 604 4
67 488 8
102 473 12
3 618 14
6 629 17
347 499 10
21 444 121
379 540 1
17 242 20
43 637 11
139 565 18
83 229 1
1 520 3
105 238 2
28 603 20
58 516 14
95 646 18
79 565 136
358 371 160
46 109 127
218 345 444
167 175 6
119 196 916
154 357 2
365 412 144
174 410 73
132 619 9
292 407 979
384 452 6
48 399 1
478 541 20
91 321 14
44 587 11
157 203 8
344 397 16
17 480 6
92 203 8
234 519 17
243 581 9
56 569 134
212 217 158
55 423 5
150 389 18
45 421 11
398 425 69
351 642 7
359 522 51
92 506 18
300 591 12
212 436 33
57 324 12
329 371 18
86 119 3
57 231 9
241 580 19
392 538 2
245 252 5
5 454 2
90 634 80
523 568 17
479 545 15
210 525 7
3 151 15
188 351 77
425 603 16
243 318 15
200 387 6
87 489 13
203 535 13
292 439 2
154 167 39
103 448 161
24 506 15
129 513 9
568 593 5
468 612 14
85 363 7
451 571 7
482 507 15
137 251 13
91 198 12
61 146 3
102 552 20
46 103 17
86 312 15
27 358 9
114 408 19
270 474 20
192 400 1
326 377 11
307 632 90
290 537 17
169 205 6
17 26 20
474 505 7
40 595 4
203 497 38
195 416 15
23 613 19
157 336 14
82 490 13
427 466 93
17 325 18
84 556 131
139 175 129
97 631 2
300 431 7
352 363 124
168 587 14
495 601 15
82 141 6
261 546 19
418 578 2
16 352 4
71 361 17
626 630 9
214 462 3
365 391 177
271 287 3
581 622 9
125 639 25
236 276 9
31 610 173
386 531 10
65 246 20
380 491 17
177 406 3
458 564 9
23 242 13
28 236 16
392 445 2
45 601 13
374 587 15
146 245 7
106 166 2
373 573 18
217 325 11
141 509 918
208 551 130
52 588 20
635 640 198
418 577 12
312 415 117
117 493 12
141 536 4
138 447 13
99 466 13
212 541 17
440 469 70
394 616 168
429 577 12
299 525 12
361 496 2
157 407 11
7 429 8
305 372 13
101 196 10
80 326 7
235 629 12
45 418 100
131 368 11
168 504 18
301 493 98
484 606 15
176 282 1
42 390 4
344 398 2
362 453 17
173 545 12
197 598 11
113 642 19
336 496 3
222 388 10
335 544 194
31 370 91
365 567 15
330 384 165
239 493 3
184 337 1
52 577 40
255 606 9
355 539 89
376 478 9
308 561 120
95 151 1
150 622 13
31 558 12
234 464 17
439 536 19
69 591 19
297 571 18
231 644 17
547 636 82
58 570 6
44 103 20
421 448 18
411 487 8
171 350 13
31 428 15
99 172 54
35 367 13
312 352 163
13 490 900
368 378 7
91 379 12
286 294 4
380 515 19
431 450 18
205 270 15
157 609 15
9 205 1
274 360 8
92 185 3
328 481 1
51 487 15
36 290 8
129 335 110
155 437 190
254 273 12
456 466 18
221 312 4
367 476 17
330 414 3
213 597 721
70 525 6
77 548 9
1 424 9
383 586 15
34 487 11
288 513 20
211 215 5
116 245 54
89 437 2
462 577 15
173 488 17
291 493 19
304 521 7
307 604 7
172 400 60
397 403 2
210 622 6
171 298 9
158 538 4
173 276 14
295 550 6
255 356 3
281 595 78
123 338 15
294 390 17
50 258 8
312 474 181
389 448 16
200 528 17
263 469 147
48 507 3
17 306 18
307 416 4
316 395 9
240 353 17
62 354 13
135 231 149
271 306 8
248 494 576
86 339 3
12 606 10
322 644 685
209 590 2
236 523 59
410 537 4
7 601 10
415 637 7
155 409 18
303 416 11
420 474 17
441 605 10
470 638 11
113 283 18
565 568 3
282 404 139
567 632 15
129 613 19
128 372 4
143 198 117
529 612 6
517 606 12
464 506 112
122 471 7
5 438 4
6 389 2
519 601 19
174 211 6
257 278 17
296 592 12
27 298 16
222 584 13
64 505 15
432 634 20
143 403 7
167 246 9
226 604 134
544 634 12
0 571 13
59 231 7
23 604 171
176 221 18
46 244 18
36 500 7
30 574 4
181 353 2
57 516 16
458 571 7
173 397 3
10 140 174
530 576 4
75 182 1
136 177 10
230 503 14
27 550 14
31 584 17
207 451 14
58 137 3
75 606 9
424 472 7
248 489 16
388 457 54
220 499 106
258 564 6
137 454 15
3 111 16
247 577 4
42 565 8
5 467 124
145 187 15
26 532 83
250 530 17
28 338 5
274 559 14
411 586 9
23 498 19
163 587 4
103 307 7
48 413 20
281 577 3
34 542 2
296 476 19
458 634 8
86 167 17
70 639 17
417 444 10
63 133 17
464 534 11
112 377 26
316 637 242
389 440 7
452 536 2
60 460 11
240 459 12
12 294 2
42 295 13
194 486 2
287 471 16
419 531 27
57 480 9
525 552 148
35 321 16
28 344 766
399 436 24
163 173 9
35 645 16
288 500 15
43 488 19
414 597 2
85 510 18
109 148 10
206 347 6
58 470 17
167 339 103
103 218 55
197 381 97
187 273 168
58 471 1
460 554 17
386 646 12
129 540 11
122 372 20
59 205 20
268 280 18
485 605 163
247 511 101
232 457 10
499 590 18
142 526 136
241 308 7
46 370 174
156 170 1
18 181 1
202 556 20
17 73 107
317 356 20
376 527 11
543 615 10
128 214 11
423 538 6
248 295 1
344 626 4
209 361 9
37 418 9
318 322 13
47 152 6
199 511 15
41 311 14
197 345 34
318 605 6
41 281 6
72 87 332
559 585 15
158 198 178
252 304 19
141 539 13
38 632 36
463 582 2
386 462 13
277 286 11
180 308 19
154 369 171
188 595 14
508 572 972
110 305 11
385 419 17
215 351 20
68 163 2
319 538 11
18 515 20
242 564 169
194 276 7
129 401 16
313 575 5
110 250 17
245 299 20
88 369 6
209 602 17
12 360 10
537 543 15
23 623 19
247 581 107
29 124 19
281 445 16
125 507 18
451 627 18
291 404 12
5 273 76
169 538 13
290 359 10
344 625 4
326 646 1
68 508 10
372 420 4
90 376 11
104 464 11
482 525 18
30 496 132
79 579 134
341 435 17
159 339 180
98 106 17
482 641 5
527 539 6
107 570 1
84 182 16
4 612 119
280 443 11
129 384 93
23 638 96
122 435 1
114 156 16
84 431 14
425 508 17
0 445 13
388 595 8
23 130 18
603 613 5
134 451 15
100 589 17
73 175 10
265 645 7
82 364 7
234 446 143
19 634 14
307 492 13
183 401 12
586 611 5
482 522 14
233 242 18
581 609 10
47 188 4
131 136 8
0 55 19
161 553 925
158 405 8
6 239 18
86 446 15
358 400 18
258 261 6
221 418 16
177 640 20
207 603 99
287 499 4
413 520 11
230 346 8
72 361 667
213 258 14
35 511 19
269 280 729
164 332 4
84 141 3
276 372 9
271 594 9
31 44 6
436 553 18
135 557 15
173 616 7
217 333 11
362 543 94
24 334 17
424 520 13
488 577 15
151 320 64
331 533 7
227 573 9
115 385 176
16 530 5
267 411 16
8 351 690
560 593 15
146 449 6
132 379 20
16 498 19
100 452 9
313 382 4
18 116 5
1 220 1
238 303 160
384 475 152
197 423 191
154 643 13
395 486 81
268 585 718
141 380 105
197 256 6
247 509 10
333 347 193
418 565 6
116 399 8
133 547 20
62 75 89
285 512 15
248 591 2
118 296 9
252 623 7
47 520 7
392 611 14
293 460 16
380 444 2
400 409 9
385 632 19
266 551 16
280 478 4
138 395 10
88 340 3
177 218 9
353 518 149
392 571 6
316 405 19
53 395 2
146 613 10
141 478 31
184 607 5
4 415 12
497 611 7
473 562 20
25 149 13
255 395 17
429 643 2
21 436 130
168 603 9
106 640 87
225 377 18
318 545 13
333 482 17
261 605 18
205 556 5
222 251 6
200 590 162
364 460 9
77 517 1
215 379 5
162 183 105
122 526 1
114 469 3
148 404 146
143 580 18
245 498 1
73 147 11
82 415 315
31 238 145
175 243 17
68 464 17
1 111 19
37 471 3
420 579 1
266 410 12
141 423 1
416 606 15
30 640 160
310 533 12
88 453 16
39 334 21
335 489 147
25 253 9
80 600 9
208 310 16
155 345 1
285 471 14
215 340 157
52 426 6
423 526 8
154 428 1
249 494 14
105 302 16
402 577 6
68 87 1
494 569 11
74 283 9
215 457 14
337 419 9
145 160 17
291 634 7
300 395 3
161 345 1
58 588 1
82 493 29
303 635 20
382 384 1
103 303 119
25 229 6
180 303 15
68 260 7
493 508 192
129 293 97
322 509 11
140 584 20
20 62 10
91 632 19
198 442 3
375 434 5
125 532 14
31 67 19
58 453 5
311 360 36
573 589 97
323 604 82
280 438 11
59 566 20
114 390 171
4 570 9
82 363 2
322 630 111
8 197 18
288 592 8
232 340 19
231 485 52
565 582 18
104 549 14
498 600 11
7 544 4
225 399 17
260 284 10
24 534 7
52 218 13
195 468 16
59 353 16
201 214 3
301 473 9
96 532 1
211 631 4
348 422 15
23 556 7
193 226 10
172 315 2
293 300 14
412 517 14
243 479 14
421 550 20
75 564 160
156 243 5
60 215 165
316 427 198
121 462 83
138 209 20
339 395 169
31 217 8
207 221 521
248 255 16
22 312 10
79 108 13
257 463 18
116 526 14
3 216 943
477 587 6
64 408 10
23 461 1
130 373 6
412 520 1
180 223 9
17 516 9
411 460 8
360 572 166
197 581 8
90 282 1
457 475 20
436 564 4
162 445 7
122 430 20
374 588 79
491 499 4
229 321 18
107 233 17
188 476 8
3 153 5
188 609 17
191 244 187
35 635 3
432 642 17
185 437 19
87 463 5
34 391 20
36 646 20
140 311 8
355 639 18
221 227 14
540 578 3
95 265 139
445 588 14
456 499 2
82 504 15
102 298 7
209 475 4
270 630 13
42 413 18
48 496 7
337 531 11
146 532 11
31 250 11
515 588 39
66 283 17
332 387 2
163 452 17
418 533 11
41 209 10
63 305 17
137 494 5
276 629 619
355 628 10
352 596 2
26 578 15
378 592 8
35 591 3
336 405 2
256 528 2
75 242 11
223 317 943
240 322 65
30 221 4
454 504 144
42 533 2
563 570 16
130 609 14
291 545 8
88 258 14
212 632 2
530 533 19
154 496 18
53 371 7
22 452 4
399 628 160
214 419 594
82 152 28
93 167 18
189 585 21
323 393 72
109 458 14
19 270 14
263 433 9
31 563 12
128 322 16
135 645 8
278 301 20
482 578 181
130 212 19
82 86 728
9 229 16
405 636 3
465 533 18
243 404 15
161 646 12
496 561 19
205 588 20
126 579 13
27 227 180
29 89 13
291 581 148
71 542 20
215 369 145
74 417 164
146 436 6
29 622 15
13 298 1
441 601 17
0 608 5
361 377 200
209 303 11
178 446 187
343 614 9
90 100 15
273 290 1
264 498 18
549 570 8
119 362 3
3 125 14
169 303 15
98 605 26
201 547 16
61 472 6
137 601 7
0 226 6
28 429 100
395 571 20
217 319 18
123 446 193
28 233 6
416 599 137
183 227 15
203 458 1
545 605 10
122 567 13
429 542 3
242 601 154
393 551 114
507 641 13
285 424 152
100 535 176
242 261 2
81 460 20
404 467 17
278 418 19
211 268 9
81 288 8
16 459 14
307 409 11
298 348 6
63 227 5
200 470 122
206 255 9
37 231 4
391 609 5
219 400 3
400 544 3
427 630 293
31 118 3
146 408 16
91 416 13
362 413 8
152 624 16
157 629 11
343 345 12
7 141 281
34 476 61
189 356 8
177 305 9
229 638 144
407 498 2
258 583 10
395 534 12
424 577 3
112 247 7
159 566 18
441 606 2
96 502 2
31 70 12
495 608 13
249 466 11
138 527 8
238 307 8
75 413 14
601 631 2
343 574 15
369 578 19
307 496 15
121 604 8
18 190 15
305 313 17
292 593 12
454 574 20
317 599 8
29 205 4
158 577 195
118 362 2
232 563 10
149 514 11
15 85 7
257 293 10
418 539 58
74 248 20
233 452 127
63 366 18
525 612 6
52 109 10
17 20 10
404 545 1
253 537 8
336 462 9
183 216 6
200 634 4
11 377 18
318 543 20
249 521 4
172 403 3
84 594 9
415 482 15
392 534 116
214 422 5
231 369 17
411 447 3
9 127 820
170 371 359
93 510 2
498 536 2
420 557 1
255 310 1
49 315 15
354 576 18
251 345 132
15 311 10
300 353 19
249 296 14
131 468 20
27 543 4
102 393 9
246 462 990
283 549 12
263 355 132
146 550 17
139 169 13
54 127 15
547 555 15
603 631 18
23 399 12
129 573 3
24 132 6
88 183 12
232 376 19
234 311 3
80 533 9
578 617 11
184 222 13
123 519 9
78 545 106
6 304 16
37 564 1
16 166 9
58 66 11
151 153 199
231 578 13
52 516 18
120 575 5
408 523 14
179 348 20
467 565 2
1 38 146
523 596 8
233 561 11
240 519 115
305 552 1
367 610 178
577 578 18
29 400 13
251 602 16
389 480 11
201 342 4
234 439 19
10 543 10
9 121 6
8 630 18
122 171 2
282 467 146
600 626 9
271 400 15
54 477 7
75 422 20
45 123 18
5 461 2
13 160 494
17 34 18
96 595 20
110 430 16
199 630 112
321 427 8
72 460 121
126 340 20
21 638 14
82 354 13
221 609 4
360 444 120
322 545 9
466 566 6
356 424 11
38 416 11
217 579 17
31 612 15
148 374 2
168 622 9
158 610 1
131 301 14
527 583 20
214 573 20
377 535 20
63 630 4
40 56 6
70 150 18
332 559 54
508 588 14
491 607 140
195 605 6
91 595 6
127 603 5
206 445 4
5 306 5
182 556 95
131 291 15
21 213 7
207 342 8
284 534 18
119 441 9
54 243 2
6 529 88
10 245 17
378 452 3
45 217 12
23 273 4
397 601 3
370 431 11
483 485 25
589 637 2
26 183 6
10 463 165
318 483 20
205 354 2
260 283 14
109 545 18
247 646 8
68 156 10
303 307 13
77 395 2
127 389 14
350 390 13
202 320 12
84 418 19
212 268 7
476 519 3
272 409 17
315 322 19
451 535 1
65 366 20
131 556 6
132 298 16
264 532 9
539 547 13
404 479 84
334 586 10
118 636 9
116 639 49
240 585 7
71 518 5
137 150 17
412 415 9
204 209 5
60 342 17
106 405 1
167 423 96
126 172 10
300 643 13
285 633 7
280 606 19
103 270 4
384 579 12
25 603 40
450 481 9
27 107 19
32 73 15
181 335 12
10 31 9
243 553 62
324 353 12
111 453 6
476 511 12
179 438 15
293 571 1
381 511 16
198 557 7
424 532 133
192 489 10
176 345 16
562 585 3
207 296 16
19 177 145
214 629 15
391 535 11
20 398 10
157 308 14
124 577 14
106 568 10
177 396 19
391 646 10
66 184 17
84 151 8
520 543 19
400 592 1
118 610 3
21 600 12
70 85 9
235 325 2
145 249 19
197 436 5
513 568 14
22 160 93
59 239 1
184 229 6
23 297 16
84 426 10
191 250 13
290 617 11
71 391 10
143 200 17
47 111 3
520 532 20
295 484 11
174 388 12
106 114 7
7 461 1
486 617 8
107 436 14
43 271 18
353 389 10
364 639 3
96 264 9
38 272 7
374 545 4
259 626 8
60 92 10
365 481 9
174 472 50
260 425 10
304 614 15
153 631 8
241 579 13
246 470 115
25 183 5
606 617 8
243 493 175
114 397 14
448 556 105
174 563 36
59 203 19
21 461 5
371 568 14
231 245 5
333 469 11
237 493 4
367 559 4
41 440 14
97 620 70
183 425 6
388 471 5
84 441 4
53 144 14
108 398 5
59 380 14
246 323 7
272 578 11
326 512 3
274 341 15
111 564 19
393 485 2
322 457 8
381 521 11
77 291 132
137 553 19
109 564 1
374 638 9
489 507 14
432 562 3
334 604 10
11 69 1
149 354 5
31 461 3
610 626 92
135 235 174
162 600 8
262 452 4
91 363 4
152 384 18
377 638 10
443 499 16
275 306 114
120 361 18
202 542 11
29 227 12
165 509 59
29 80 11
552 570 20
233 350 19
9 82 16
457 643 2
109 474 2
39 214 1
3 360 4
241 534 10
45 226 47
290 455 3
28 477 18
103 256 20
310 388 1
164 354 19
126 542 12
332 645 66
105 421 1
329 432 8
265 425 17
19 446 5
37 143 4
409 429 11
21 391 11
469 570 16
159 238 42
58 150 191
30 145 4
101 386 4
510 607 19
74 565 2
323 394 14
318 404 13
217 477 50
145 228 13
71 607 17
194 285 13
14 231 13
94 601 20
249 368 15
350 509 19
276 478 174
403 515 17
163 580 20
107 297 19
47 405 1
423 441 14
7 143 12
150 408 12
111 183 8
298 458 20
189 243 124
546 583 183
54 327 11
566 636 8
432 501 16
592 644 100
239 308 2
4 565 9
324 404 14
118 365 5
162 556 144
226 363 128
392 640 7
198 304 115
190 491 14
305 440 13
490 541 14
433 643 13
99 263 16
163 197 91
288 302 19
267 612 512
382 535 16
242 640 17
307 479 7
69 190 8
72 527 13
239 600 6
336 390 14
63 521 4
226 354 10
322 356 9
189 581 18
405 438 9
353 613 6
74 374 2
4 171 12
65 363 1
94 209 10
26 75 3
47 387 6
25 300 40
428 632 19
351 577 56
585 644 11
293 452 4
42 332 9
148 631 16
78 593 54
7 23 7
185 265 8
420 438 4
115 628 8
113 281 154
59 192 12
211 509 10
58 612 11
282 622 17
41 424 5
144 624 19
93 459 19
99 434 8
36 246 15
163 166 126
588 610 72
274 592 10
99 610 110
108 493 12
371 537 9
373 467 184
411 482 1
253 443 2
99 581 14
310 473 18
105 584 8
506 605 14
430 525 17
376 475 20
163 209 140
435 608 17
313 343 20
348 421 17
262 366 1
84 270 176
345 533 126
121 369 1
212 562 10
246 380 8
367 624 199
173 641 11
486 566 158
272 577 4
182 205 18
82 643 12
42 197 7
603 629 10
410 617 8
397 444 18
138 423 2
237 507 16
154 607 11
210 401 17
395 439 7
340 556 10
585 594 6
21 219 4
310 481 1
58 252 14
135 253 21
311 439 14
143 237 20
313 513 18
414 533 7
115 371 18
444 646 17
368 410 14
517 551 13
25 280 10
310 395 9
136 466 13
103 556 123
256 551 14
333 615 9
148 157 18
71 338 17
220 392 10
48 129 15
236 528 10
375 476 19
339 514 13
39 290 18
45 537 12
451 483 126
179 384 8
205 248 123
0 16 4
361 639 180
163 635 4
291 459 10
66 427 19
535 584 3
1 168 16
126 394 13
367 626 1
479 493 12
551 583 15
383 493 19
26 179 3
177 285 17
198 264 10
58 73 12
81 611 14
205 593 16
22 623 11
93 381 20
239 570 9
289 551 140
201 501 714
374 439 12
408 577 11
85 603 16
113 460 12
197 242 5
139 447 15
378 527 16
72 80 18
46 353 2
469 538 79
510 603 205
145 613 20
186 254 11
61 530 47
2 413 19
228 269 11
28 452 3
461 601 20
346 620 814
259 401 20
252 255 9
484 547 12
552 565 177
252 383 85
507 588 14
215 261 20
108 479 5
202 568 13
224 513 14
13 96 15
255 392 3
241 593 16
271 295 20
549 615 9
288 543 7
241 373 5
181 243 4
34 298 13
139 341 8
272 404 20
0 543 7
228 325 11
124 285 5
118 336 19
264 469 19
1 587 6
331 444 10
22 288 15
120 448 18
197 622 15
170 238 2
30 337 18
166 545 20
291 322 3
76 309 8
183 308 11
310 589 5
46 172 1
224 296 6
99 322 6
42 479 14
515 595 194
111 392 4
79 545 17
587 628 19
385 605 3
37 122 2
161 249 14
29 521 3
94 107 10
320 386 13
297 411 17
148 281 100
195 472 11
45 636 17
358 601 11
11 466 4
373 604 12
202 492 9
250 605 12
163 380 6
49 641 9
130 266 14
66 516 3
379 494 10
62 364 43
215 624 3
256 405 104
13 400 20
330 644 6
83 618 63
81 161 12
62 323 1
33 384 13
43 249 17
454 523 14
232 479 35
2 405 3
483 533 9
279 468 5
255 557 57
260 291 13
102 605 10
215 283 20
414 593 5
144 389 1
374 544 16
145 574 18
20 555 17
6 101 15
335 539 11
65 197 15
82 447 14
171 407 13
196 558 15
270 527 9
204 341 20
142 146 17
192 353 2
138 290 999
62 526 7
205 403 7
147 495 185
68 272 9
201 537 1
209 507 19
215 406 195
16 161 18
66 319 8
539 599 2
441 576 81
169 540 18
231 456 191
80 471 7
444 640 18
388 422 5
55 581 2
529 552 15
85 317 7
126 378 16
176 378 17
165 353 8
98 256 102
61 79 9
46 303 8
441 597 88
351 511 3
229 503 167
117 465 6
450 532 9
362 603 100
170 553 16
41 55 1
25 367 19
109 352 5
125 585 12
218 606 3
430 588 2
628 645 3
250 536 13
13 144 3
233 331 636
226 396 8
72 644 17
284 462 12
87 181 14
143 569 3
17 21 12
147 279 20
186 345 132
240 498 4
138 403 150
458 507 15
45 157 26
90 360 131
418 526 3
493 610 6
310 464 1
78 358 4
173 595 7
221 442 6
55 257 160
248 387 7
287 623 7
407 488 17
331 601 4
166 313 9
139 253 5
57 568 14
441 477 2
537 581 10
533 619 16
250 271 6
54 239 14
271 551 20
396 574 15
273 294 558
183 440 336
229 517 93
21 23 1
298 427 126
405 628 123
400 577 10
50 164 11
306 530 114
478 556 7
245 461 6
167 428 3
86 127 8
4 132 10
453 593 5
239 605 20
207 290 3
303 361 14
211 246 1
303 505 17
22 630 16
120 514 10
404 513 169
299 566 76
332 531 834
137 496 39
99 565 3
362 375 10
128 623 18
95 612 98
524 628 16
251 599 10
402 645 2
98 571 16
141 314 17
292 304 110
180 608 14
173 509 15
309 494 2
214 283 14
451 646 7
72 226 60
186 502 12
100 240 142
311 579 19
512 562 10
413 569 2
305 596 9
42 581 20
185 191 18
114 293 14
99 405 59
88 130 24
558 560 16
172 289 1
42 493 19
432 589 14
193 418 2
257 373 19
39 479 2
0 421 12
596 614 58
262 334 14
294 556 13
79 348 92
184 596 14
472 516 13
148 545 185
312 321 127
17 22 16
126 640 19
71 153 8
173 518 5
133 474 12
464 611 33
278 372 3
445 561 2
50 393 18
141 527 104
200 582 35
246 579 2
168 498 7
251 628 1
16 305 5
354 498 3
441 640 11
7 520 7
259 491 6
11 140 12
379 615 70
333 535 5
257 637 1
138 380 15
367 630 99
461 506 504
333 551 9
89 622 148
424 589 7
33 357 345
195 200 9
296 325 61
141 270 11
210 443 157
17 49 10
273 399 13
147 489 602
24 123 186
290 432 179
523 567 7
138 266 17
99 310 18
49 278 5
211 465 10
284 460 6
296 525 16
49 52 16
157 379 122
174 188 827
219 303 9
29 42 2
296 364 3
121 443 17
239 474 2
176 265 57
133 566 288
405 429 2
23 412 18
458 474 15
25 497 6
496 530 15
85 432 7
64 583 20
56 542 1
140 146 4
11 89 4
165 340 13
171 173 529
367 464 115
127 160 440
24 198 3
206 469 425
285 458 870
507 591 11
555 646 10
535 549 136
380 547 20
244 443 98
239 244 7
116 391 20
75 370 14
29 38 8
201 463 4
233 571 15
34 500 4
48 199 2
186 266 7
95 379 20
301 384 6
535 595 19
542 628 9
162 362 11
304 374 5
315 624 134
546 629 17
207 222 16
237 328 17
302 608 6
61 188 2
207 307 1
19 265 632
329 558 195
161 452 94
246 319 7
179 625 10
600 617 17
118 596 4
65 312 9
25 628 3
82 630 13
473 497 16
98 520 161
253 509 192
87 214 20
16 406 3
17 578 74
60 195 10
153 617 161
553 563 12
239 578 1
375 463 18
251 538 15
360 593 9
39 307 10
70 349 148
99 435 4
90 292 6
234 395 20
333 479 11
31 344 2
93 548 6
353 529 8
81 170 6
353 508 39
76 221 20
174 405 12
13 511 7
256 276 164
128 570 170
205 453 1
238 244 10
32 473 127
79 503 6
207 519 12
521 624 14
418 646 10
483 590 14
195 439 159
54 149 139
70 377 19
183 424 105
554 588 13
377 590 60
525 597 412
153 576 20
350 553 12
282 452 15
61 623 6
506 542 4
161 577 141
537 635 8
299 420 16
181 298 56
14 30 11
265 368 13
118 390 2
467 591 6
284 624 7
208 234 18
6 642 6
268 434 9
123 380 14
389 577 13
31 570 19
48 188 17
80 586 14
105 380 6
50 643 14
4 213 44
263 559 14
582 619 78
284 400 441
345 498 6
322 581 103
437 553 158
206 434 5
339 389 12
22 489 2
37 325 117
154 362 18
327 619 3
35 257 18
191 322 100
111 261 6
150 612 158
195 319 146
248 590 169
529 563 7
126 334 4
135 199 9
7 191 7
42 291 10
570 636 17
409 475 10
4 402 67
394 561 16
283 422 20
195 632 2
202 312 16
150 597 18
264 332 65
219 553 7
97 180 4
475 607 2
254 451 4
106 110 1
373 605 19
99 318 85
575 616 5
306 565 127
30 219 3
195 303 16
135 215 17
244 428 19
96 197 4
234 389 38
118 588 5
53 255 13
52 140 16
276 351 142
331 453 12
579 588 12
192 367 8
206 458 11
44 135 17
46 138 3
378 612 16
103 322 2
465 619 8
317 561 9
58 192 12
250 262 12
511 591 11
47 373 4
156 178 8
147 566 132
250 327 8
171 597 942
112 234 18
52 347 149
63 607 9
263 285 2
364 402 20
485 510 5
184 204 19
4 68 5
202 590 16
90 539 53
257 314 15
182 539 1
404 581 13
56 427 2
202 631 174
336 645 18
514 641 104
525 570 7
141 593 8
62 530 2
310 311 142
276 535 18
52 111 7
454 546 5
4 563 9
535 551 18
100 592 109
181 220 90
9 104 14
318 581 10
16 283 4
55 426 20
280 544 8
3 327 1
274 545 15
311 509 50
30 198 103
84 90 4
108 291 20
150 618 15
5 253 7
147 426 17
579 617 17
75 300 193
143 500 3
501 549 14
46 428 11
59 451 8
109 196 81
99 487 7
40 292 2
149 168 130
152 508 116
467 589 40
38 44 19
195 244 192
296 373 4
78 129 12
101 309 2
44 578 188
126 479 65
353 541 4
461 520 4
418 454 16
133 171 186
112 527 11
311 480 19
68 240 5
64 319 17
90 103 9
128 279 7
303 373 11
374 540 9
25 104 2
157 558 17
324 636 19
206 274 5
171 571 12
81 528 16
61 210 12
304 314 18
47 529 130
18 482 109
319 613 4
357 609 14
118 219 5
136 401 12
68 428 62
297 564 17
366 429 13
242 474 8
307 308 66
252 411 18
342 463 14
65 507 798
121 408 8
49 343 17
2 61 13
24 181 1
545 581 8
18 106 20
194 610 1
238 545 16
188 313 20
31 525 3
92 130 27
397 433 5
103 274 10
304 428 2
84 191 14
202 536 10
7 453 55
399 509 18
386 497 15
356 483 44
25 97 83
214 308 16
469 572 15
99 108 17
200 422 10
471 568 1
486 516 2
154 387 174
455 507 19
39 484 18
432 537 4
64 194 16
252 631 2
60 600 4
457 536 12
469 578 13
520 539 1
243 280 19
171 266 48
532 641 13
354 368 17
301 351 14
492 555 9
138 514 9
61 527 12
208 479 17
418 593 10
272 322 113
37 126 11
298 519 5
286 602 19
275 428 13
115 449 2
267 364 15
355 455 123
73 205 8
167 284 19
79 391 8
6 268 10
232 646 18
86 353 8
38 96 55
132 589 175
103 195 11
28 391 3
136 404 9
79 605 8
90 191 3
2 31 7
30 246 17
250 450 17
446 610 17
191 593 6
143 314 14
131 365 5
8 370 18
182 270 11
546 622 19
197 264 14
183 557 12
575 624 16
191 376 12
239 346 6
98 366 11
83 215 1
82 279 660
452 470 10
170 289 15
210 261 10
96 268 12
8 137 5
100 646 1
191 541 18
114 464 2
249 634 150
79 493 10
182 418 5
56 593 18
211 281 17
2 209 61
17 445 16
542 543 17
195 506 16
253 631 5
69 552 5
181 200 2
218 249 784
209 298 8
155 216 19
32 528 83
385 592 26
34 531 12
75 116 11
116 516 110
92 542 17
34 466 20
598 613 257
8 134 13
62 220 186
413 546 19
363 403 9
407 605 18
133 264 15
299 337 195
134 316 4
191 418 488
528 645 18
363 473 4
537 616 186
15 607 4
291 596 13
35 425 7
165 623 17
111 585 17
346 573 15
415 542 5
567 644 104
198 610 5
82 626 9
308 526 1
172 191 1
494 633 191
73 221 9
467 490 7
513 627 14
543 633 15
60 213 13
109 117 623
97 235 2
32 599 1
252 399 10
81 444 7
277 477 891
345 613 90
370 637 197
179 227 5
90 418 3
387 482 5
343 476 8
439 571 14
234 346 10
31 632 10
294 472 10
295 348 13
323 324 6
89 545 19
295 393 6
405 496 84
173 306 10
167 342 1
100 164 11
181 234 119
288 416 5
425 427 5
126 520 19
332 341 11
134 510 161
212 604 2
51 133 84
74 346 3
266 589 8
297 392 4
58 295 14
478 527 6
101 288 16
46 632 100
22 187 13
330 343 1
162 476 13
48 325 18
389 600 32
155 566 13
457 587 6
411 560 9
526 642 17
327 521 17
418 448 2
325 471 86
101 422 1
115 525 16
288 545 2
297 310 16
107 577 15
364 419 187
45 204 15
106 421 332
228 475 8
22 470 3
229 608 13
268 283 10
228 459 19
527 556 5
199 339 7
25 353 170
257 444 810
303 583 2
282 317 17
266 458 18
158 387 16
45 309 6
505 588 17
157 178 8
360 412 9
42 193 13
426 440 143
141 418 16
71 561 19
149 381 156
418 527 11
233 465 7
38 166 9
273 529 6
148 508 1
164 277 2
117 482 16
90 556 125
159 273 4
174 256 7
254 266 6
187 411 2
34 468 12
46 148 3
193 545 19
170 633 20
206 298 173
460 638 17
153 539 150
225 527 10
208 304 136
75 366 1
379 397 6
76 256 13
50 157 2
165 358 7
40 271 16
397 568 151
202 294 1
406 506 14
192 630 9
193 228 11
161 413 983
232 613 9
167 331 7
234 550 48
326 441 25
246 326 13
7 256 1
257 499 7
19 110 265
580 637 18
149 321 134
250 564 11
189 486 18
118 620 9
235 260 1
478 539 7
55 595 14
165 392 8
557 586 19
604 631 2
197 614 8
117 323 10
109 571 19
94 551 7
464 553 19
139 280 16
6 199 108
414 596 19
234 235 20
98 169 995
190 605 17
322 479 7
391 550 17
26 80 14
638 639 10
29 384 2
61 224 7
365 489 2
183 274 16
250 355 16
96 338 13
199 550 2
378 396 16
112 421 2
223 624 19
542 569 13
520 604 5
29 335 17
77 594 9
148 457 17
160 645 5
237 424 1
188 385 147
616 628 16
46 334 18
60 538 9
368 465 4
386 579 55
270 376 2
397 459 18
280 391 6
122 573 9
211 285 6
63 178 3
147 304 15
184 512 13
507 559 85
306 400 9
228 563 6
109 242 17
245 626 23
47 257 7
346 558 494
442 527 142
344 377 10
534 550 4
137 568 83
232 333 1
135 221 669
202 488 1
366 433 103
128 580 9
15 506 7
103 484 19
46 445 14
254 605 95
152 419 5
526 577 3
312 571 8
161 224 81
333 575 80
35 430 19
359 574 51
201 481 14
64 554 14
245 631 19
167 356 5
622 632 1
279 380 53
66 395 1
65 564 10
272 493 5
70 373 11
231 483 150
343 366 6
197 458 94
181 197 1
150 552 200
521 637 13
59 539 16
441 492 7
203 239 2
430 610 13
112 239 17
183 360 47
284 321 19
47 464 48
267 291 5
424 587 85
222 518 298
146 531 10
407 596 19
213 627 13
288 391 1
293 528 2
21 252 551
178 418 13
138 470 18
203 313 6
7 436 20
133 259 6
186 321 3
227 601 87
4 300 9
330 521 5
26 357 18
221 296 20
348 448 13
73 400 194
244 431 4
301 435 10
232 593 20
107 543 116
9 89 148
593 635 9
45 260 16
45 167 138
191 558 8
285 408 18
351 496 20
303 336 7
292 301 329
367 415 91
66 402 5
27 325 2
184 313 13
174 351 17
203 307 104
89 239 17
287 371 6
306 478 21
179 601 10
240 600 4
21 114 3
361 365 7
168 201 17
464 580 14
415 557 13
144 331 3
226 295 10
274 626 18
42 540 150
119 582 5
134 531 19
274 488 11
91 229 122
105 468 4
25 216 888
428 589 10
270 556 54
182 191 1
227 333 14
11 538 14
327 526 19
0 18 931
434 621 9
24 592 15
145 147 10
185 305 4
99 275 6
109 281 55
241 539 9
284 526 12
162 628 3
54 536 63
47 642 18
142 257 840
109 204 16
7 45 18
404 577 15
558 565 10
190 302 3
165 174 9
372 450 14
197 312 20
359 500 18
425 478 18
203 624 107
107 412 3
45 496 16
9 416 20
467 570 15
289 290 136
579 605 525
511 581 19
49 196 19
464 571 9
530 578 9
95 433 5
375 482 18
65 571 20
73 102 2
42 272 8
49 621 10
250 643 25
479 605 20
286 516 20
30 90 19
30 194 17
192 415 13
387 554 17
318 536 17
399 631 18
355 567 15
113 601 9
160 233 17
374 547 32
252 398 19
357 429 18
189 607 800
330 640 139
260 443 4
581 607 41
539 556 2
524 598 19
515 553 6
11 564 2
555 589 3
202 588 18
9 29 13
44 238 4
3 178 151
239 592 4
84 293 149
181 637 17
116 267 17
376 628 10
264 624 5
126 490 626
363 381 7
183 622 18
297 385 18
88 480 19
27 546 57
11 608 4
92 276 747
385 591 3
59 643 5
36 390 17
487 621 174
69 150 66
435 482 128
3 361 12
11 16 7
238 428 694
13 396 17
319 487 100
24 488 19
248 366 547
172 496 4
46 442 180
252 640 13
65 155 3
330 429 4
47 229 19
41 387 18
188 197 161
125 392 2
172 548 4
52 128 12
260 622 64
516 596 10
104 617 18
9 415 23
197 379 208
499 559 20
160 491 24
436 520 14
34 605 16
251 495 12
3 210 670
134 190 6
31 352 173
10 415 15
12 259 5
336 445 11
249 526 3
318 479 8
135 405 6
110 575 6
21 613 77
71 619 7
17 310 7
267 562 12
127 140 16
22 240 16
142 331 7
461 636 1
35 594 16
138 607 5
146 164 7
75 507 16
555 560 14
68 468 153
34 516 10
43 111 11
415 522 6
261 620 13
368 558 7
412 514 18
217 590 18
119 554 124
153 632 17
269 277 14
362 404 8
433 591 3
259 498 19
417 572 16
174 567 14
150 232 1
80 465 8
46 78 49
115 443 7
248 474 13
75 109 2
168 492 1
42 43 20
208 412 99
85 174 18
160 255 8
73 305 80
422 532 10
218 352 11
143 289 3
229 614 7
175 387 19
312 324 18
517 596 71
358 478 15
231 374 5
504 556 18
573 616 14
194 521 18
458 502 20
192 626 1
241 291 147
375 392 891
621 632 13
86 406 5
164 262 17
299 500 11
522 588 10
138 196 9
353 418 1
535 596 178
147 267 4
218 462 175
473 534 20
126 419 7
370 420 2
27 233 15
142 395 15
375 386 12
16 456 1
31 210 16
245 264 4
297 395 19
472 524 145
51 552 17
279 645 20
203 592 31
32 445 74
25 154 12
87 368 6
18 254 1
86 415 11
295 430 8
253 581 18
119 326 18
90 530 82
227 327 1
322 493 10
185 186 11
269 389 12
192 359 109
267 529 3
44 530 19
577 592 16
58 563 18
375 571 10
349 600 4
446 644 3
55 516 15
171 333 12
89 382 6
230 522 15
106 232 11
226 554 15
445 577 169
185 189 139
24 61 7
381 419 525
141 586 19
68 206 3
166 552 16
357 501 18
400 595 19
210 496 16
277 505 16
71 322 12
71 335 7
461 585 10
176 384 1
1 183 19
55 246 13
37 62 8
155 405 19
459 553 9
3 543 16
184 574 6
47 253 5
167 217 2
411 535 4
71 620 110
295 318 10
32 497 3
470 640 3
32 309 617
316 430 14
211 303 138
39 141 5
42 330 4
151 380 10
318 456 13
100 373 10
312 572 11
225 443 20
46 257 3
311 395 2
556 578 2
226 513 7
446 543 23
131 440 176
146 461 16
450 474 15
256 494 12
187 322 4
373 443 18
28 75 20
31 208 15
67 70 4
404 493 19
165 569 13
406 603 16
85 342 12
484 596 13
298 545 19
153 443 5
86 367 20
415 527 8
67 551 16
219 645 17
120 559 15
182 229 4
525 628 10
108 318 15
47 252 7
127 367 1
82 367 10
3 532 5
105 464 2
42 404 17
28 162 3
311 373 4
403 450 17
131 601 194
282 370 4
228 545 1
334 411 5
128 520 75
48 549 16
194 437 20
199 359 11
217 634 967
343 352 104
120 508 19
87 280 20
518 593 11
350 525 17
329 600 73
157 461 7
74 611 9
462 518 5
227 344 116
366 573 2
46 535 10
79 127 13
221 469 9
31 157 147
8 563 107
106 162 20
161 205 2
334 461 5
243 445 14
98 261 119
225 317 17
351 399 6
529 601 8
293 396 18
340 497 8
120 251 19
9 589 15
52 85 20
61 579 39
169 607 7
352 507 8
298 590 3
20 614 7
285 393 20
256 354 16
415 584 760
110 180 10
31 244 160
12 80 128
443 576 5
329 497 11
21 399 12
41 250 18
26 356 3
35 343 1
141 448 3
252 278 15
38 197 20
55 626 3
81 159 8
9 34 17
310 571 116
2 507 4
182 200 6
70 529 1
164 411 15
145 595 12
51 159 10
200 641 2
65 466 20
30 492 9
58 155 7
250 270 6
90 478 13
46 439 4
324 574 1
67 522 12
90 617 112
26 334 8
436 631 10
106 326 5
352 571 118
193 284 17
191 448 172
164 477 17
407 628 8
48 591 4
212 475 160
286 636 8
289 553 18
204 220 14
182 448 2
282 417 25
364 520 1
169 363 56
406 621 4
26 517 2
106 370 17
372 453 9
96 220 7
102 429 3
131 531 19
165 388 66
265 438 4
185 445 18
410 424 15
273 545 497
8 288 14
365 438 161
165 410 6
97 498 1
402 588 12
457 474 9
119 159 4
137 603 13
158 359 24
36 179 2
158 336 1
11 251 9
178 182 17
79 283 44
359 638 9
120 405 19
426 456 5
123 524 6
1 239 68
5 207 16
337 353 2
637 638 190
310 333 105
9 193 13
179 195 14
64 601 13
6 104 18
183 220 18
156 404 15
58 129 75
214 382 19
207 288 10
5 222 2
257 616 20
66 469 4
3 642 84
518 527 24
158 429 6
81 404 6
505 543 3
90 286 9
136 609 10
283 448 19
148 478 1
352 640 83
165 435 3
51 605 10
173 577 3
241 618 12
84 478 17
243 291 9
150 203 13
187 225 6
100 212 9
65 254 23
478 593 2
333 573 12
51 285 19
7 252 10
66 163 8
173 449 278
103 418 11
29 462 11
55 353 1
173 342 3
416 560 19
375 479 15
77 330 11
219 449 13
99 216 4
38 457 6
123 532 7
355 370 6
10 520 15
252 365 20
82 102 13
403 405 135
73 219 15
392 641 3
288 428 4
154 427 171
38 183 121
19 29 20
379 422 19
90 582 6
79 466 20
142 558 189
87 549 10
85 535 11
27 299 15
1 96 539
162 312 9
79 243 13
287 481 147
9 633 12
330 441 18
22 329 4
201 642 188
51 138 17
577 588 3
154 432 1
359 610 16
53 418 20
16 146 985
115 419 781
234 581 11
434 542 9
465 642 13
474 478 20
194 592 102
29 432 1
187 390 15
92 526 4
440 499 766
214 569 17
308 495 18
209 352 3
423 588 197
5 147 20
197 557 2
305 323 15
9 476 9
563 633 20
296 322 10
195 205 19
174 569 1
491 591 329
404 605 19
398 629 14
273 311 5
0 526 75
525 563 107
21 550 177
118 464 5
271 305 20
42 74 20
60 422 18
185 248 13
105 109 7
37 248 134
55 485 620
311 541 15
185 416 11
292 413 3
290 515 11
221 282 26
288 323 1
215 505 19
215 559 13
113 414 4
179 594 67
157 580 16
306 525 2
265 273 122
96 496 121
247 498 2
231 568 12
162 236 2
154 325 1
181 217 104
526 547 6
172 577 3
96 520 2
13 269 19
21 515 82
201 297 710
91 555 15
73 404 81
512 555 51
264 427 15
369 620 11
450 551 2
9 312 19
225 576 5
121 440 63
31 552 18
7 414 5
217 544 14
319 467 18
388 519 11
472 498 126
236 469 157
85 534 12
187 646 4
79 472 4
245 426 677
367 368 7
191 551 767
103 110 2
528 537 10
470 534 9
195 231 9
102 316 5
122 545 2
482 603 19
60 424 5
390 560 115
270 469 18
461 630 13
112 198 10
257 627 153
152 210 76
128 157 15
2 615 5
146 520 13
95 587 14
208 297 4
172 505 20
124 210 46
185 220 13
319 369 8
