400 3120 3
66 187 12
229 310 13
35 64 17
340 378 6
20 361 169
214 373 10
96 135 3
280 380 20
187 395 17
13 353 13
19 313 153
158 266 20
18 396 19
13 233 3
159 248 8
60 101 24
78 237 8
73 209 18
117 227 5
51 161 14
321 380 10
110 281 17
92 352 14
206 355 11
161 382 3
48 201 5
75 276 1
183 341 16
186 351 19
266 285 3
128 288 9
123 230 3
109 258 523
159 257 2
253 385 11
231 357 20
193 244 125
178 349 20
4 265 12
5 176 20
152 159 6
69 373 88
15 261 4
118 303 17
310 349 9
84 120 39
215 334 13
167 357 181
83 112 106
80 177 12
173 251 198
9 369 2
19 107 107
217 299 10
54 352 2
78 150 20
17 91 44
349 388 189
32 113 19
169 350 15
225 264 19
90 342 14
44 244 18
223 366 5
247 353 15
106 194 5
209 230 200
236 362 19
14 353 4
209 311 5
111 158 5
374 390 18
0 363 14
308 392 12
265 381 1
64 346 104
54 373 15
8 132 640
134 299 10
197 312 122
128 327 15
212 384 3
116 244 19
298 345 12
1 346 187
140 144 14
88 305 5
9 266 20
272 394 19
219 364 20
132 309 15
58 244 20
1 324 167
109 302 93
76 132 20
25 263 14
165 315 14
215 379 8
203 315 8
254 390 5
100 206 15
6 301 109
57 184 16
237 269 7
83 113 18
90 122 3
12 193 7
28 310 8
41 250 20
58 261 182
2 263 6
97 301 111
9 390 196
168 336 69
301 346 2
176 200 9
255 321 167
298 310 10
149 273 18
12 25 17
280 302 12
109 114 18
221 324 575
125 183 6
88 202 7
327 328 15
77 266 179
35 377 13
186 354 47
103 321 71
229 278 10
52 129 16
31 130 16
257 271 5
290 334 12
127 197 163
176 368 15
49 315 8
32 354 15
116 148 2
112 330 37
107 234 4
118 305 4
141 357 1
51 159 20
58 264 14
62 368 1
241 247 9
152 373 20
87 181 9
182 241 182
329 388 148
15 187 7
27 134 2
81 106 4
268 344 20
278 299 13
36 212 19
121 136 14
182 206 12
95 198 152
89 226 18
85 231 19
192 393 40
82 335 5
44 301 3
349 352 16
40 115 9
139 308 13
243 295 3
340 358 70
130 161 122
75 135 1
19 323 149
307 388 5
314 322 10
263 314 17
224 341 16
61 285 11
101 225 12
167 201 12
159 269 20
137 271 2
11 176 11
186 355 2
66 320 11
27 259 270
95 244 11
130 356 15
17 49 12
177 178 328
6 154 12
105 284 20
67 315 18
38 88 34
72 279 688
308 323 7
9 36 1
53 280 18
135 249 11
320 359 72
49 157 4
140 355 11
54 289 53
291 386 10
206 264 2
54 250 7
225 248 133
83 389 20
272 279 8
156 199 18
382 391 2
50 79 28
131 384 5
108 334 12
85 109 191
21 391 2
101 146 7
314 382 12
4 269 3
142 293 13
60 327 106
142 233 4
314 361 9
224 247 132
43 97 19
15 54 33
303 325 10
118 304 12
126 347 10
155 283 20
35 148 16
75 386 12
35 385 11
42 341 3
69 249 1
306 343 14
105 161 13
5 260 4
58 369 5
38 44 4
67 399 3
17 332 1
199 383 110
223 294 6
330 393 1
226 328 2
70 357 17
229 293 4
144 350 9
166 389 11
130 321 2
177 192 19
36 160 19
101 314 6
313 342 17
230 312 514
42 121 11
301 395 14
161 334 5
111 153 11
49 364 11
137 150 37
97 398 18
44 258 19
177 248 6
148 378 16
372 388 3
74 399 14
31 314 16
106 132 174
15 348 20
286 360 137
26 121 19
146 235 10
132 254 11
114 171 2
196 286 15
156 295 15
240 241 18
186 356 17
8 55 79
39 367 7
187 217 7
81 175 5
193 347 9
9 158 11
49 246 13
42 374 153
59 267 5
236 320 2
259 382 36
89 323 647
10 351 20
149 244 17
45 127 29
74 277 14
345 365 12
362 380 16
173 289 61
38 362 9
236 321 19
9 319 83
184 357 19
376 396 11
267 303 5
40 280 52
23 159 14
24 279 9
156 332 6
8 143 14
28 69 6
81 329 14
121 237 657
60 320 10
138 221 2
357 369 164
168 294 12
266 379 1
191 193 24
174 385 14
40 132 13
66 296 5
215 218 17
225 233 17
68 267 18
41 258 72
180 212 9
7 129 20
197 252 1
131 279 20
99 201 20
369 370 15
158 357 19
64 374 10
104 392 4
42 146 99
7 359 14
51 91 192
38 225 13
128 359 13
131 372 1
0 50 12
181 241 6
171 256 95
109 255 11
323 359 3
192 264 7
187 334 76
165 324 15
54 105 7
241 382 146
349 392 101
293 391 11
57 130 66
77 270 10
8 170 8
48 362 16
127 268 6
99 111 18
16 296 5
214 237 32
275 375 4
239 316 73
13 392 3
186 238 13
51 62 14
39 88 10
7 234 18
331 355 18
116 263 13
176 330 8
43 160 9
78 174 16
247 326 16
60 368 9
136 380 14
52 251 16
50 352 17
89 238 6
77 165 13
295 317 16
238 307 12
142 198 837
81 397 383
223 395 104
214 245 3
60 85 3
71 166 148
146 357 12
15 152 168
46 198 2
188 266 13
188 220 142
55 85 13
217 244 16
113 320 12
80 160 15
4 370 11
81 211 13
234 341 17
1 359 63
198 383 19
252 277 19
153 232 15
163 203 1
0 341 64
17 310 59
202 363 2
206 213 2
8 370 9
188 204 5
58 370 11
223 369 17
174 311 395
228 374 187
1 39 6
201 350 132
29 119 33
24 106 17
238 377 16
184 254 7
191 320 182
13 357 16
254 338 19
278 312 103
291 384 17
96 244 19
67 374 14
145 177 16
87 141 153
166 259 20
169 322 4
146 203 6
35 304 12
81 311 16
102 274 17
13 300 14
268 360 8
118 266 16
308 353 14
79 197 20
202 256 9
306 395 18
167 279 15
199 367 3
25 132 27
34 289 13
353 357 16
176 373 4
69 156 18
306 323 135
279 294 13
108 254 9
78 171 73
12 135 6
126 284 6
151 156 8
165 201 6
288 320 1
241 319 1
159 198 154
58 123 2
251 389 9
27 317 15
124 219 1
204 313 97
41 132 19
89 136 7
166 181 343
36 89 105
105 129 174
132 151 12
283 371 148
9 261 4
78 131 12
143 221 58
95 337 9
80 167 12
110 118 16
40 74 9
64 84 4
93 320 6
27 178 17
10 231 35
81 316 16
151 368 11
78 295 32
248 269 7
308 357 191
185 381 10
76 304 148
91 343 14
12 172 7
15 202 5
24 152 17
314 357 376
182 303 8
13 231 8
128 238 14
278 298 9
277 359 19
349 357 13
44 133 10
308 390 4
8 246 11
11 284 9
50 361 168
15 37 2
205 308 18
204 335 8
42 212 13
308 393 16
289 395 9
36 278 76
105 261 13
78 123 14
205 350 120
38 159 65
278 392 20
161 164 7
38 119 17
280 287 70
160 238 33
193 194 18
93 308 20
131 365 11
205 357 3
345 386 12
129 261 9
47 95 17
175 214 11
95 282 5
104 354 7
157 216 13
111 166 18
276 392 4
71 95 18
144 369 116
221 299 18
34 260 13
77 193 3
128 159 1
9 25 14
332 355 13
4 119 18
167 369 785
288 395 12
153 322 20
3 203 20
258 297 14
50 319 15
16 132 5
77 349 15
254 357 13
37 289 13
31 308 53
13 205 2
127 253 20
357 390 591
165 198 15
16 375 2
323 392 152
40 60 1
49 212 9
193 257 5
104 114 5
57 267 16
22 87 13
134 293 1
80 299 86
118 136 2
301 398 19
6 183 16
70 187 12
128 305 7
296 303 9
224 348 36
37 267 2
61 137 19
174 347 143
72 379 3
219 343 154
95 170 3
243 392 9
9 209 15
84 264 8
81 290 96
151 173 6
15 222 96
295 308 118
127 195 10
172 233 15
152 314 19
23 285 13
115 267 122
174 266 9
300 308 195
32 320 10
289 347 1
115 176 9
149 300 9
137 355 1
73 310 8
56 334 18
282 347 8
374 384 8
62 119 20
233 234 12
52 78 4
322 396 23
236 302 19
17 266 7
101 198 5
38 101 11
159 365 14
77 263 11
16 197 70
249 342 12
193 267 4
113 380 195
101 142 4
286 303 22
34 219 13
229 314 19
25 359 698
27 307 87
48 332 13
44 303 176
203 323 14
73 367 8
167 269 19
280 321 2
275 282 64
186 242 20
43 247 13
160 280 1
215 352 13
22 313 9
129 222 18
25 124 12
293 314 5
95 328 15
15 195 12
257 298 16
23 306 7
18 385 18
106 279 14
169 248 11
319 385 8
181 340 8
231 278 1
117 383 7
127 250 5
29 115 14
27 280 2
60 370 1
87 269 3
139 284 5
96 391 440
75 267 17
360 399 15
117 159 4
113 242 16
233 269 136
182 202 4
26 52 11
5 128 15
23 184 19
156 309 18
334 381 19
159 225 2
135 357 15
10 285 1
68 102 20
92 263 4
73 76 9
198 269 4
207 212 3
13 93 451
128 215 11
288 338 11
75 360 4
20 301 2
45 253 9
29 65 17
278 300 7
98 120 12
18 225 7
306 320 15
93 166 16
19 232 16
51 83 369
154 194 4
215 238 7
276 289 7
54 64 10
136 340 7
27 40 10
116 287 11
133 254 188
60 129 8
188 289 20
202 354 2
214 363 149
34 331 3
172 303 9
253 309 12
168 252 149
301 354 63
27 195 8
47 348 5
229 360 14
40 128 17
219 227 145
171 208 7
145 156 16
236 280 18
34 48 7
49 127 20
133 381 571
89 101 15
261 359 74
74 75 13
154 342 14
266 381 4
23 292 1
13 278 11
149 226 15
187 191 16
91 124 9
8 116 6
216 237 12
186 374 19
22 328 18
90 333 110
59 330 9
234 307 20
300 357 2
136 303 12
5 182 12
155 287 94
57 329 17
288 342 19
167 249 13
58 260 114
229 357 14
279 393 6
29 341 101
52 183 5
229 349 2
261 336 17
30 89 12
184 278 12
187 301 20
114 122 13
58 380 16
205 392 6
255 353 3
27 111 7
232 248 3
184 308 17
189 377 3
260 305 18
77 392 5
37 95 16
175 269 20
58 191 15
22 344 39
109 217 4
332 374 14
90 161 18
19 140 5
96 176 3
86 293 4
37 90 8
146 234 3
188 219 13
227 254 13
66 363 11
259 340 17
61 240 737
149 386 901
50 300 8
207 215 8
304 327 14
146 182 10
74 201 16
13 217 11
17 212 20
115 236 7
151 320 8
139 208 5
356 358 19
105 222 8
244 388 11
181 265 20
57 310 9
77 314 15
266 329 20
184 205 19
120 309 18
233 248 4
149 267 11
135 144 13
129 372 1
91 371 19
349 382 9
89 107 15
135 185 20
266 397 16
42 204 81
234 362 2
231 300 7
51 281 14
76 206 19
218 245 16
87 182 11
89 260 18
132 321 812
184 392 19
182 355 19
221 385 93
179 376 1
128 248 13
391 392 16
101 362 93
99 234 3
51 288 1
88 381 13
23 52 19
34 267 2
317 362 19
35 205 150
37 282 20
47 69 11
90 287 14
2 317 6
325 396 20
54 136 16
239 374 9
161 234 3
40 269 12
382 392 1
78 313 7
128 233 12
42 397 15
27 362 3
31 126 16
58 120 6
163 359 13
53 362 4
1 273 10
320 362 3
32 363 15
62 180 345
298 369 176
247 278 1
60 353 2
89 90 9
21 360 7
191 301 104
14 251 19
333 374 17
345 367 3
130 188 19
128 358 695
58 166 169
40 320 121
191 377 6
304 365 881
136 297 56
64 189 10
328 389 15
23 308 7
6 20 19
166 235 184
316 347 1
49 51 3
147 307 9
212 363 17
111 369 68
71 201 9
107 186 350
147 192 6
130 312 16
40 58 11
36 301 3
203 368 17
329 366 121
136 352 18
25 298 18
61 266 19
152 176 7
170 301 18
205 377 9
186 232 2
54 323 4
60 97 5
6 345 6
91 345 16
2 303 2
54 132 13
246 294 20
104 306 3
3 102 5
203 357 13
122 347 1
169 383 18
377 385 12
98 101 8
156 317 18
1 240 16
289 374 196
41 331 19
208 263 13
192 207 2
87 144 18
182 194 3
140 323 5
82 99 20
181 328 5
165 389 4
4 184 2
1 370 21
49 59 4
36 338 17
116 253 4
199 288 20
35 374 10
170 391 11
190 247 5
60 151 9
273 308 14
12 253 7
56 299 198
348 371 20
150 206 104
13 123 7
119 308 9
131 135 2
54 163 11
350 387 11
89 163 11
103 256 83
309 314 10
58 304 17
161 285 10
136 371 3
49 254 3
268 335 16
47 369 9
77 395 18
14 274 38
185 348 12
37 193 16
132 261 12
276 379 7
47 192 489
253 339 160
148 237 123
169 345 17
94 107 13
282 340 5
37 152 13
104 334 2
220 309 20
123 298 20
106 192 15
119 204 11
235 386 18
249 364 14
6 181 5
89 362 5
4 378 13
22 26 5
282 308 7
141 223 8
51 205 6
271 308 13
203 211 146
15 121 10
270 356 20
277 344 17
39 105 26
101 233 10
87 238 14
33 368 16
129 344 14
229 249 20
164 174 1
25 197 5
74 273 13
33 248 19
100 193 18
27 321 1
151 346 5
110 303 7
113 151 17
184 353 3
277 374 3
81 256 168
40 297 8
215 290 15
187 258 18
92 246 2
27 130 18
231 352 4
38 235 8
44 270 10
303 355 8
312 382 4
137 210 125
165 312 191
22 262 4
62 110 19
296 386 32
83 374 16
14 68 12
315 362 11
38 314 1
214 368 18
182 292 66
112 203 15
101 128 3
43 319 81
385 386 5
38 270 19
112 377 8
218 252 143
54 129 18
163 315 1
232 374 8
14 280 180
157 228 5
236 259 16
58 115 9
122 254 7
33 378 5
93 175 15
138 322 7
51 115 4
186 251 470
236 290 12
303 341 149
105 109 15
165 349 7
37 126 16
47 316 13
289 303 12
20 225 18
5 34 90
20 146 238
183 318 20
119 281 15
237 311 4
267 362 11
307 395 5
294 298 22
3 75 41
46 203 17
65 287 10
57 356 6
87 273 16
205 231 3
56 209 18
314 391 11
258 259 1
6 310 19
132 209 10
77 248 15
143 251 90
40 101 13
40 154 17
246 346 6
316 359 280
30 242 9
120 323 12
196 267 2
211 254 6
15 129 87
112 248 15
192 321 16
120 137 18
263 349 6
265 389 16
22 327 15
28 33 9
16 133 18
64 332 4
133 266 19
16 127 18
81 339 8
159 241 2
48 75 14
52 303 5
195 299 19
42 333 7
46 264 106
127 128 7
155 275 5
161 263 112
154 383 12
31 174 2
156 359 12
118 395 134
201 343 13
82 89 391
271 359 1
2 373 2
281 305 6
304 305 169
81 220 4
246 369 10
159 314 20
68 193 78
241 343 9
89 336 15
47 387 13
65 136 17
203 362 11
80 259 5
186 274 15
16 378 197
210 355 10
23 236 5
76 231 15
310 378 11
111 370 195
85 246 13
202 388 78
206 318 18
130 320 139
24 341 6
108 266 14
21 250 15
32 136 12
84 362 6
320 392 63
28 252 3
152 366 5
270 301 29
73 234 16
253 350 4
133 220 13
141 390 1
109 384 17
87 397 17
198 395 6
54 240 7
32 122 9
159 364 6
312 356 49
258 371 14
192 330 89
33 119 86
33 106 181
18 172 1
74 217 15
150 257 27
191 258 18
8 120 1
298 300 10
283 357 19
339 379 167
105 380 18
135 285 11
112 232 14
157 362 14
109 324 2
277 341 12
1 319 13
206 210 3
190 287 10
187 356 19
85 314 4
117 323 1
58 259 16
57 191 8
359 379 2
73 360 19
101 248 13
38 269 1
48 82 5
113 267 113
180 277 7
170 368 19
119 269 13
90 191 34
203 242 2
353 390 9
163 311 5
191 313 20
98 132 5
180 345 34
244 347 7
209 366 11
76 339 15
114 180 2
103 198 71
111 359 1
278 301 9
132 152 18
1 290 16
129 238 17
104 245 17
74 138 148
30 378 18
24 264 8
115 156 44
162 212 18
314 336 20
11 95 3
9 212 2
68 147 3
146 359 19
117 364 1
254 392 3
337 384 89
101 132 10
223 316 16
23 333 1
173 186 14
300 353 7
35 381 17
223 299 10
54 290 190
132 381 8
230 252 1
15 176 18
40 151 4
28 243 1
296 298 16
64 210 1
180 192 16
174 215 197
158 260 15
120 239 1
19 49 1
210 286 13
206 303 8
17 309 18
73 338 14
206 215 115
30 246 10
244 282 1
167 173 3
129 373 11
146 390 2
349 395 16
294 390 4
215 374 11
96 109 15
177 278 13
271 369 3
278 353 18
57 83 12
5 210 17
324 354 10
322 373 80
69 288 15
290 367 11
168 374 1
270 378 16
84 117 17
52 205 17
89 203 12
129 374 20
230 231 13
120 382 5
19 98 200
108 197 2
40 130 15
78 138 18
289 354 978
56 186 276
288 317 19
119 327 9
103 182 127
95 215 7
158 241 11
32 283 18
21 25 3
139 178 1
249 326 18
150 357 12
152 233 201
130 187 9
82 232 7
192 350 12
277 394 19
174 302 3
87 374 1
167 317 9
277 379 11
80 322 12
137 193 661
173 324 9
130 269 16
28 339 4
181 382 564
271 357 10
15 379 4
148 387 11
82 296 56
60 391 17
54 362 15
101 380 17
102 161 12
279 350 16
43 182 20
96 227 1
198 337 8
16 266 10
156 206 13
114 277 5
59 298 15
57 187 130
1 224 9
63 239 14
390 397 68
45 182 12
119 255 15
160 320 9
14 313 8
270 355 14
15 373 119
20 263 14
11 358 172
37 171 10
33 301 1
61 189 4
130 132 12
130 301 19
174 307 928
42 122 11
285 368 182
108 251 18
57 301 4
271 288 19
40 198 20
108 147 109
97 235 301
316 332 15
110 218 4
203 223 4
49 290 4
203 228 12
137 182 8
81 85 2
281 387 17
182 390 2
36 62 6
27 132 133
9 380 11
203 331 18
235 313 9
120 206 5
90 257 13
56 307 17
254 261 126
245 392 8
10 16 3
54 203 7
256 350 18
374 377 164
17 241 19
47 204 17
174 238 15
71 249 14
197 381 6
133 197 6
77 247 17
94 394 5
251 355 16
303 304 9
9 271 5
31 71 9
93 218 18
105 196 4
213 285 4
217 301 6
58 132 140
285 395 12
69 229 19
168 315 88
108 133 11
301 303 12
193 289 2
179 375 7
280 313 165
28 386 13
117 120 10
112 288 20
229 265 3
325 365 10
359 360 12
53 78 113
39 331 742
140 148 5
173 218 3
95 174 10
282 290 3
25 152 18
189 215 75
142 248 166
271 343 1
31 278 11
189 238 1
99 250 20
234 249 16
10 179 20
203 341 17
49 55 6
139 257 18
133 177 857
67 191 40
27 236 2
272 326 53
17 282 10
295 320 16
234 267 20
41 127 20
135 158 3
229 344 5
42 319 37
40 92 10
34 37 18
0 154 4
132 266 14
95 96 3
102 182 2
231 347 13
123 135 20
125 244 13
331 392 6
151 159 25
126 145 895
207 377 20
35 253 13
183 257 86
274 398 14
225 395 5
83 126 9
63 200 14
31 311 193
182 210 4
128 213 18
147 379 2
10 196 16
11 250 6
280 286 8
31 74 6
314 392 197
186 377 12
215 377 8
293 351 14
47 71 67
71 396 60
94 169 20
45 87 8
288 373 10
112 168 14
108 381 2
35 328 5
173 253 14
113 218 17
21 108 14
238 271 81
231 308 178
64 305 14
138 145 10
46 342 15
225 255 19
158 166 4
161 184 11
15 132 7
348 385 13
359 370 17
33 78 10
158 398 9
13 323 14
100 210 16
112 397 12
33 265 19
105 300 13
28 51 114
20 32 17
159 382 122
3 145 4
238 385 7
113 146 17
182 335 113
12 141 4
174 249 2
77 130 16
80 134 19
93 210 20
195 235 11
21 161 15
181 259 7
122 177 4
94 366 9
134 164 6
122 142 949
263 384 1
280 320 2
248 333 15
42 69 16
17 149 9
104 313 18
101 203 12
33 375 3
37 347 11
223 386 1
10 123 14
18 75 12
151 279 139
34 317 677
132 176 137
66 260 96
184 300 30
107 380 4
108 207 83
276 328 15
88 97 275
136 152 106
60 354 15
134 312 14
77 164 1
57 270 3
281 377 16
18 255 17
261 268 15
60 397 5
171 268 14
11 356 6
23 394 16
226 361 6
136 217 7
331 397 19
23 287 19
112 264 38
48 219 4
168 385 6
56 395 19
294 364 19
95 200 17
320 321 4
258 270 570
89 359 630
205 348 8
3 35 13
120 184 9
44 308 2
107 395 6
130 345 175
93 299 31
121 203 106
174 196 8
93 242 18
82 333 11
260 284 11
128 225 5
293 357 9
155 191 169
58 356 12
177 292 136
195 266 11
322 338 56
188 262 17
110 302 161
210 251 82
128 189 4
75 152 12
353 392 13
253 377 10
99 310 191
54 101 6
164 294 5
40 314 9
171 203 15
105 158 19
53 338 1
254 300 17
85 321 4
118 289 8
110 227 18
1 341 4
146 216 36
230 322 108
58 310 1
188 268 14
297 298 26
130 276 14
317 351 13
38 91 16
187 373 299
57 102 6
18 389 29
79 256 74
108 286 3
16 355 18
118 255 18
53 376 8
95 121 10
125 163 2
93 152 18
24 65 71
58 59 5
278 293 17
49 230 4
327 358 18
93 98 19
213 344 3
114 162 14
293 392 19
12 62 11
27 39 10
84 381 18
29 378 105
190 347 128
27 142 161
85 317 10
23 108 14
236 380 4
21 69 7
61 377 13
98 302 77
298 382 13
74 272 10
205 215 15
270 385 17
158 370 39
72 274 13
208 334 18
138 274 146
222 261 15
254 266 7
76 114 168
305 332 9
254 281 7
18 387 12
349 391 13
303 344 1
74 219 2
37 331 1
67 131 9
251 255 12
197 288 19
213 266 8
246 383 151
11 316 2
109 147 1
345 375 15
233 356 716
36 348 12
27 380 409
350 397 5
78 195 9
148 324 17
87 325 16
292 360 17
378 388 19
44 226 7
238 253 190
81 166 8
135 335 57
197 266 14
357 382 1
121 390 3
116 224 90
45 395 11
49 260 13
110 350 8
96 323 7
28 154 6
161 171 13
263 298 48
45 328 12
150 157 9
158 359 8
167 241 19
152 362 15
150 242 2
48 303 11
63 366 17
90 118 200
58 134 18
11 314 147
63 95 171
253 332 15
152 394 17
293 298 3
11 143 8
165 229 1
70 74 944
185 397 13
89 147 6
242 351 9
256 353 8
128 332 636
162 174 6
248 374 9
101 236 196
114 299 19
300 392 7
320 380 6
65 86 2
96 225 22
82 389 15
110 340 12
55 133 4
147 152 14
356 385 16
26 233 14
282 390 766
275 277 6
110 125 96
71 285 13
160 366 19
214 232 16
345 381 16
166 390 10
38 152 4
286 371 400
189 295 27
101 320 16
57 238 131
232 273 13
355 373 17
128 169 17
107 258 16
246 250 5
215 299 34
329 377 2
5 74 19
61 314 5
146 323 11
106 187 3
327 363 4
105 322 5
83 138 6
143 185 12
217 225 2
105 373 6
9 76 10
15 105 17
137 292 117
53 329 19
197 329 15
108 132 2
163 234 169
110 151 184
58 111 4
57 324 6
233 249 3
95 357 104
83 248 14
152 198 9
70 94 12
3 195 19
15 214 11
216 266 17
101 269 19
211 277 24
174 205 10
82 249 5
114 273 275
2 200 17
234 359 15
62 279 5
80 379 2
84 156 9
60 362 13
317 366 42
340 380 149
176 261 11
151 287 2
21 132 4
10 375 60
57 358 8
193 282 3
77 356 18
15 374 7
249 334 5
107 152 4
115 379 5
64 289 143
97 121 17
195 262 19
0 28 17
115 360 3
44 217 9
258 342 6
90 211 157
52 98 14
80 241 10
215 217 9
77 293 33
357 392 6
242 305 2
277 314 18
67 154 124
119 339 4
174 340 11
52 289 13
48 152 5
145 225 9
91 113 2
14 202 18
12 214 16
123 324 20
323 357 60
16 268 132
102 243 32
37 75 7
342 378 118
150 318 18
6 286 191
87 320 4
95 330 104
56 97 2
98 350 4
107 371 19
42 223 17
211 241 176
53 188 9
31 50 20
322 385 16
106 358 3
142 185 11
336 359 19
151 362 4
332 377 15
240 329 6
183 259 124
258 356 11
12 245 9
94 332 79
199 284 20
1 234 8
76 377 9
186 390 2
301 345 16
46 292 20
35 332 17
40 279 17
197 254 1
76 328 9
27 372 8
252 364 175
165 339 123
265 286 15
26 361 7
279 394 20
16 254 93
91 215 16
37 151 16
0 25 19
189 205 12
18 159 1
27 181 476
15 118 62
157 207 6
357 359 19
157 290 119
268 278 7
204 263 39
53 306 106
268 293 3
57 345 1
142 314 18
68 338 1
135 373 11
173 374 20
174 374 13
269 305 7
21 234 13
259 389 39
134 335 51
149 295 12
301 309 6
269 325 18
237 254 186
145 390 6
278 357 19
277 372 13
203 271 10
34 230 7
176 222 20
27 101 610
5 44 15
35 309 1
35 263 34
254 323 15
43 260 9
170 387 14
193 293 4
166 357 12
130 365 96
258 315 19
43 360 4
231 390 82
58 158 14
18 381 1
93 289 2
185 296 50
152 261 2
184 274 15
182 207 3
186 210 17
159 205 14
24 260 7
85 352 8
240 330 19
207 348 8
25 342 17
71 97 14
166 359 13
89 279 143
3 130 20
326 344 20
93 387 11
152 222 8
222 373 11
0 257 11
167 265 3
104 188 179
179 237 16
203 234 17
51 312 8
147 251 17
144 334 19
146 335 2
17 372 5
359 369 9
200 252 132
17 335 15
16 108 13
337 364 9
17 297 1
56 96 1
205 300 10
287 319 20
199 244 14
16 381 54
126 210 10
2 299 15
205 278 8
110 352 20
182 327 19
167 255 1
300 390 15
255 370 8
41 230 14
316 398 328
54 271 7
261 373 11
255 328 13
178 228 1
19 368 1
206 212 11
111 194 14
134 382 4
101 130 12
192 306 16
105 176 18
22 159 14
245 371 12
3 288 15
43 98 12
89 234 71
108 206 1
134 303 12
137 303 17
61 231 103
182 186 2
51 331 20
174 253 123
193 391 10
325 370 983
55 59 5
181 376 145
167 370 15
101 152 133
93 342 9
68 148 18
74 303 117
5 216 13
191 321 14
198 233 10
295 359 9
286 370 17
9 111 17
6 371 1
169 342 12
269 291 19
317 377 80
146 397 8
25 385 5
346 394 11
54 303 19
38 248 72
287 355 2
249 358 33
53 365 16
14 330 1
208 367 16
29 227 81
233 302 18
374 397 13
101 212 117
151 380 1
35 166 15
115 295 16
4 331 16
285 387 6
14 144 12
231 392 17
137 286 1
179 186 11
136 177 61
73 324 6
138 147 3
195 317 14
3 61 16
24 59 7
319 389 164
22 181 7
135 181 47
251 343 5
101 234 18
152 315 15
58 241 505
37 358 180
91 348 10
152 225 158
225 227 4
71 307 183
71 88 1
158 369 1
17 327 4
311 368 4
27 276 4
76 121 20
86 163 2
14 58 76
383 389 1
279 284 18
355 363 4
110 289 4
142 269 7
90 285 13
390 392 2
179 274 605
79 106 20
79 212 18
180 296 18
181 185 20
132 280 4
340 397 9
182 396 19
98 325 13
65 383 9
77 278 12
217 270 9
277 303 9
82 153 18
54 146 19
130 257 30
32 325 100
281 370 2
184 323 8
200 302 8
89 104 10
278 323 176
70 135 6
41 58 7
117 312 14
185 264 16
363 373 1
323 390 20
205 238 8
148 166 560
315 354 2
130 280 6
77 391 49
186 384 13
68 371 20
7 51 449
359 362 17
268 331 109
14 138 91
170 290 460
107 187 11
234 305 163
231 323 163
136 256 5
165 204 14
98 323 17
21 381 128
21 142 194
266 336 14
280 398 12
95 193 7
289 352 184
155 305 20
258 293 10
119 207 19
5 232 49
28 170 15
111 357 122
109 191 12
143 376 6
105 329 11
167 181 7
261 312 6
116 162 9
54 118 875
77 202 2
57 93 12
5 272 15
136 356 7
169 217 16
227 259 1
18 350 20
5 316 9
320 391 23
60 130 19
58 155 1
92 226 18
117 281 10
16 177 4
161 330 3
105 152 15
8 109 19
132 197 4
296 372 11
229 361 18
195 306 14
101 337 14
303 352 4
102 394 6
119 378 12
109 230 8
106 218 102
328 348 18
101 395 76
11 220 7
35 174 177
27 189 7
219 379 15
294 320 2
31 339 2
111 167 8
284 372 75
323 353 76
132 299 4
212 294 265
4 239 7
12 184 11
13 254 18
20 33 50
34 133 11
84 244 10
88 262 16
132 166 16
33 306 7
151 236 17
82 391 20
77 187 4
296 302 1
254 353 10
168 194 13
122 123 1
128 152 11
239 378 150
142 325 9
347 383 6
222 398 8
101 163 15
244 251 68
51 388 8
114 191 11
167 328 14
149 291 20
51 74 15
101 151 11
247 368 8
56 296 13
97 353 5
120 266 7
360 367 1
115 173 8
0 105 5
241 259 115
77 258 2
266 385 166
103 157 19
50 392 17
106 250 6
59 197 12
261 328 59
254 308 16
260 319 18
212 285 12
261 370 6
35 168 13
63 361 17
222 293 16
128 394 9
218 312 10
205 353 144
163 323 41
338 391 20
50 225 15
194 294 1
361 363 17
75 315 17
230 362 2
299 371 17
77 216 2
143 370 13
229 336 185
97 365 17
113 316 18
278 349 183
95 347 1
4 147 4
332 385 106
27 151 2
18 237 23
77 357 263
4 29 5
298 357 13
40 248 20
53 325 16
15 172 2
183 199 13
82 386 20
132 373 3
255 267 169
205 268 8
359 373 15
108 333 20
126 244 3
98 195 20
129 132 3
0 87 7
274 383 65
76 363 2
169 385 18
156 320 8
308 384 13
239 330 17
131 280 19
54 388 14
357 391 112
166 370 11
236 295 10
173 184 14
151 253 43
59 145 19
56 380 17
196 205 11
332 388 13
78 135 14
213 242 18
96 116 1
28 232 11
43 389 20
206 327 16
235 329 11
191 395 9
23 161 4
148 151 3
129 176 9
108 137 5
30 198 2
126 254 5
30 231 4
169 218 147
69 396 12
120 225 3
167 382 18
9 58 16
61 95 19
121 266 106
243 327 13
204 391 12
288 295 76
250 365 5
58 80 9
38 198 144
60 394 9
295 297 161
194 323 20
4 384 16
71 314 14
248 307 20
215 385 2
115 125 12
101 255 69
40 321 16
334 387 8
108 186 7
31 292 90
223 293 6
75 206 4
27 320 20
328 375 16
99 361 18
187 354 5
313 348 20
163 268 12
51 265 13
171 391 9
42 193 10
142 240 92
40 66 20
9 166 3
38 128 8
125 197 3
116 245 8
240 301 119
37 48 12
268 394 10
97 160 181
77 229 8
222 253 5
189 207 79
112 374 28
166 198 16
232 333 10
323 362 11
195 221 6
98 106 6
127 267 10
329 379 12
287 333 6
173 237 9
306 394 17
82 352 188
77 310 9
314 390 11
273 319 5
79 203 17
36 372 16
203 273 10
54 89 89
110 136 11
220 299 8
92 379 13
161 333 8
20 139 10
92 99 20
108 210 3
9 276 2
141 179 117
35 189 11
205 390 289
43 172 20
194 339 6
144 197 6
49 329 409
186 303 3
49 352 16
19 89 19
30 337 19
40 111 3
293 310 13
132 320 4
101 280 10
38 142 2
142 225 98
101 135 68
70 83 3
178 190 4
344 373 5
53 88 64
352 359 2
189 236 17
205 254 180
235 322 6
1 170 5
215 221 17
27 80 50
162 253 106
95 355 146
85 310 953
208 304 20
142 159 2
206 266 117
70 375 19
70 79 3
310 382 19
72 275 34
22 187 674
278 390 18
27 166 10
132 380 17
137 350 18
58 359 102
198 314 7
240 321 5
234 366 2
87 150 9
21 133 7
42 390 13
241 352 98
128 142 58
203 359 19
107 301 111
205 323 177
166 382 3
221 257 8
107 341 5
282 289 6
316 326 145
4 63 10
78 246 114
238 302 17
189 253 76
329 343 6
229 382 8
70 366 8
58 357 3
64 205 6
286 355 14
65 304 11
164 313 8
38 66 52
54 234 5
123 312 7
128 362 19
108 120 12
87 242 21
99 273 170
9 120 1
132 206 119
226 277 12
154 158 14
7 379 12
353 355 4
329 391 9
92 143 7
243 349 18
4 24 8
234 323 3
186 209 129
87 303 95
198 225 407
298 391 11
14 219 73
54 110 8
21 266 4
83 232 15
95 289 12
135 388 6
159 268 19
205 338 14
64 253 12
167 359 12
182 352 13
5 193 12
171 327 36
166 176 17
54 176 18
109 225 9
109 358 7
103 322 49
18 260 6
106 333 5
19 233 14
132 222 15
206 253 6
267 317 19
5 205 5
123 275 16
229 392 76
222 331 32
88 264 16
134 167 14
152 193 11
49 209 9
6 89 8
86 161 794
28 272 102
92 257 10
68 189 19
139 235 5
24 273 2
37 362 17
235 289 12
131 149 14
310 357 116
77 191 3
171 288 19
291 316 15
83 123 2
267 393 2
154 240 6
141 198 10
103 290 3
242 392 170
55 376 90
128 372 18
188 308 43
4 373 16
47 309 7
251 291 109
16 202 14
187 270 18
263 357 7
6 8 73
73 113 33
186 286 10
135 214 22
14 331 19
231 329 8
22 362 14
306 342 178
59 203 12
290 295 13
260 349 4
300 323 6
205 286 30
167 261 13
197 236 615
42 373 9
182 397 10
258 395 7
238 332 11
205 253 16
138 155 6
348 394 6
78 84 3
261 357 7
261 271 9
231 342 12
70 207 19
182 374 64
120 361 11
151 190 5
77 382 66
128 285 4
199 217 11
301 356 15
222 308 14
322 330 14
58 73 308
16 274 19
53 111 10
159 233 1
172 286 103
97 321 8
152 269 3
304 395 112
30 295 20
134 255 15
54 222 9
260 311 20
202 364 10
57 77 167
231 367 956
18 336 18
252 397 17
111 137 17
206 251 6
303 335 15
25 113 19
247 319 60
326 395 2
240 349 25
263 382 141
56 381 2
128 174 50
289 357 4
181 272 3
101 296 9
4 243 19
16 213 16
298 360 4
12 325 7
29 206 20
273 336 19
274 395 4
3 375 20
158 205 20
21 197 74
21 352 16
34 134 52
58 233 19
121 137 13
70 356 8
193 354 8
173 242 16
220 255 4
236 359 6
108 303 20
66 162 6
176 340 3
93 319 13
59 358 12
14 241 16
28 280 617
218 273 1
19 78 4
158 317 18
191 345 14
235 382 65
150 187 189
167 187 7
189 248 18
261 369 17
115 220 4
46 132 14
152 188 164
94 252 2
12 106 120
29 195 14
124 163 14
5 123 168
63 371 7
122 193 18
40 142 17
126 215 2
48 267 25
29 150 7
126 282 147
205 374 17
189 325 196
140 297 17
57 274 121
38 239 10
37 396 6
83 333 11
160 222 13
80 181 11
118 156 1
191 270 13
141 267 91
296 331 87
328 349 4
48 329 2
248 391 85
30 356 16
82 306 17
99 180 1
186 382 12
186 206 4
317 359 12
273 301 17
310 314 5
177 389 19
31 191 6
61 213 1
72 332 167
166 271 9
151 280 6
72 386 6
168 261 16
264 268 9
48 324 1
208 319 9
34 152 9
35 128 7
170 186 50
218 231 16
166 241 14
181 222 2
37 317 10
46 372 14
110 375 53
248 387 15
22 66 18
27 374 9
33 206 4
48 52 15
60 132 6
48 144 15
17 57 17
70 109 17
205 330 18
285 397 8
164 246 6
279 341 20
16 243 956
143 250 17
13 390 13
67 278 18
130 391 52
182 286 99
246 322 8
320 373 15
124 231 2
47 332 8
32 350 17
90 359 15
24 77 157
278 382 18
63 382 148
42 140 1
12 21 11
29 399 6
61 382 103
236 304 19
156 244 1
20 71 2
128 374 11
151 317 8
167 271 17
222 267 10
180 397 687
54 261 18
136 202 2
242 398 6
40 48 15
67 202 7
16 167 186
100 371 15
89 146 3
31 388 14
244 275 8
146 374 5
75 367 3
62 136 60
107 191 8
175 387 3
58 167 15
197 358 20
189 332 8
232 287 39
5 307 15
104 309 8
103 166 8
27 349 5
128 205 16
5 72 2
193 351 20
322 369 87
285 287 3
77 107 3
27 60 4
17 215 4
105 321 199
130 236 5
83 309 1
142 152 2
102 266 72
26 72 19
256 356 19
158 170 4
136 289 4
244 281 14
155 260 10
61 134 198
204 336 11
260 381 4
17 30 3
290 305 20
83 392 118
134 339 169
142 211 20
40 236 59
28 360 8
129 152 18
108 337 18
109 284 13
132 362 5
184 390 9
27 58 10
109 296 13
9 370 20
287 340 10
162 267 18
136 288 15
270 345 11
178 258 13
147 166 14
23 196 14
250 370 12
283 392 4
48 170 2
68 166 6
65 180 11
64 174 12
33 150 5
48 193 170
149 350 19
116 190 12
8 29 13
159 272 18
63 76 15
146 219 8
206 207 4
159 316 18
128 155 9
141 306 12
188 228 3
11 325 10
192 383 14
217 255 13
128 380 17
59 233 2
75 93 20
254 278 167
28 277 9
127 226 10
80 382 18
102 250 6
112 127 17
195 251 17
113 335 73
126 292 104
14 98 10
1 226 5
60 197 8
27 382 5
312 339 4
125 338 14
31 61 16
77 238 11
270 395 10
200 337 6
261 311 7
36 284 13
218 237 70
201 230 5
102 304 20
94 128 11
96 275 5
183 397 16
121 159 14
6 311 17
126 168 8
227 242 9
176 325 11
199 219 18
16 21 18
31 53 12
58 365 3
8 331 3
114 120 16
32 154 11
38 233 18
67 279 6
262 375 1
107 345 5
35 363 14
263 293 17
17 244 16
98 181 12
375 376 4
102 331 20
23 90 15
13 144 17
93 262 16
15 256 2
86 378 9
126 193 19
231 254 17
33 253 99
7 93 2
175 194 1
252 276 15
99 332 5
82 185 13
137 206 17
355 356 17
182 259 2
161 287 5
79 251 32
237 332 9
69 208 4
228 292 10
258 301 16
289 361 51
107 349 444
76 89 20
78 306 15
162 295 187
286 369 69
105 205 14
310 392 14
103 228 5
69 295 44
199 374 15
85 391 10
174 377 9
51 325 11
50 253 3
184 231 11
247 378 6
100 219 7
19 355 10
95 162 4
97 159 15
24 398 6
278 314 4
174 252 13
316 321 2
306 390 9
47 135 106
158 167 3
40 380 20
132 288 12
176 313 8
19 384 10
198 243 9
133 141 9
42 391 317
29 239 8
174 284 17
322 397 66
136 381 20
157 165 79
3 358 13
38 192 104
327 342 12
46 166 2
179 366 1
199 365 6
105 132 1
227 241 16
39 325 17
163 189 185
321 393 15
58 305 17
188 286 156
314 349 13
231 250 163
42 247 19
246 261 1
375 384 20
60 343 17
165 202 20
20 220 34
183 213 15
268 326 124
197 339 13
146 238 11
197 256 4
224 391 6
357 370 7
62 332 14
142 389 19
58 382 2
156 288 16
321 323 12
253 343 16
128 375 11
6 111 2
64 385 12
134 181 195
374 385 46
100 176 13
168 300 10
130 362 2
245 288 19
295 373 14
191 360 10
295 341 4
55 381 7
173 369 2
127 179 6
129 168 20
336 338 14
199 213 15
191 230 6
134 166 6
138 191 1
57 258 20
257 369 32
166 167 3
351 380 154
81 326 119
25 228 12
152 267 135
113 213 17
93 282 153
303 377 19
132 133 8
65 384 12
250 391 17
19 214 20
36 253 20
189 229 8
130 143 16
105 126 5
190 378 17
60 321 4
33 222 371
217 260 5
55 310 1
54 359 20
210 387 73
162 282 20
115 155 8
220 232 12
13 184 4
13 383 17
10 48 9
32 297 16
263 392 13
175 305 886
132 236 9
118 352 3
34 396 1
145 248 188
133 272 19
297 368 12
14 140 53
87 390 17
308 360 4
159 213 16
193 362 121
107 270 17
264 322 19
75 293 84
10 218 15
249 313 57
205 395 10
182 251 116
0 130 15
118 162 3
94 205 1
58 271 17
86 134 19
74 190 13
45 283 73
60 380 172
13 308 12
6 394 150
78 191 7
10 26 170
109 227 115
291 297 2
291 318 1
98 286 56
46 318 14
128 266 12
269 314 8
232 361 136
134 241 131
55 205 1
156 373 19
244 255 110
101 323 3
158 271 3
20 177 2
159 390 51
299 379 11
206 216 4
107 356 5
109 244 56
70 116 11
92 211 2
134 259 12
48 347 117
263 278 197
111 314 12
86 395 10
152 389 15
150 314 133
215 253 19
166 369 2
49 145 15
327 345 20
119 136 6
132 290 75
86 224 123
87 310 132
244 307 15
257 317 17
65 323 19
278 308 20
116 157 17
64 329 16
71 211 19
16 334 4
71 171 16
63 74 10
63 375 10
152 317 165
139 228 19
53 311 10
87 194 63
58 181 10
65 359 27
234 311 191
64 128 16
46 125 3
112 333 3
11 221 2
212 279 14
129 377 6
81 215 19
65 251 10
43 175 649
97 242 11
98 311 5
31 325 17
109 205 19
35 215 188
282 309 13
99 365 66
47 115 19
173 287 3
87 204 16
203 208 63
164 372 18
352 364 5
41 382 14
190 339 1
304 310 2
147 165 7
13 211 13
254 381 149
