527 4252 6
324 371 1
228 467 6
269 304 14
327 482 3
116 503 17
392 419 10
150 226 16
72 330 138
325 366 501
55 232 11
15 71 9
126 173 1
77 494 19
79 413 3
143 154 11
395 504 872
194 435 9
283 450 17
188 409 3
142 523 18
64 228 144
23 136 8
168 179 8
202 373 20
473 480 14
107 489 16
160 368 18
52 351 20
440 470 33
26 442 16
35 142 7
216 339 4
111 521 19
354 465 2
320 343 108
352 508 160
70 525 3
136 474 28
284 489 17
293 486 12
128 302 8
87 314 21
244 260 2
445 449 126
241 288 3
64 464 18
293 349 7
161 200 12
269 291 565
301 373 167
99 380 17
35 469 17
212 510 20
120 137 1
95 197 1
201 262 4
399 467 2
199 344 11
183 468 18
474 519 136
95 428 101
146 201 7
109 313 9
199 210 50
346 440 12
196 506 19
51 460 17
74 421 4
64 305 3
30 48 8
365 523 5
50 506 976
156 279 8
367 377 9
27 439 20
128 253 6
190 249 18
241 318 9
113 279 9
173 377 19
479 491 11
368 399 3
460 469 48
18 75 2
225 511 12
231 499 6
103 131 20
275 434 12
250 458 9
39 254 13
245 365 3
87 425 7
74 473 3
77 519 156
215 221 20
15 75 119
117 266 8
177 192 9
111 466 9
389 492 6
15 144 9
29 490 5
362 383 15
268 326 864
76 85 3
308 453 6
53 487 18
38 410 18
212 363 14
187 507 9
120 412 13
238 426 12
171 403 13
434 440 122
102 152 11
184 463 7
266 279 19
216 228 186
40 337 2
340 401 8
101 185 18
132 421 1
170 418 17
37 283 177
56 152 17
228 384 3
228 381 13
325 508 17
128 344 13
137 303 20
428 525 1
102 352 266
6 322 171
455 459 13
190 212 9
79 205 12
74 397 12
173 279 5
189 332 19
177 450 13
38 75 3
302 491 3
382 423 8
210 510 10
23 47 13
1 147 1
78 299 5
71 140 49
55 445 14
50 456 17
62 398 3
70 150 16
100 174 16
104 313 4
92 100 146
103 525 3
43 151 12
64 109 16
409 447 1
391 417 9
100 422 20
145 296 2
77 250 167
153 499 11
59 177 12
231 416 6
13 312 6
63 245 70
52 173 7
92 130 15
174 518 16
104 240 73
60 246 19
104 446 5
17 376 16
17 265 12
370 379 19
67 265 96
151 237 19
275 371 13
242 504 463
1 155 36
25 329 743
220 226 14
148 225 5
311 398 126
340 518 4
335 448 177
340 473 11
134 377 12
47 427 1
140 221 5
50 424 13
37 294 12
35 361 6
92 160 9
3 166 17
99 385 59
64 236 5
68 71 8
113 186 1
178 241 5
73 323 63
218 335 12
241 329 16
25 475 85
122 432 18
228 297 2
38 78 4
45 219 45
159 295 13
14 416 11
297 435 4
65 336 13
3 248 10
122 282 13
492 517 5
378 389 5
116 457 3
118 354 3
257 512 13
110 507 8
151 385 11
292 451 17
190 227 8
27 331 14
77 512 321
15 424 2
213 342 12
59 140 6
58 204 166
129 414 548
404 486 140
1 143 8
265 364 144
40 484 67
373 489 14
153 404 5
415 434 4
12 288 5
116 243 4
158 522 3
108 191 7
56 292 5
6 138 3
108 183 868
369 521 20
66 508 704
138 514 18
115 205 105
95 400 15
367 445 8
300 457 1
231 415 8
126 401 7
268 330 6
89 248 10
197 460 8
56 196 15
103 434 10
309 404 6
276 289 1
123 446 107
24 87 8
420 500 8
130 452 19
184 394 54
459 471 11
166 355 628
61 380 143
1 497 13
99 250 6
129 177 1
205 399 20
281 285 4
17 293 664
24 510 19
372 436 576
74 109 10
125 295 4
7 125 168
296 455 4
12 41 5
57 64 159
29 32 17
123 365 4
25 326 3
199 226 2
89 310 2
357 401 9
253 262 18
105 427 47
156 173 13
223 431 16
62 468 15
169 222 20
192 437 20
51 469 5
126 522 13
240 470 3
258 464 19
192 431 13
122 488 6
5 287 4
3 125 15
148 296 19
108 305 46
129 230 4
243 299 4
88 110 8
392 434 15
88 444 16
141 233 12
74 246 18
21 231 170
201 299 13
329 479 83
281 416 14
4 56 105
321 424 9
82 243 7
107 313 13
259 331 24
350 471 19
46 336 10
404 507 7
178 415 14
203 358 55
99 171 3
232 412 4
258 443 20
123 248 92
6 335 15
236 507 4
193 229 15
92 352 162
413 450 16
281 395 1
16 272 12
344 493 51
0 348 168
96 483 13
59 496 13
207 417 4
159 359 8
121 428 13
140 469 13
3 458 18
10 154 7
56 63 2
146 466 1
70 168 10
160 389 11
4 451 10
139 140 19
132 341 103
62 255 5
174 440 194
320 328 2
447 480 17
365 376 81
345 355 9
209 281 46
207 480 153
232 356 2
14 279 17
195 507 35
146 199 102
311 319 11
228 266 185
428 526 15
229 525 7
1 405 17
270 327 785
335 512 170
64 266 11
70 80 762
188 354 78
133 263 5
172 414 2
0 140 178
113 119 2
77 279 18
3 365 11
174 233 10
35 272 142
430 433 16
250 301 7
240 251 7
419 458 190
193 372 5
32 488 16
128 241 20
377 423 16
90 391 6
368 385 6
146 241 6
235 241 4
149 398 198
201 344 3
55 244 9
387 453 6
18 185 20
59 83 6
133 143 188
100 201 18
339 475 10
2 129 135
468 481 9
57 167 20
194 335 19
33 373 1
41 160 17
334 511 22
136 419 18
76 424 13
68 302 118
4 499 10
216 341 12
184 237 20
88 100 17
372 490 8
248 284 9
123 498 127
348 415 108
196 392 10
287 344 13
201 337 19
123 323 33
190 413 14
376 399 2
146 229 18
185 366 9
465 469 3
51 271 19
385 397 42
21 322 14
191 289 2
214 349 14
257 318 1
69 275 8
413 424 19
222 436 14
87 158 145
110 136 13
58 422 20
362 412 20
403 426 23
444 521 1
69 340 20
190 441 20
104 488 143
320 346 15
318 500 11
300 331 5
169 341 11
168 465 17
148 266 1
69 259 8
369 455 16
334 383 3
437 494 15
253 413 13
429 521 16
38 477 15
484 506 238
7 378 12
102 287 13
156 501 11
6 417 788
494 518 13
65 117 15
147 222 5
327 359 142
333 361 5
121 248 14
67 502 16
215 347 145
25 108 13
274 415 7
203 369 11
330 362 50
63 398 4
65 110 10
187 444 8
282 297 3
110 327 984
288 335 97
159 509 43
327 353 20
89 456 14
95 291 13
303 324 13
499 510 153
11 206 4
73 131 111
86 362 2
335 375 4
203 296 2
59 368 11
270 377 16
56 167 5
24 333 5
79 211 54
38 522 6
15 397 15
320 335 192
57 175 963
9 149 20
99 239 8
372 422 7
131 379 488
297 382 15
419 503 12
62 503 12
45 142 2
299 383 96
309 337 19
246 377 13
6 294 9
237 500 9
130 450 13
129 213 15
141 427 19
204 400 18
201 285 13
130 331 5
93 281 14
6 222 38
208 238 20
433 449 8
487 498 1
335 440 5
188 303 4
5 368 20
465 479 9
247 394 18
226 359 18
430 485 19
6 119 183
79 285 949
96 167 167
72 131 8
288 425 3
419 447 10
26 97 5
101 478 12
279 437 7
190 500 8
5 333 47
331 397 15
86 289 13
209 416 11
213 320 15
223 242 1
30 328 19
278 440 6
204 394 9
175 372 4
211 346 5
225 371 6
298 478 6
73 251 6
3 151 7
46 202 18
248 385 159
146 299 8
81 216 187
95 163 2
173 366 2
140 174 14
82 150 17
35 326 15
7 341 15
222 313 3
63 75 75
39 457 16
20 91 301
356 459 42
137 516 40
128 257 17
19 136 17
227 526 12
123 452 11
239 490 17
6 444 83
88 326 4
246 270 7
214 480 11
161 311 192
346 432 6
167 239 4
125 365 143
135 164 9
424 472 2
223 279 10
84 388 2
430 502 5
160 349 15
51 465 19
287 521 7
398 465 994
232 338 6
22 133 172
173 305 12
190 298 19
170 414 4
314 477 157
47 392 14
227 358 20
30 282 152
21 420 20
360 510 805
24 310 1
11 411 18
229 403 2
85 406 7
32 278 4
121 364 4
327 422 5
251 462 174
18 182 2
160 221 138
245 522 9
424 466 2
247 392 99
111 387 146
93 518 16
3 229 11
233 380 66
54 202 18
184 392 13
97 520 14
336 337 20
325 337 641
132 367 66
207 408 10
42 333 5
130 135 198
241 501 4
172 494 18
326 412 19
178 189 1
234 240 15
313 426 2
149 170 2
210 476 20
221 388 12
294 443 5
19 125 15
344 450 6
254 385 11
389 471 9
3 224 8
326 360 6
264 392 6
266 388 1
150 334 5
5 28 77
226 307 11
292 363 179
245 451 14
167 205 11
235 387 11
159 470 18
476 499 152
195 436 78
145 203 9
167 524 106
246 462 9
169 261 6
456 478 423
61 524 13
365 452 8
169 417 18
235 345 4
106 152 13
23 153 16
466 475 11
88 469 18
11 114 20
437 463 7
168 508 40
189 452 4
82 337 10
222 341 13
348 378 172
178 363 18
148 373 20
57 205 17
87 402 19
267 368 56
5 154 20
100 377 13
165 286 7
82 147 12
14 327 7
196 468 5
399 487 7
212 334 4
199 256 9
167 287 7
425 428 50
30 171 6
21 392 2
138 238 8
95 130 9
231 507 96
51 485 2
228 526 20
177 441 822
38 229 5
74 427 9
321 353 180
22 362 14
167 269 12
239 305 168
109 305 6
294 436 14
94 276 19
54 223 3
278 478 19
95 248 8
269 336 18
21 302 9
118 488 18
58 116 588
230 292 14
213 372 191
292 408 98
187 248 12
55 476 14
71 87 8
246 476 38
156 373 8
96 417 13
12 487 7
440 512 17
203 482 1
291 335 9
50 105 18
123 147 17
24 317 1
246 449 18
376 423 1
202 411 15
108 228 16
67 256 3
140 280 163
230 431 19
153 521 15
92 435 25
50 484 12
280 517 8
368 487 122
297 352 3
263 382 977
295 298 1
29 403 18
226 347 3
10 353 1
75 104 17
130 526 2
43 508 199
30 165 15
332 492 942
141 431 18
478 495 20
57 186 153
305 462 31
228 292 3
51 382 19
75 395 16
64 186 110
26 430 4
94 520 20
429 456 115
96 107 3
291 320 1
395 494 19
196 447 140
57 130 15
324 495 5
75 321 15
267 398 124
5 191 2
145 374 20
231 330 3
210 276 6
77 409 4
50 356 3
330 451 39
71 221 116
146 422 6
476 507 5
7 119 18
277 427 20
406 450 15
6 464 17
191 287 12
115 173 153
283 491 14
224 468 11
340 376 145
201 260 19
111 295 20
407 416 18
300 522 17
375 462 10
424 481 5
134 183 13
122 335 12
500 519 6
209 237 15
245 439 7
339 417 1
265 411 14
12 16 10
9 156 6
113 462 8
20 477 20
10 271 5
413 442 106
288 345 14
302 398 704
160 233 11
431 479 14
117 173 8
257 378 15
104 258 144
199 252 6
276 496 88
250 506 96
33 357 12
6 429 7
175 444 18
56 476 1
170 289 18
191 298 20
441 472 20
54 291 15
17 359 199
153 505 55
88 450 7
40 327 5
413 466 115
125 276 11
57 125 20
326 358 68
25 169 14
218 306 12
139 278 14
183 200 19
217 372 11
155 204 17
433 522 11
115 526 114
182 522 20
168 485 8
9 483 14
237 374 16
81 263 13
102 196 144
230 460 13
315 460 18
328 407 190
19 320 10
54 376 18
97 147 8
420 510 18
56 384 103
81 91 1
156 212 31
34 392 7
387 388 9
59 71 2
26 508 15
380 436 181
176 194 12
119 375 507
13 302 5
113 228 13
378 481 6
182 493 19
272 445 5
181 235 8
9 299 7
215 434 130
309 391 53
156 406 9
199 493 166
462 526 11
351 399 9
61 234 8
132 249 18
258 489 12
259 374 6
347 427 8
82 177 11
211 452 2
194 468 130
91 199 3
413 467 14
3 452 9
197 436 10
87 407 20
150 211 8
299 354 13
125 442 19
147 257 10
230 231 5
88 235 3
45 427 6
248 413 4
352 435 3
169 450 2
208 470 127
124 427 198
315 377 6
54 146 14
317 367 119
54 361 17
24 475 19
348 523 16
108 186 8
259 284 15
126 505 19
270 386 3
86 304 7
384 435 3
446 504 16
26 231 13
48 390 3
391 432 5
31 388 5
160 399 6
109 228 12
56 249 7
95 365 1
8 22 2
28 210 7
33 211 123
268 418 13
207 292 4
450 505 3
361 484 494
123 166 4
5 89 5
338 456 7
225 384 159
230 436 10
200 438 8
240 403 900
98 445 12
217 496 5
35 169 133
58 401 13
406 514 12
95 104 10
385 458 15
28 424 16
476 510 13
0 70 154
320 440 15
40 417 5
360 405 18
18 48 16
147 323 1
114 170 11
195 236 9
33 366 12
99 320 4
62 242 10
155 491 95
197 222 5
213 273 16
54 401 6
31 145 114
169 463 3
327 439 1
334 361 15
323 485 19
266 462 167
245 499 16
260 434 15
100 146 7
61 505 166
169 201 2
34 47 667
61 75 11
322 380 13
337 447 10
54 170 16
140 311 3
56 358 19
306 432 5
167 248 5
447 490 14
165 190 8
275 517 21
32 420 64
252 432 7
23 519 11
373 500 10
70 368 12
224 240 10
252 445 63
92 298 10
108 287 4
131 492 16
144 437 14
266 526 20
350 474 7
387 496 12
118 254 17
284 403 11
309 376 8
456 476 78
76 162 61
189 361 2
158 310 484
82 157 42
44 524 18
174 368 16
29 464 6
204 247 11
6 433 7
322 486 8
25 514 27
225 325 20
140 177 16
52 83 9
204 289 9
64 473 10
115 246 69
286 299 6
185 486 10
191 342 138
392 416 12
238 343 195
105 283 16
31 482 14
227 320 16
387 512 4
83 139 3
119 355 8
434 457 2
227 490 8
318 424 2
383 498 11
246 364 3
444 494 1
100 157 12
136 215 12
55 89 17
255 445 9
197 515 10
361 415 10
232 507 42
96 342 7
300 416 5
94 431 51
29 100 20
96 313 17
66 169 6
157 211 136
279 317 16
154 405 15
205 248 3
283 399 4
115 515 11
324 443 27
70 302 19
379 421 13
280 354 15
64 244 3
39 363 2
194 356 2
123 130 11
88 422 12
115 305 5
150 212 127
149 406 170
196 339 9
123 372 16
445 456 1
119 484 6
318 375 17
74 201 20
259 435 3
449 482 19
62 455 190
79 287 3
331 490 17
11 500 15
34 475 17
347 400 19
100 493 5
22 379 4
84 425 6
411 457 9
217 255 191
57 448 16
185 520 12
362 464 18
477 480 4
317 491 146
100 233 8
207 337 5
400 465 16
27 482 15
89 445 13
68 140 13
93 119 8
199 439 187
44 262 2
242 271 18
41 129 3
418 495 8
190 251 4
265 358 1
181 432 2
123 442 189
20 325 18
460 510 16
181 508 4
314 376 14
175 350 3
453 501 9
333 421 13
24 524 4
236 276 11
254 296 123
341 417 15
422 438 7
16 68 155
382 520 745
176 361 14
27 142 11
178 272 18
158 386 95
293 438 1
266 282 14
226 524 302
136 332 62
122 291 10
142 498 210
125 135 200
120 269 7
86 489 7
139 243 10
212 340 16
374 441 1
173 303 2
122 512 48
143 444 10
123 273 20
203 416 20
441 457 9
419 423 10
147 262 2
200 451 184
360 429 12
227 253 13
304 472 5
159 474 14
214 271 1
146 493 179
204 245 11
233 245 15
26 63 125
228 315 1
148 451 7
305 482 20
35 218 503
122 321 18
170 352 16
33 162 142
12 291 11
93 349 16
180 392 93
129 340 20
168 219 15
384 412 100
151 456 15
94 127 36
160 385 2
132 464 53
227 318 18
126 479 11
272 514 6
380 409 1
414 513 2
281 304 19
5 302 71
135 511 10
205 386 136
232 400 9
248 442 574
89 334 699
48 192 57
368 515 41
238 511 2
15 113 4
96 108 16
83 214 19
169 427 15
186 305 14
326 335 14
218 341 139
10 207 8
232 456 87
113 115 18
175 482 11
346 480 68
163 337 16
19 254 17
204 244 380
106 219 153
39 320 9
26 346 4
105 436 2
67 287 11
328 358 18
68 278 17
123 153 12
277 428 1
248 452 13
180 391 3
263 515 10
304 511 1
224 247 4
9 329 3
82 522 4
506 519 16
68 338 3
94 410 32
384 492 148
408 455 9
115 399 10
5 96 20
3 57 3
123 183 191
220 235 2
345 512 4
61 393 12
381 489 16
372 523 15
249 525 32
79 122 9
189 435 92
57 246 15
59 68 7
239 485 15
115 142 10
124 484 18
58 82 9
489 518 14
449 489 1
413 452 12
79 111 16
355 460 20
110 456 11
350 492 3
281 325 5
85 151 10
158 278 665
42 389 61
90 343 190
135 265 5
326 442 879
220 390 12
210 502 13
344 422 825
320 374 4
25 218 18
43 358 6
32 190 11
222 417 16
58 247 5
430 513 4
361 417 8
269 380 10
10 298 12
66 389 14
106 381 16
251 427 14
104 489 9
15 61 5
89 110 5
13 257 1
127 215 101
184 406 182
276 342 14
130 350 12
110 445 13
26 505 14
121 485 15
27 466 105
145 464 14
431 470 2
68 139 160
221 278 18
299 422 11
317 381 4
322 420 3
21 46 148
282 478 8
138 216 147
344 382 1
84 214 10
417 514 13
177 366 10
194 382 17
387 485 104
42 470 129
387 417 5
67 132 19
339 503 13
382 470 6
430 455 14
121 343 20
98 460 14
25 138 12
87 205 15
223 262 14
151 487 2
98 275 2
11 398 128
339 380 16
184 305 20
342 369 4
224 448 12
6 507 10
20 106 3
128 201 16
115 138 162
237 258 8
127 453 418
297 509 10
97 321 4
71 390 16
190 244 4
148 230 18
382 453 151
13 296 11
102 289 18
463 485 4
438 515 66
76 210 10
219 430 14
108 367 8
201 339 101
20 311 2
351 445 99
79 323 16
361 400 129
174 328 71
108 246 135
254 359 1
48 425 16
129 231 145
422 450 16
68 445 11
258 470 9
167 477 66
201 235 13
125 167 10
113 266 13
298 384 18
473 524 36
248 365 18
362 444 20
112 297 12
147 270 124
50 190 96
151 437 11
47 267 11
40 90 2
36 124 36
311 473 17
107 306 16
139 186 10
327 410 194
216 517 9
304 490 8
475 483 1
367 382 190
100 399 7
199 459 11
362 499 57
85 109 12
386 478 67
98 116 16
142 318 36
25 341 14
125 452 14
268 355 3
14 59 12
107 299 11
210 255 120
31 345 10
370 510 9
211 330 33
112 123 4
27 83 198
158 208 1
353 447 45
227 265 19
133 525 19
199 450 16
36 459 2
20 417 10
19 432 13
174 398 10
45 83 4
271 283 3
288 507 9
224 479 166
321 488 13
134 403 111
174 203 10
253 466 18
29 223 19
25 417 3
290 336 8
29 394 11
250 493 10
267 524 409
60 293 3
35 424 128
135 452 8
190 414 11
195 462 14
200 248 77
73 307 137
246 526 136
199 433 12
98 150 7
74 506 3
46 320 9
65 383 15
82 95 15
377 485 3
68 89 7
197 331 4
25 323 18
309 525 9
125 226 7
77 203 124
170 435 20
226 281 14
330 507 17
201 329 134
214 278 6
362 364 11
501 521 20
158 233 714
85 448 142
306 426 11
297 423 15
91 376 19
170 182 10
88 94 10
163 181 12
7 334 16
112 507 6
376 450 44
202 436 17
366 453 13
57 123 60
447 501 120
122 241 6
140 454 9
359 390 19
156 377 8
35 335 144
164 507 1
12 54 10
61 473 85
291 512 8
297 502 15
197 417 5
365 450 15
376 401 8
274 286 188
165 383 13
201 505 12
43 332 6
175 261 10
318 413 2
225 522 7
77 291 166
169 344 18
157 203 2
135 167 19
42 342 1
50 76 1
13 93 17
241 257 2
380 477 170
257 275 126
18 184 3
415 446 10
447 455 181
194 294 16
157 273 140
338 507 16
57 115 19
439 455 818
25 401 4
127 249 17
275 292 19
166 368 1
450 493 15
127 489 7
38 297 104
200 484 80
35 313 8
245 471 8
320 359 20
175 258 12
231 245 6
232 322 14
216 240 18
41 98 111
85 127 5
179 328 14
128 190 15
40 483 19
149 287 137
129 227 9
103 183 186
37 91 11
258 287 11
161 349 94
173 240 195
199 484 20
80 275 5
136 295 18
284 380 509
104 419 15
185 255 13
161 337 10
187 320 4
380 520 4
85 310 7
72 359 9
435 523 13
79 524 14
372 471 19
31 478 10
81 522 17
74 318 107
410 513 14
290 495 9
63 149 10
123 419 17
318 506 19
264 330 14
220 503 3
154 206 119
145 333 5
207 359 5
488 496 18
456 479 147
92 186 54
292 442 6
63 160 13
33 204 15
35 267 6
12 18 18
227 411 6
257 466 20
164 397 4
128 506 157
393 400 1
94 189 143
83 278 10
50 413 16
41 509 12
125 326 3
141 452 14
29 93 6
186 271 15
50 144 7
278 367 9
341 355 18
366 479 16
136 225 5
291 440 76
164 364 61
88 461 1
181 193 113
34 501 18
503 516 20
109 494 73
21 252 72
512 515 157
174 445 6
146 245 5
256 460 4
200 214 176
143 477 10
252 258 6
195 452 20
184 472 6
77 85 193
107 295 18
38 420 18
205 515 148
222 482 17
98 507 18
45 302 18
100 286 8
234 415 4
140 466 49
342 415 2
20 188 17
130 311 4
361 388 18
413 446 2
24 330 15
65 398 5
411 515 8
265 356 98
351 510 4
221 466 13
7 280 4
133 219 19
115 368 7
228 277 39
0 293 2
305 373 13
295 519 77
90 173 630
125 450 90
246 501 19
64 96 7
350 457 73
382 435 16
225 264 109
240 459 4
354 383 5
47 464 91
160 204 9
57 248 19
118 470 145
22 396 13
262 387 1
269 412 4
269 282 9
449 511 8
218 321 10
34 232 5
56 287 2
15 216 17
43 454 6
144 272 1
167 252 143
106 361 17
152 299 9
69 272 8
120 391 7
100 521 10
408 476 455
130 248 5
321 419 198
100 151 34
75 245 183
222 335 5
442 452 121
46 321 3
179 216 13
196 209 12
39 64 19
263 460 8
275 355 17
80 384 1
338 445 7
162 272 2
209 220 16
182 475 14
70 313 139
327 497 16
350 415 121
118 479 7
95 322 512
159 238 15
146 450 20
283 318 8
301 380 179
378 435 17
49 106 13
150 359 8
183 246 8
414 459 8
27 258 20
142 316 7
0 314 5
165 283 1
295 506 16
122 320 10
92 151 7
166 190 20
132 357 1
282 355 13
148 386 12
57 228 41
512 519 77
217 236 15
208 261 10
123 502 13
39 182 4
339 505 1
169 422 16
404 516 15
77 189 11
235 431 16
56 200 3
481 493 4
350 494 5
202 251 18
293 336 13
227 381 180
342 419 7
40 249 6
359 378 5
403 427 9
134 250 13
173 335 2
190 201 14
6 488 20
68 413 472
88 299 19
96 370 13
306 429 20
63 453 14
125 130 17
130 167 6
289 479 1
50 68 16
201 466 12
382 459 17
50 385 11
6 35 2
187 199 3
445 453 15
116 450 107
274 492 3
385 459 15
78 485 8
141 463 213
64 378 2
16 76 7
233 399 12
399 436 11
50 338 9
15 125 11
322 506 20
178 355 7
33 234 1
436 459 4
56 144 16
98 496 1
292 432 14
271 327 10
84 113 2
116 510 11
30 246 166
205 413 9
52 432 12
29 245 928
168 339 15
347 431 135
170 294 5
26 288 3
45 348 14
168 501 6
281 388 4
195 205 13
74 367 15
16 493 54
315 360 82
50 74 8
210 300 906
170 297 12
99 373 9
454 462 76
89 457 99
312 342 74
17 407 10
84 334 20
107 301 7
68 103 20
144 475 6
229 417 11
177 221 14
151 160 2
55 110 153
24 440 13
300 418 11
205 368 5
3 195 13
91 258 94
227 271 50
27 56 140
119 179 14
50 312 17
229 276 70
174 419 5
102 191 19
334 422 2
102 373 7
252 386 91
297 445 8
248 392 88
338 486 19
139 171 20
249 411 2
147 317 6
146 396 19
40 452 15
91 222 19
167 413 11
332 474 2
211 334 8
203 233 11
36 489 2
35 341 2
37 415 16
41 145 18
92 380 20
1 524 189
30 413 8
55 126 112
270 379 4
10 393 106
108 504 16
154 460 5
22 297 111
26 468 2
15 275 487
127 213 15
360 509 10
69 453 159
28 101 18
83 140 20
333 360 40
196 478 13
144 250 7
36 111 901
274 519 13
22 364 10
283 456 9
150 202 11
93 239 20
286 386 13
115 233 2
7 419 59
53 451 9
21 318 17
366 378 8
221 461 25
272 390 19
53 516 3
328 445 20
127 474 4
298 448 11
63 221 14
312 385 102
214 420 8
342 493 17
169 218 11
388 472 148
12 205 3
3 130 14
114 388 5
140 430 13
44 255 1
349 375 5
197 337 12
113 246 6
115 197 19
390 401 14
30 151 17
137 396 16
311 341 19
141 424 114
366 429 5
128 424 18
190 397 3
269 455 447
412 497 20
139 362 18
169 326 85
196 338 19
413 453 17
56 469 12
364 374 19
130 195 6
142 522 9
95 341 11
197 368 6
36 236 1
158 314 9
413 506 6
368 452 26
36 235 3
364 423 150
121 330 17
143 164 149
55 284 15
8 277 186
54 307 143
110 154 121
77 86 11
259 517 11
370 397 20
33 468 5
61 189 126
110 144 19
258 347 18
439 464 13
74 339 14
235 506 11
486 503 30
67 441 99
58 276 8
105 251 5
385 399 20
196 445 8
246 453 33
252 293 17
31 321 721
85 319 8
12 320 11
201 450 18
52 452 17
183 447 15
382 515 75
115 206 845
83 124 63
246 442 11
25 335 9
106 371 3
6 326 192
281 373 8
23 430 145
40 222 18
49 463 16
56 289 14
95 222 9
59 171 9
100 344 6
241 466 96
265 486 244
230 294 181
261 499 46
87 476 20
260 299 504
109 119 8
113 245 2
59 427 13
9 266 2
229 429 424
11 437 11
156 453 2
3 319 179
170 367 16
49 236 3
314 503 4
419 483 7
78 252 2
6 25 33
119 266 7
149 264 754
85 102 6
5 108 5
227 413 16
174 214 621
138 507 165
29 306 6
105 181 19
55 98 19
43 187 5
309 368 11
273 404 2
318 404 8
67 378 10
459 492 7
148 234 13
120 271 10
7 206 10
200 366 12
309 353 10
328 411 8
368 475 13
222 326 19
33 221 3
199 451 87
153 256 104
31 44 16
109 462 93
69 406 882
123 205 8
18 516 12
96 114 4
348 380 5
54 288 6
73 249 9
199 422 4
166 405 5
325 488 17
166 431 55
139 419 19
5 10 6
296 519 18
288 434 7
111 475 443
293 498 184
1 418 8
102 222 62
143 291 123
12 484 12
130 205 6
65 396 19
457 458 138
353 357 5
177 383 3
47 195 5
152 507 182
12 335 14
199 452 1
119 405 14
125 364 11
243 431 4
37 501 5
300 496 65
264 480 1
135 380 4
27 42 113
130 508 154
101 467 9
109 526 269
188 332 13
57 452 14
105 357 18
92 368 17
62 332 44
59 466 3
12 23 978
108 434 20
13 396 11
95 154 4
249 374 8
140 511 19
117 301 13
25 257 18
340 425 15
195 311 4
183 395 886
248 434 2
141 477 1
401 433 6
69 221 9
43 316 11
315 509 10
238 399 4
361 525 4
265 277 4
99 361 17
283 483 3
167 276 3
273 429 20
320 358 2
249 364 55
47 272 17
387 460 18
297 367 12
351 352 793
201 413 6
249 495 11
51 215 143
159 410 3
450 462 1
128 413 9
115 467 9
71 504 10
54 122 20
252 517 10
100 262 6
283 300 8
199 299 192
201 318 4
353 425 3
0 403 1
86 206 12
215 381 18
57 266 12
312 389 118
54 406 17
68 339 7
86 94 13
97 447 9
177 358 65
192 229 18
6 426 10
178 448 65
53 154 17
19 76 6
19 503 14
309 396 35
270 460 46
202 279 7
109 303 1
140 217 14
110 357 4
141 157 3
167 511 12
2 286 14
43 475 12
146 155 20
361 391 6
41 407 14
117 461 194
158 457 12
174 381 4
466 492 19
199 427 6
214 460 12
514 517 2
84 300 14
350 519 19
352 465 9
72 218 14
56 499 13
240 479 9
175 252 13
150 246 3
37 323 10
477 495 13
417 436 19
174 205 7
49 152 20
167 367 12
194 367 6
251 349 4
370 460 19
21 312 15
227 397 18
81 426 9
230 414 7
368 451 7
289 493 4
151 399 17
23 471 53
329 494 19
241 432 14
279 333 55
237 300 12
70 329 20
346 385 14
135 432 13
418 474 16
15 296 3
10 164 20
96 369 4
159 411 101
88 344 115
108 270 5
326 417 7
434 455 158
141 333 6
264 526 10
175 487 13
106 113 68
398 473 123
30 120 67
144 465 6
227 328 10
29 454 68
86 107 18
67 426 172
191 301 17
79 177 8
135 445 18
298 374 564
232 303 127
187 524 19
466 526 30
109 120 7
323 433 10
172 427 17
353 500 18
18 367 2
50 426 12
138 199 16
245 342 169
362 483 8
77 288 13
63 186 15
380 448 18
227 472 14
97 451 11
321 351 4
60 161 17
191 196 7
250 409 4
96 400 11
277 442 11
170 506 16
88 427 3
320 384 18
108 115 7
135 205 149
6 514 10
402 492 14
56 276 10
127 342 155
294 517 4
122 440 15
397 441 20
189 274 52
24 121 12
208 300 3
154 193 20
142 222 18
67 446 99
74 359 2
244 321 19
127 389 7
313 417 12
427 450 92
172 488 16
35 514 12
270 372 2
107 202 14
195 515 12
203 234 2
122 235 19
36 425 84
148 367 195
173 387 71
244 356 7
192 441 110
273 276 16
325 490 14
135 413 16
197 441 19
1 509 4
285 519 19
413 475 9
58 430 7
112 445 2
148 243 20
64 526 6
19 109 11
47 308 822
232 306 20
360 447 188
159 179 4
101 523 3
4 485 1
255 413 3
123 253 17
155 200 20
304 359 30
246 338 84
32 272 20
36 337 5
227 495 941
250 490 19
200 474 57
237 326 3
523 526 11
251 402 18
246 512 179
92 427 286
335 488 20
105 478 193
272 308 7
149 271 4
98 163 1
108 174 18
18 525 6
93 223 10
98 503 168
407 437 105
289 383 14
148 176 2
55 68 16
71 73 160
208 355 881
28 68 6
129 221 2
109 512 9
234 363 20
278 466 13
75 443 20
68 177 11
24 289 175
54 512 4
60 163 7
212 311 17
178 383 5
166 351 41
507 509 19
493 526 3
233 515 52
33 330 16
72 360 8
55 236 78
98 508 851
30 464 2
104 417 6
397 521 1
265 275 8
116 355 11
100 385 15
38 317 12
159 193 953
151 205 12
364 426 107
46 349 2
15 376 7
346 455 59
265 328 20
31 365 2
92 399 40
198 383 12
82 91 171
197 449 11
370 506 14
94 160 6
164 522 8
323 385 9
224 436 199
110 293 16
506 513 150
452 496 10
314 377 15
17 330 174
272 429 4
178 519 14
361 424 4
264 376 14
425 460 18
84 290 15
332 503 116
387 444 13
242 418 17
159 354 19
115 186 10
365 413 10
57 462 15
200 367 7
114 269 9
96 235 194
61 271 75
39 243 1
50 213 18
402 470 3
87 383 6
61 402 8
5 74 11
2 126 20
33 446 2
50 201 6
138 218 11
229 272 173
366 388 15
102 522 6
71 83 18
95 447 9
179 521 8
181 293 9
17 355 16
160 397 189
89 507 8
251 368 12
156 331 7
68 442 12
42 382 16
64 458 13
183 266 847
470 513 62
138 311 55
42 95 16
377 421 1
84 421 4
197 264 20
112 177 15
65 416 10
381 395 3
201 309 20
31 226 156
313 326 1
111 462 1
392 453 17
140 267 18
102 276 3
89 411 3
134 324 2
58 237 14
152 415 15
119 127 10
16 177 6
68 125 4
77 102 20
179 193 12
397 506 10
92 115 16
106 280 95
199 414 98
114 169 13
165 221 15
256 282 5
163 265 8
25 313 14
38 362 7
432 447 293
85 299 122
320 512 18
445 476 8
29 373 20
77 237 122
151 377 10
70 130 15
175 264 39
15 526 20
45 62 29
236 324 16
163 294 10
108 462 19
0 40 16
44 220 13
11 265 88
56 73 17
96 289 20
314 375 168
103 276 146
244 470 1
4 328 1
169 299 20
72 171 11
447 468 2
187 205 10
340 487 15
292 382 14
16 103 9
85 431 14
424 437 17
84 256 3
34 343 195
49 483 10
313 341 165
0 157 3
387 448 1
1 386 3
111 307 1
35 138 3
17 89 15
196 321 19
236 412 11
298 355 8
280 461 14
161 244 17
109 174 8
200 365 2
144 419 75
285 327 80
189 355 6
94 284 14
82 399 5
126 284 17
104 427 11
210 311 9
11 80 5
349 418 7
133 411 16
157 314 12
19 105 5
458 461 194
304 518 1
5 276 183
194 308 4
327 478 10
135 294 164
62 498 2
257 506 11
72 87 10
99 383 10
242 305 20
138 341 11
56 108 3
294 416 11
348 397 17
102 334 977
5 475 8
209 495 15
293 419 9
140 356 814
247 352 18
22 81 2
271 468 6
108 342 11
226 508 79
160 515 9
3 280 3
405 478 16
28 267 8
102 296 20
46 288 17
201 427 5
112 290 6
211 321 61
202 277 13
169 199 190
186 462 12
129 226 14
140 157 3
359 492 8
36 61 115
17 320 10
445 507 7
171 466 1
347 452 15
257 413 145
206 510 862
401 476 18
341 514 1
192 196 4
58 101 18
151 515 15
204 309 18
178 321 10
238 391 188
16 208 17
433 464 713
259 424 1
64 115 15
313 366 10
108 266 3
167 365 130
3 22 8
199 505 4
212 225 20
117 308 8
50 194 5
428 469 12
158 422 14
91 139 11
108 525 37
38 389 9
276 353 6
235 318 10
205 425 6
43 216 72
60 513 6
276 309 131
198 408 396
338 521 17
289 403 84
335 360 2
308 405 16
213 336 16
162 278 15
154 386 29
64 246 10
223 513 11
410 418 2
210 227 4
265 359 3
259 348 188
78 464 16
51 61 17
189 287 77
72 368 18
50 98 4
294 430 14
248 389 9
300 378 3
195 365 16
142 474 61
46 123 172
108 178 11
56 102 190
285 423 6
227 506 18
342 435 4
185 369 16
12 317 16
59 76 15
45 378 11
143 236 797
146 427 18
179 376 10
37 173 18
394 465 19
13 242 5
29 265 112
58 490 11
222 435 2
3 123 16
31 360 9
195 404 17
105 292 66
6 313 113
96 191 19
252 343 44
1 24 9
144 395 164
369 483 2
301 393 18
41 447 20
490 512 18
172 181 12
46 413 6
338 352 18
248 405 10
454 509 19
27 418 8
305 526 18
348 367 9
43 152 16
416 514 19
92 487 3
51 421 16
41 176 18
173 460 93
233 508 1
42 199 12
58 166 112
123 420 3
52 335 10
27 290 11
434 442 15
312 513 13
80 456 18
174 385 13
80 199 1
8 406 4
108 109 13
83 177 14
262 380 17
378 420 2
311 336 20
82 279 93
299 409 16
241 482 15
90 266 11
199 261 11
154 403 5
238 274 7
181 478 15
359 422 18
154 421 10
2 302 10
63 503 4
355 477 11
196 482 11
13 187 178
50 89 173
51 402 17
159 372 4
4 177 20
407 425 2
222 516 16
140 472 8
54 320 1
235 424 2
277 488 6
195 442 17
98 113 117
208 519 176
240 489 4
139 519 14
234 520 15
356 496 8
472 482 15
12 311 16
30 187 6
186 228 8
53 127 5
53 380 7
358 359 1
20 520 15
137 301 19
228 286 12
154 435 183
120 508 3
112 180 546
68 456 17
12 77 168
391 472 9
100 368 12
297 405 4
39 165 3
305 515 765
245 475 10
357 438 3
50 128 8
68 73 157
168 432 11
165 291 132
246 444 5
68 416 11
133 222 8
68 221 14
222 486 186
255 357 3
297 428 12
180 515 11
131 440 11
205 487 20
3 516 8
73 255 2
169 493 4
233 381 16
50 257 18
57 109 3
201 232 12
37 82 6
8 153 2
467 510 53
77 415 18
246 335 102
5 257 15
331 512 9
52 148 1
48 504 10
59 498 901
71 278 17
112 359 11
298 496 17
244 445 4
74 268 18
263 394 16
92 313 4
71 374 6
312 384 20
100 160 4
16 515 6
275 301 13
414 449 13
147 519 14
57 135 13
266 274 15
329 453 6
399 518 12
158 274 192
31 440 4
304 456 2
197 302 5
28 233 16
32 287 2
273 395 1
208 420 3
305 517 2
191 200 190
429 482 18
515 519 11
128 212 17
179 395 4
402 477 6
236 328 1
296 379 14
214 367 158
5 274 61
1 474 15
367 459 12
166 469 6
397 466 67
328 359 61
50 436 34
433 444 7
33 238 10
148 460 9
257 367 19
108 276 19
264 518 2
315 397 20
465 485 5
26 232 15
351 394 7
318 466 17
98 476 14
208 259 28
313 514 95
19 467 190
11 505 59
158 376 647
295 390 19
323 382 2
113 305 14
236 457 1
288 440 5
140 278 12
452 457 13
40 455 9
300 415 162
47 298 3
324 393 9
78 85 4
280 317 113
365 382 3
89 476 145
335 405 3
190 208 20
301 372 19
222 364 108
412 510 199
245 372 3
409 441 10
29 321 11
95 137 19
194 377 15
31 196 20
116 446 16
127 504 19
199 325 1
39 467 16
33 469 16
167 513 33
300 318 11
41 325 8
123 430 16
5 167 165
177 505 18
86 272 15
173 246 17
216 266 18
148 275 7
148 246 13
245 480 20
30 45 2
267 337 7
242 387 16
78 468 146
313 335 7
41 276 11
56 484 13
191 276 4
20 328 3
443 492 194
316 419 17
462 519 9
385 487 14
156 494 14
77 233 2
57 450 154
42 490 173
92 233 12
118 371 134
149 228 11
107 125 5
452 481 13
172 439 13
77 287 2
49 142 100
182 361 95
74 263 9
291 369 29
520 525 1
169 335 10
399 419 8
35 371 3
303 449 11
169 514 9
60 61 183
167 452 10
227 424 176
246 342 19
108 113 10
82 197 63
227 235 17
103 293 1
289 424 13
104 138 15
255 261 18
44 260 2
128 397 8
1 316 517
118 218 10
187 260 163
22 424 12
123 167 102
72 164 11
43 384 19
127 446 16
205 450 14
63 455 20
422 516 7
19 321 20
340 441 12
21 55 106
206 505 20
483 524 66
89 285 13
126 135 154
71 317 10
209 502 121
133 163 7
63 131 15
23 445 11
77 83 102
0 301 6
333 368 4
79 174 12
473 499 8
247 286 25
400 436 4
149 244 10
11 361 8
281 338 13
417 468 12
297 513 16
157 184 7
262 348 16
66 217 9
114 450 15
146 273 1
99 338 11
366 377 643
121 184 1
28 470 111
346 506 11
224 361 4
178 202 19
188 191 1
128 436 9
478 524 17
68 83 14
101 243 188
75 118 17
310 317 20
190 391 11
399 479 14
222 503 16
361 466 8
127 481 195
3 413 10
85 385 22
153 307 2
216 283 85
156 342 16
247 254 2
68 232 4
259 456 99
31 524 14
148 184 11
168 173 5
91 375 9
64 156 9
32 335 15
13 311 47
99 352 7
32 486 128
273 274 6
108 135 16
342 366 18
10 238 2
57 113 232
265 407 5
64 277 18
325 399 8
265 297 6
174 400 19
84 249 18
195 470 19
84 463 4
129 372 6
74 241 20
90 515 100
6 218 9
79 198 5
32 273 4
383 401 3
116 525 18
451 523 12
270 400 15
119 444 16
190 412 12
246 439 115
253 494 4
242 285 11
246 463 204
218 426 289
124 349 7
248 289 2
17 418 12
206 458 90
3 167 2
11 395 16
0 467 4
10 469 3
149 481 13
8 347 14
249 501 9
98 354 5
176 375 3
413 521 15
11 77 2
258 466 10
11 74 4
6 390 5
56 96 18
53 483 19
34 359 9
18 355 3
301 425 150
3 518 2
50 466 20
100 296 105
19 174 10
199 227 15
125 352 13
227 520 11
106 168 7
377 453 17
6 145 15
181 450 6
115 462 139
286 504 891
104 233 145
337 396 443
53 96 18
228 246 16
210 230 161
68 186 15
333 415 15
433 498 804
222 407 67
270 309 17
120 287 350
29 437 258
475 509 15
21 479 18
117 403 16
141 147 2
69 302 18
42 139 15
99 410 10
452 478 20
0 486 139
345 459 6
235 350 11
221 239 5
124 150 19
179 354 114
50 243 444
77 447 6
348 393 131
68 466 86
275 503 4
287 312 2
201 241 164
83 504 16
358 489 12
275 490 10
169 365 63
386 520 9
170 433 11
183 522 8
308 491 18
210 316 193
183 250 2
10 379 10
102 293 19
167 277 7
109 186 8
235 391 6
441 483 16
85 173 18
233 487 19
240 368 19
3 56 5
84 167 32
118 403 3
139 466 20
170 194 8
212 352 693
130 477 19
245 441 15
22 358 10
167 442 20
17 23 20
85 521 16
25 222 10
324 398 101
78 264 188
146 169 50
253 506 86
110 338 2
281 523 71
49 492 749
18 115 19
397 424 17
151 174 17
304 486 177
117 517 143
365 442 137
47 399 7
187 450 7
218 222 7
19 167 8
97 352 9
73 479 106
11 428 14
167 450 2
294 462 13
85 188 8
445 484 14
402 414 35
232 365 4
138 417 83
231 326 7
143 508 9
74 413 1
138 164 4
12 442 175
129 191 96
387 479 10
322 344 9
102 467 48
222 225 5
167 342 12
73 334 3
332 479 1
19 53 93
40 189 40
146 465 142
214 325 3
317 428 14
28 422 156
159 418 3
197 496 14
25 386 5
125 336 17
268 329 7
157 470 12
23 486 547
445 451 11
115 389 12
187 193 151
183 511 12
189 272 50
267 361 19
32 44 92
251 390 5
474 476 119
225 504 96
65 461 10
253 318 165
359 407 106
56 341 6
161 462 4
66 183 17
337 425 2
234 512 1
145 193 16
169 186 872
146 484 22
3 334 11
270 484 180
9 141 19
181 196 18
166 348 73
258 499 4
37 377 17
27 295 20
55 421 13
118 455 124
273 508 17
354 473 8
164 384 168
37 366 142
112 117 17
300 356 979
115 487 11
266 338 11
360 426 19
174 487 13
301 444 175
231 287 15
449 524 990
270 469 235
50 118 2
206 427 12
186 189 154
135 248 2
43 210 6
47 208 156
125 195 14
218 514 5
275 278 4
248 310 6
208 390 4
128 227 66
17 358 3
138 169 13
83 430 13
191 516 8
104 363 20
207 497 7
89 359 6
363 411 10
396 495 18
185 193 17
222 447 17
367 401 84
191 264 20
416 521 43
349 482 2
142 330 2
64 113 8
108 264 15
39 314 2
425 514 114
50 227 8
220 376 14
78 147 15
443 486 9
158 476 17
224 413 20
439 508 16
100 374 20
218 450 8
258 369 9
245 297 49
140 308 3
9 348 7
133 183 13
407 411 18
271 332 60
83 86 14
282 453 11
184 513 15
224 512 13
57 365 9
221 349 6
113 227 3
224 371 6
471 504 1
65 288 98
16 366 5
51 316 3
290 423 3
167 289 20
230 285 11
429 522 20
26 140 1
56 187 8
452 523 4
187 208 20
26 211 20
320 429 19
149 328 75
189 459 17
246 371 32
90 317 9
422 493 4
243 349 8
153 270 177
40 450 12
366 501 14
42 89 16
76 155 10
45 447 990
209 455 17
15 458 15
289 342 13
73 217 4
138 380 14
368 471 8
207 331 6
91 431 14
6 363 19
480 502 7
198 453 1
305 345 2
225 416 46
174 515 10
97 182 15
147 340 15
273 474 18
171 476 12
452 460 11
63 247 18
28 145 754
222 514 9
311 499 12
287 321 6
138 445 12
34 516 138
222 229 3
16 471 164
241 253 12
411 485 14
160 205 123
156 353 3
288 503 20
148 376 12
242 254 15
424 506 1
98 383 189
278 341 658
306 352 13
93 125 19
177 490 122
417 482 167
111 304 18
136 298 111
258 468 174
125 351 12
163 283 66
109 266 4
286 303 20
207 372 13
280 337 162
28 480 10
170 445 81
239 453 7
316 513 15
291 520 20
293 441 5
187 339 18
213 415 14
229 335 3
183 333 19
355 390 77
446 497 10
3 199 12
389 520 13
61 406 4
191 446 8
365 406 114
345 366 10
173 342 1
138 222 2
4 305 54
233 472 13
201 422 11
295 351 74
115 174 10
274 406 4
196 372 5
178 245 550
253 424 797
332 484 1
59 221 19
248 262 20
314 504 20
77 122 1
6 372 10
112 303 6
6 63 10
19 381 20
71 466 10
226 447 9
135 365 3
103 494 12
123 125 9
116 206 14
137 513 4
229 456 11
141 164 17
232 323 5
37 101 17
109 113 45
377 403 7
270 520 83
155 406 5
187 285 10
186 526 19
137 251 3
310 347 2
288 512 15
290 381 16
366 508 11
157 474 18
167 348 12
155 377 20
213 346 44
173 501 13
177 278 108
145 146 42
7 498 9
214 516 3
57 232 20
129 495 19
71 177 37
357 517 14
262 446 5
131 223 7
226 371 3
92 385 20
51 303 20
291 332 7
35 329 6
213 388 10
174 399 234
180 337 15
261 427 10
245 418 20
277 425 91
367 428 100
40 436 6
143 205 14
130 442 3
77 335 4
231 253 16
190 253 15
389 406 5
236 444 66
213 465 11
85 89 14
54 440 17
71 108 52
144 371 5
469 481 4
9 274 19
102 254 113
179 313 5
258 269 1
31 260 2
229 366 13
349 383 14
130 172 18
121 398 4
229 255 54
313 509 8
236 287 6
391 419 4
213 431 5
151 233 32
205 442 10
262 272 12
108 125 18
115 385 17
58 91 80
324 365 1
40 95 16
133 487 50
79 369 10
154 272 20
254 507 306
85 308 8
98 121 19
6 341 12
282 446 4
370 511 7
241 427 4
145 277 14
377 501 20
293 447 16
344 393 12
129 168 10
206 266 13
255 308 181
295 330 8
169 487 14
199 358 189
262 401 4
166 523 42
376 405 15
72 149 15
244 473 107
156 311 6
273 384 192
240 333 3
37 119 9
290 429 3
162 464 145
273 378 14
360 436 96
120 451 4
100 515 7
326 514 134
225 296 14
241 271 9
458 496 23
40 340 18
402 500 9
94 396 7
188 203 9
35 203 13
87 470 17
130 316 15
155 416 8
56 257 1
88 348 19
194 416 10
74 128 192
139 370 627
0 134 174
7 397 5
134 229 11
103 234 1
18 150 2
36 467 14
287 388 5
449 505 3
381 398 14
238 373 20
63 150 4
50 507 6
328 401 127
285 316 4
205 385 10
115 151 143
337 361 204
353 378 14
41 105 20
448 491 5
89 227 165
186 519 44
353 407 12
306 357 186
106 308 20
354 407 19
32 453 15
335 417 18
161 213 12
90 196 8
81 524 20
70 82 69
366 442 17
201 397 5
436 502 13
138 326 13
83 221 51
179 187 7
72 211 14
367 424 101
344 520 19
167 316 4
441 476 18
76 503 17
342 432 114
344 427 13
336 405 20
466 506 17
210 223 16
188 257 7
139 221 716
92 174 15
16 520 16
465 507 2
155 363 34
190 506 98
223 302 14
273 311 7
219 486 978
138 313 150
271 329 15
144 309 14
109 309 6
123 450 73
229 483 2
179 351 5
68 98 2
156 246 182
73 275 153
177 312 12
274 513 200
112 120 185
186 268 7
156 375 175
100 205 10
220 378 15
108 526 19
425 433 16
377 457 6
161 168 13
108 289 16
92 205 177
134 422 13
26 292 18
41 272 4
328 452 8
31 332 195
384 398 105
315 334 192
402 525 12
51 351 13
105 360 14
235 508 6
90 345 10
41 474 15
153 389 13
479 526 5
487 515 10
193 446 19
14 421 3
323 523 5
398 508 12
201 227 17
39 136 7
167 516 13
403 422 164
339 409 2
235 397 30
141 188 6
21 85 12
95 217 2
144 377 16
94 139 2
201 253 12
283 372 5
246 305 13
168 189 90
53 399 15
368 503 17
288 467 18
473 504 125
338 365 17
281 485 3
27 157 72
219 312 2
381 507 11
187 378 18
303 382 6
359 417 11
125 248 2
325 516 10
32 244 2
74 257 129
155 340 16
20 110 19
98 424 18
399 461 2
98 140 3
97 244 15
397 518 365
69 215 9
1 468 5
114 425 4
277 437 19
15 213 75
341 451 48
123 169 11
115 160 20
277 388 7
374 391 3
51 202 15
301 461 4
218 326 16
134 333 444
84 341 182
463 470 9
12 122 179
292 522 20
414 454 11
360 514 15
239 391 8
173 221 7
410 480 15
273 433 3
201 493 3
15 435 193
326 515 96
370 433 19
125 446 2
243 415 5
425 500 105
146 266 13
32 292 5
39 405 18
409 426 15
6 162 13
243 281 12
223 434 4
203 502 15
323 328 18
148 438 7
72 370 8
49 223 11
124 406 19
48 162 10
307 322 73
415 464 9
35 236 8
68 110 17
89 422 8
131 299 11
50 99 3
61 177 12
135 514 14
441 466 16
99 363 18
37 156 7
75 272 5
171 469 3
120 196 98
332 413 17
426 496 131
233 368 782
171 441 9
110 232 8
335 341 1
147 224 7
63 232 14
356 367 18
174 179 17
89 232 3
16 261 12
132 362 20
4 101 19
35 222 105
312 355 15
58 143 128
129 148 2
5 56 18
227 257 6
208 421 14
53 286 9
33 112 178
191 326 633
180 267 4
163 209 106
115 228 3
2 306 17
248 428 15
88 130 4
490 510 4
227 466 141
409 486 10
110 328 18
56 231 2
102 167 150
68 199 99
194 352 92
232 251 61
262 350 12
235 422 10
190 241 1
182 412 144
56 415 13
502 512 5
81 269 4
251 487 3
88 205 6
42 59 19
232 476 7
432 439 2
163 213 19
364 456 13
24 91 8
417 447 9
144 512 15
122 410 3
59 278 7
195 450 11
132 505 21
23 460 16
27 304 8
374 418 1
182 468 13
305 525 12
131 279 6
282 423 16
56 213 6
115 395 2
347 498 146
15 399 2
31 102 17
77 440 8
73 303 11
292 440 11
113 526 9
106 293 71
219 487 18
330 523 10
79 357 8
50 323 6
7 52 12
16 418 4
455 495 19
128 235 3
424 433 2
151 335 2
219 417 15
87 232 1
47 507 11
399 466 12
124 248 7
178 372 5
96 490 66
216 395 8
57 305 20
182 301 16
78 97 12
115 507 3
13 168 4
127 136 124
345 346 8
108 432 3
420 494 7
230 346 11
101 408 18
54 77 12
128 466 7
241 413 15
189 212 55
12 512 190
30 344 1
189 477 158
310 377 18
91 381 10
231 267 1
266 390 1
55 228 4
452 480 5
95 314 27
299 332 18
86 292 17
201 356 17
128 192 12
245 336 24
13 124 160
235 257 20
169 281 3
313 383 13
57 413 6
62 400 15
235 238 13
201 205 1
139 152 11
308 448 6
119 457 16
59 225 710
285 469 15
87 93 7
88 115 14
160 293 8
57 526 16
84 216 13
270 439 10
105 246 11
132 278 17
246 506 2
238 458 14
136 494 12
135 450 20
64 226 19
248 436 73
317 482 17
288 291 10
139 177 4
228 462 4
358 418 163
107 231 16
374 429 101
104 450 116
365 511 16
273 365 188
205 452 14
201 494 90
99 405 19
82 513 19
162 279 20
135 217 10
293 526 11
149 318 5
247 339 7
174 347 20
243 495 18
233 385 3
10 158 14
30 271 8
181 264 4
5 289 3
161 511 20
16 503 4
244 343 13
396 459 18
215 334 156
43 315 13
260 370 5
4 202 6
188 238 2
108 196 1
227 510 14
212 269 6
57 90 4
314 416 162
245 353 251
206 496 5
348 383 20
76 108 20
185 519 16
64 373 20
215 495 14
227 241 19
124 357 6
8 486 17
50 241 20
110 169 18
56 513 5
125 413 17
98 232 12
115 266 8
41 353 155
326 454 11
373 493 176
307 404 11
145 418 9
110 376 9
17 47 14
4 412 7
273 293 14
154 524 5
122 513 7
263 343 417
99 462 2
87 457 10
300 509 17
294 472 90
275 422 10
5 79 18
26 165 7
113 373 19
49 398 20
326 341 164
100 169 16
50 235 13
160 391 65
328 404 6
49 263 141
82 222 96
218 363 9
53 183 17
57 59 2
199 323 10
326 428 1
77 320 890
72 126 200
184 290 5
361 473 724
15 180 16
306 493 12
2 70 7
185 411 762
185 378 3
105 192 17
344 472 4
1 272 14
440 489 9
64 504 11
169 313 7
442 450 18
186 266 20
14 521 17
228 305 1
160 174 10
250 501 14
179 292 185
135 442 9
134 301 1
9 188 11
56 164 18
103 451 2
179 285 6
142 419 2
235 525 12
91 421 8
1 485 20
322 485 13
88 520 100
54 335 13
89 319 19
218 313 18
214 268 6
38 335 15
53 58 20
342 501 14
143 328 16
120 201 3
70 326 3
230 326 1
274 280 12
399 515 3
236 401 537
15 398 60
382 445 11
319 515 115
337 391 40
155 305 17
37 209 10
76 160 9
50 417 9
173 323 6
395 513 10
385 515 1
69 485 20
136 245 163
160 487 3
254 278 15
164 263 2
380 406 172
314 409 4
79 440 8
98 338 13
134 188 11
239 450 20
153 244 133
173 453 12
416 491 161
120 500 121
190 407 1
63 192 4
71 127 17
158 202 182
141 505 15
71 424 7
86 91 175
77 160 13
154 425 12
88 169 17
381 412 9
354 452 19
182 274 2
158 431 3
152 242 9
45 217 172
224 329 64
236 332 13
5 148 2
26 317 3
238 381 9
66 446 4
158 397 3
21 520 1
50 253 1
396 522 2
209 328 113
103 332 4
405 494 19
244 368 4
260 377 6
122 249 6
259 335 59
246 486 10
22 132 8
204 226 5
36 414 122
240 357 20
169 172 482
351 417 14
25 35 94
361 511 13
200 272 20
68 476 8
277 523 6
97 490 14
200 480 128
161 355 9
273 278 5
201 506 11
247 404 168
151 363 20
357 360 2
50 445 123
477 524 3
205 382 15
96 420 11
139 242 44
145 385 17
482 487 4
284 321 2
300 319 8
257 524 139
159 310 873
281 452 39
20 93 9
323 423 13
6 169 17
197 409 4
258 263 133
75 311 11
479 505 34
39 230 3
303 313 84
98 110 17
248 489 8
198 482 4
388 449 6
144 468 1
261 458 11
56 360 20
430 507 152
209 490 6
118 375 7
265 391 1
244 416 158
116 316 5
41 524 169
160 483 17
135 162 20
291 448 192
97 524 2
318 393 978
111 197 11
130 413 3
66 360 311
314 522 12
64 108 20
70 392 18
66 224 2
37 417 20
58 403 13
268 347 19
33 383 129
29 463 18
453 465 11
260 339 119
358 430 91
208 389 8
160 477 20
264 470 9
52 295 18
309 478 16
205 233 11
190 466 11
52 69 16
57 108 10
107 408 16
241 374 20
355 470 12
322 525 19
192 483 153
0 204 8
1 398 5
294 525 8
138 335 3
7 413 73
122 293 75
481 513 18
295 370 593
29 350 15
191 404 19
102 342 15
70 288 10
95 311 152
329 524 4
306 389 19
199 329 3
265 429 104
300 491 20
17 328 2
96 276 13
503 507 7
204 389 36
81 211 17
214 479 1
151 245 9
201 376 3
5 342 2
385 509 13
110 476 92
121 201 16
208 244 2
40 197 129
213 260 20
0 239 13
442 463 6
320 411 148
124 148 10
276 377 65
21 158 4
106 131 66
167 195 18
479 488 19
205 439 13
263 444 59
406 512 260
93 255 8
155 474 8
57 336 20
123 413 17
180 426 16
102 108 2
286 482 18
452 509 18
194 297 9
312 438 196
109 115 15
261 523 7
266 305 559
167 359 180
122 382 6
54 172 6
37 246 20
460 471 7
316 394 3
57 195 6
227 373 6
161 298 16
5 102 15
419 442 104
335 514 6
128 446 13
385 465 4
204 363 153
51 152 4
288 320 17
46 166 18
27 518 18
450 452 19
184 195 36
96 392 9
282 441 7
235 334 14
297 400 14
109 246 1
100 487 5
253 480 2
111 242 10
22 431 8
319 347 18
34 221 4
116 321 237
32 198 4
54 382 15
169 308 1
247 490 17
1 207 2
155 375 2
9 237 13
35 417 3
71 139 5
118 200 8
84 193 101
140 159 10
440 460 4
111 473 20
198 341 17
59 139 17
44 94 153
225 340 3
185 365 19
73 317 190
427 493 3
347 402 8
117 506 18
223 277 12
183 311 14
226 418 9
139 380 18
195 413 941
