408 3614 4
2 166 8
271 321 152
136 332 7
188 354 376
26 59 7
298 377 20
142 146 17
257 356 8
212 239 15
296 381 9
260 298 2
223 274 1
247 392 31
139 245 11
239 309 9
302 354 16
157 364 8
10 236 9
133 322 13
11 376 9
92 404 19
39 72 56
4 248 15
46 362 3
241 281 17
114 153 11
300 344 153
119 351 69
138 192 125
129 241 170
246 298 14
205 284 11
71 313 14
85 200 4
203 309 9
287 328 5
121 393 494
119 187 3
127 333 2
43 49 19
65 333 6
200 357 3
185 278 53
199 217 46
18 195 13
13 363 5
48 94 28
170 183 11
26 76 10
205 339 3
62 288 5
105 194 1
151 185 431
180 368 11
1 22 8
54 263 20
65 123 166
7 136 8
59 192 7
156 187 8
357 383 3
86 289 17
147 264 3
141 380 17
317 404 15
352 367 7
150 324 14
200 383 20
210 345 953
56 175 10
149 365 19
329 344 149
120 405 17
123 386 19
108 337 6
65 258 17
363 367 8
163 219 4
31 70 4
105 242 17
86 236 5
26 277 5
193 318 2
127 216 16
295 384 19
68 254 4
179 229 14
36 347 110
212 260 16
213 357 73
89 256 14
279 346 19
121 352 5
155 347 12
233 386 8
247 249 6
92 107 923
225 233 13
51 116 14
309 329 1
149 192 9
72 124 360
148 243 16
89 182 18
26 55 3
38 353 3
125 251 5
15 407 89
112 344 16
293 404 8
70 76 7
122 191 3
203 401 5
245 264 4
67 183 17
128 386 7
57 279 7
51 134 2
218 330 10
279 364 12
35 74 1
23 336 15
213 316 17
131 371 8
26 122 54
284 286 6
123 305 9
53 249 7
86 348 20
7 254 12
54 69 630
14 103 5
106 251 7
158 242 27
196 223 8
45 178 1
96 383 2
262 274 20
33 191 7
14 24 18
162 216 7
21 44 18
59 379 10
154 293 13
138 291 1
294 363 18
19 342 9
293 393 179
94 203 13
176 364 20
39 54 62
6 352 10
110 289 18
151 289 162
2 312 1
155 328 17
138 212 11
197 378 16
92 346 20
198 338 20
17 243 18
159 177 11
52 367 17
119 390 3
29 258 96
10 155 14
141 269 16
383 398 7
157 182 86
85 298 18
328 348 3
19 360 29
108 320 3
93 116 11
185 192 129
40 277 19
2 274 5
29 57 271
206 353 3
92 138 20
19 39 40
17 160 19
17 341 52
317 348 2
243 335 11
44 280 189
131 401 19
170 278 10
31 351 7
366 383 1
279 352 14
69 402 3
57 213 15
283 356 15
110 302 13
138 312 8
119 330 12
41 270 10
206 214 13
239 249 6
8 211 188
108 172 172
74 271 135
121 328 16
116 241 7
137 340 11
104 245 24
141 362 19
247 351 332
4 272 8
114 299 10
261 354 15
38 282 121
42 327 16
125 345 8
233 349 3
211 246 17
147 339 6
109 124 18
29 41 5
147 193 1
165 225 71
108 243 41
21 61 5
383 389 2
64 399 115
26 289 19
78 339 5
65 149 2
15 110 9
73 306 19
3 64 7
6 157 13
308 400 98
252 259 9
233 299 13
178 386 12
302 385 8
18 226 18
211 345 4
235 407 9
346 373 67
278 313 2
9 92 85
260 275 5
114 139 4
249 351 10
331 368 16
321 356 6
240 272 18
128 327 12
74 363 6
233 238 1
76 135 3
97 144 18
19 341 13
15 279 19
123 160 7
169 200 7
18 64 4
21 335 19
31 73 17
322 388 8
275 353 10
102 404 4
89 190 6
12 141 19
73 310 1
6 18 15
6 27 138
0 173 19
279 280 9
66 68 18
23 30 158
44 55 14
16 238 4
17 139 81
192 212 8
131 217 20
6 32 15
37 253 15
352 379 12
49 332 4
15 66 16
22 401 2
94 360 3
88 291 5
249 350 6
165 325 784
223 299 1
202 375 9
85 101 15
157 308 7
58 313 1
172 382 151
242 391 14
285 352 11
100 320 10
57 61 20
135 225 8
11 317 6
127 371 9
45 115 5
134 327 993
21 397 27
46 192 11
52 329 50
130 287 6
220 371 19
10 197 8
37 344 15
158 341 1
103 232 1
256 353 7
139 278 11
64 317 119
294 356 4
318 341 148
88 195 14
158 245 120
149 325 15
13 229 7
6 274 11
246 314 11
46 245 8
6 264 18
114 194 1
225 267 10
34 227 53
270 314 41
155 217 9
47 390 93
21 40 7
228 334 2
140 352 132
22 289 8
36 74 4
256 359 9
252 355 7
131 328 19
24 363 178
88 123 19
151 273 13
189 360 99
287 371 19
220 287 14
150 277 11
196 319 6
255 296 3
46 223 126
140 293 15
56 326 10
157 176 10
59 265 2
292 306 11
19 233 15
330 359 19
235 364 7
111 217 11
184 303 20
181 368 13
107 115 10
78 169 10
30 334 19
176 279 8
24 223 681
288 308 6
217 237 20
66 307 18
368 380 3
223 243 642
8 363 4
200 377 4
111 209 15
31 269 148
174 274 8
122 278 4
36 329 14
24 337 13
19 215 19
235 314 16
160 258 4
65 243 6
163 353 6
58 155 10
380 401 19
140 232 2
147 387 2
217 354 5
222 358 11
41 205 46
8 106 12
196 277 18
44 190 20
202 362 11
161 292 127
17 55 134
9 271 4
89 102 14
105 393 10
212 320 2
131 287 19
245 314 18
81 344 15
251 309 17
157 235 13
2 77 8
21 226 17
311 369 38
151 375 9
293 352 10
46 71 18
157 387 9
20 91 8
56 191 1
37 327 13
192 260 164
6 64 30
24 393 103
140 341 9
54 80 151
139 379 181
72 282 18
59 366 9
86 278 1
149 402 84
122 236 182
30 278 19
154 249 268
152 383 14
161 405 12
362 402 15
78 362 191
82 281 15
239 325 19
139 386 10
253 303 7
133 338 2
120 379 9
80 151 53
143 277 93
325 383 15
219 330 129
95 162 1
40 347 13
54 226 129
17 194 8
185 362 129
107 283 4
110 301 8
174 308 334
219 381 1
265 388 20
108 131 19
103 158 199
160 178 20
209 218 18
88 299 3
339 360 5
11 370 15
142 235 341
104 161 8
131 369 8
130 237 8
35 343 16
354 406 9
60 191 16
70 228 19
65 166 17
149 201 1
46 139 97
59 137 3
193 323 15
359 382 20
159 402 296
188 215 5
17 35 17
133 383 18
87 224 1
65 320 16
18 264 743
171 388 11
216 389 57
84 232 6
207 244 1
142 150 78
69 365 18
2 251 5
108 393 1
57 391 10
83 305 12
146 205 15
366 407 18
137 200 12
223 344 10
114 310 17
145 218 5
226 233 19
240 371 1
294 347 13
27 90 18
190 270 141
38 103 19
128 155 10
140 274 45
254 340 17
56 282 20
25 113 20
119 347 148
7 65 20
388 401 18
58 260 2
353 378 9
7 142 4
121 293 18
44 75 1
163 235 178
16 331 4
100 199 2
43 228 5
42 152 9
125 167 12
168 200 1
187 325 32
90 259 4
138 325 5
22 253 15
187 243 514
255 392 19
17 61 1
134 200 1
78 228 75
168 338 8
77 247 16
52 398 4
85 353 20
61 269 2
223 229 5
294 387 4
33 178 4
24 375 808
58 403 5
108 205 9
106 183 4
203 337 8
44 398 20
311 383 130
269 321 19
155 230 676
298 348 151
274 293 12
237 312 16
89 254 2
293 327 20
263 295 4
42 388 125
331 383 9
304 328 86
64 70 5
233 250 148
293 312 1
212 374 12
39 141 182
25 347 14
17 158 17
270 296 20
80 267 13
235 265 1
20 122 9
17 368 87
107 381 197
17 167 5
122 131 15
69 189 16
43 168 701
86 145 39
140 261 75
185 241 11
224 314 486
138 344 3
26 240 18
131 212 8
254 345 9
28 232 2
56 339 374
270 406 3
4 46 13
28 38 6
4 278 20
49 98 12
233 260 16
133 174 6
60 267 5
61 388 761
207 339 6
99 286 20
243 399 116
176 192 6
155 304 1
19 319 18
140 258 20
390 402 16
322 330 433
68 76 20
137 379 13
358 385 12
264 317 145
25 274 12
125 318 18
133 186 13
155 379 9
4 155 3
75 378 2
202 317 6
196 382 7
64 283 130
205 283 145
16 81 18
37 84 5
133 243 144
184 307 7
156 283 15
157 265 18
223 383 7
199 334 7
42 274 3
59 223 10
92 291 838
135 355 3
224 284 170
45 372 145
246 308 156
339 396 1
105 112 8
230 331 16
172 205 177
125 332 117
118 195 7
57 360 14
37 302 42
124 291 5
294 383 256
170 236 10
238 347 4
190 280 580
55 248 62
103 386 2
139 179 18
72 162 2
64 228 2
29 291 14
10 154 8
190 386 8
132 143 18
182 332 24
59 138 3
293 317 20
109 317 144
39 125 3
26 86 5
50 353 13
35 331 12
100 178 32
303 379 10
66 371 17
119 305 13
140 302 15
265 403 103
4 269 743
107 382 181
119 363 32
163 291 12
199 360 93
96 296 4
130 344 20
7 122 13
51 141 11
10 134 132
30 247 16
96 183 19
205 334 2
78 205 7
114 117 8
138 302 55
7 275 20
199 228 1
327 328 17
131 136 1
83 283 17
87 241 7
212 386 13
6 169 17
157 279 4
102 239 4
63 137 19
114 179 8
269 398 2
187 308 12
100 183 18
47 164 13
18 89 3
228 399 182
130 230 2
53 185 1
101 346 6
138 404 2
160 264 7
44 391 28
177 279 15
208 330 2
263 322 9
20 366 137
181 247 145
58 129 19
29 286 7
239 302 18
287 366 12
75 322 1
59 267 3
10 289 14
32 341 81
78 237 113
129 376 16
256 377 15
86 403 13
302 404 13
252 399 7
339 342 18
123 133 17
77 112 12
108 339 19
154 189 17
296 347 8
176 394 12
233 319 3
232 331 11
25 248 7
86 88 20
26 126 38
80 183 14
246 255 16
101 368 7
0 172 235
43 74 10
150 370 20
89 123 15
81 95 5
51 283 9
128 328 7
99 308 13
127 249 6
123 182 84
234 344 17
93 174 3
230 359 679
166 289 879
43 403 6
22 160 3
274 386 9
16 283 9
42 120 20
159 178 8
154 393 169
125 321 13
197 392 10
97 373 70
357 400 13
172 193 6
43 356 2
339 351 2
337 395 6
67 305 15
3 25 27
74 183 3
106 370 13
62 169 9
166 406 7
135 326 18
50 354 15
130 199 3
83 218 10
39 323 6
283 330 138
88 239 14
276 399 3
53 252 18
47 291 7
76 216 17
28 193 5
77 87 18
42 121 14
44 79 5
92 143 5
22 86 6
18 283 4
362 403 17
41 172 687
167 299 17
29 238 496
33 68 167
181 303 5
112 197 18
181 388 16
220 301 143
2 335 36
49 55 21
328 371 116
48 328 4
330 369 11
2 100 14
329 375 199
26 158 7
329 354 2
237 267 106
76 248 4
90 220 10
330 340 11
162 222 17
325 386 14
201 231 5
36 124 14
76 378 16
62 381 105
134 341 9
24 25 1
240 326 19
107 383 11
121 279 1
20 170 4
191 231 107
57 104 3
139 152 53
232 341 8
66 79 3
249 333 5
115 376 19
160 316 20
20 274 9
324 381 13
136 159 19
209 288 5
32 106 11
330 357 15
140 246 11
107 356 198
28 215 183
123 208 9
123 358 14
31 141 45
86 362 13
219 290 2
39 232 38
305 393 3
55 257 52
89 401 10
126 399 4
92 356 12
165 218 18
102 143 61
21 224 18
148 202 17
69 175 342
41 47 17
38 246 17
270 295 13
59 109 17
93 314 5
49 217 5
268 308 6
46 151 13
308 386 5
18 399 14
37 232 5
208 286 3
221 379 3
69 285 21
79 264 58
176 247 18
139 320 4
140 379 19
328 393 15
50 126 3
25 47 16
67 106 19
76 139 7
69 102 16
16 42 9
139 249 7
92 283 94
199 205 169
208 390 13
224 253 10
12 111 3
122 244 4
74 368 3
62 360 6
37 141 1
63 253 1
38 52 10
232 240 20
131 399 6
320 394 1
55 184 11
16 381 4
216 273 7
114 231 6
356 382 12
217 233 17
192 194 2
15 281 19
89 233 5
15 399 15
25 52 7
159 309 6
333 403 34
130 330 20
104 371 10
145 382 3
80 359 105
44 123 13
50 154 9
81 86 166
195 295 11
247 306 19
122 356 50
20 174 17
247 298 31
22 44 9
108 148 10
86 122 196
173 253 198
212 233 3
42 379 18
85 384 13
183 391 1
10 382 17
70 293 5
248 277 10
101 148 19
110 357 15
32 384 4
255 365 169
300 361 19
1 368 162
276 368 7
190 259 17
128 378 14
173 241 15
284 304 194
97 173 178
85 322 10
201 403 4
106 336 257
191 227 1
122 328 95
10 122 3
305 340 103
168 197 10
179 365 19
174 356 12
47 113 19
30 315 10
170 289 10
248 286 1
125 204 46
47 240 11
140 355 100
75 153 586
372 393 14
99 404 9
46 368 8
91 247 8
22 211 143
263 317 14
232 351 15
158 314 5
16 290 9
85 360 29
22 118 3
230 291 8
250 384 164
0 224 7
89 280 11
301 354 7
236 352 10
52 195 3
64 100 6
24 47 4
235 356 10
260 280 19
4 362 5
3 112 15
347 361 5
62 122 5
288 317 12
177 240 7
263 360 19
283 334 62
78 319 18
114 275 19
264 335 16
143 276 9
22 155 14
201 394 12
203 397 17
82 199 12
183 318 165
242 351 17
237 333 17
36 192 11
18 228 8
47 241 17
158 257 8
179 320 17
21 366 856
254 314 11
45 250 3
57 311 10
275 311 18
199 207 14
41 381 4
4 122 11
250 334 2
96 156 929
217 401 1
160 198 7
38 60 3
5 166 3
77 370 21
89 131 17
72 349 10
116 118 33
6 164 107
2 406 178
364 406 9
38 356 20
139 246 19
16 356 11
155 352 5
74 196 20
259 329 3
30 399 18
74 310 5
257 277 430
307 403 137
14 317 173
228 384 189
221 292 190
61 271 17
135 269 16
13 278 6
61 77 705
61 138 14
266 297 4
64 307 1
95 363 2
121 218 19
267 383 4
140 328 8
192 226 119
13 79 13
99 279 1
97 259 108
146 164 4
4 125 3
139 277 188
52 107 11
134 278 913
256 347 5
194 297 131
52 291 20
40 170 18
108 147 165
168 242 5
45 98 10
97 311 7
42 247 1
57 115 940
280 308 170
31 342 123
294 357 19
239 345 7
180 345 12
203 364 17
29 222 10
100 259 2
62 162 9
138 277 9
223 239 106
168 403 18
182 236 3
168 238 8
211 328 10
54 318 8
17 349 5
174 283 3
28 94 20
116 178 19
70 323 6
92 245 3
103 276 17
52 297 6
48 122 15
28 183 4
23 305 15
305 363 19
131 361 17
98 353 6
135 328 7
325 362 17
31 319 3
173 284 118
93 378 161
186 286 3
125 206 8
127 158 14
120 154 6
89 332 4
148 192 4
236 267 77
187 252 16
85 377 56
56 390 16
69 156 4
297 313 9
19 259 14
80 145 14
168 282 15
38 92 12
34 342 9
217 260 8
48 71 6
213 312 11
44 326 16
90 211 14
53 193 5
63 102 141
89 331 5
225 240 20
72 333 18
344 382 5
26 248 117
107 300 13
187 330 8
102 386 199
78 361 18
50 208 166
194 365 189
396 398 65
174 328 163
161 191 13
182 386 4
169 273 4
146 342 11
96 198 18
71 298 18
326 371 3
104 350 12
7 241 20
126 215 7
23 63 15
135 220 13
92 264 20
315 381 13
393 403 19
35 231 105
295 366 4
44 51 7
40 107 171
65 374 4
122 138 147
206 213 9
206 386 9
35 102 9
89 192 19
165 183 191
239 277 145
253 305 12
4 89 653
22 36 5
235 390 6
371 376 412
59 148 9
174 352 1
34 241 20
27 258 6
134 248 14
217 389 19
376 388 161
39 100 6
197 331 129
306 339 19
47 208 11
143 245 1
114 237 3
176 186 2
43 111 12
217 326 110
248 349 18
83 107 66
61 239 5
152 339 17
139 378 8
309 328 11
205 330 15
84 292 9
277 325 9
90 197 10
100 293 18
0 246 20
149 166 20
200 403 9
148 149 1
114 344 20
6 186 12
177 215 271
69 70 41
138 199 86
119 152 40
22 98 926
53 91 2
6 390 18
153 265 11
16 107 144
97 332 92
107 206 163
52 213 11
112 367 4
77 307 16
53 59 7
196 363 6
223 362 9
78 335 7
96 127 17
328 402 10
206 235 8
16 104 16
143 273 20
166 388 7
61 78 6
12 139 19
25 139 8
64 251 21
100 255 135
25 297 4
43 185 91
108 237 10
205 371 8
228 243 17
99 336 8
88 344 8
205 209 20
67 359 20
3 114 18
162 343 5
218 277 15
229 359 14
64 360 688
120 139 1
89 236 16
65 305 11
78 283 2
251 317 12
98 249 9
104 366 18
149 220 1
25 370 8
130 162 8
29 335 18
121 174 200
258 269 17
167 261 8
231 365 18
123 332 96
11 318 4
262 310 19
238 353 3
53 155 13
328 334 37
126 295 18
128 274 230
70 134 132
149 320 7
17 145 5
130 249 5
277 320 13
55 69 124
139 159 1
150 329 126
131 147 19
325 342 10
330 361 5
27 337 10
193 279 168
172 396 12
82 385 18
39 337 8
4 371 1
43 307 594
39 372 17
390 395 15
211 379 14
280 403 16
130 334 16
4 139 19
18 233 9
223 333 1
266 394 8
139 397 6
309 353 24
253 353 9
108 297 5
324 358 10
228 301 11
17 76 8
241 395 1
57 364 9
76 257 6
107 207 5
57 336 5
137 398 20
49 290 6
135 160 15
165 248 5
380 397 6
5 202 11
54 251 167
213 374 10
127 318 8
265 280 13
217 283 156
140 327 15
108 160 12
130 192 675
107 239 74
20 86 12
48 276 3
84 101 16
58 369 6
130 351 15
115 144 1
44 157 13
93 189 9
125 229 20
184 344 4
54 309 17
18 364 16
96 285 178
1 248 79
81 390 9
133 151 1
69 252 11
148 223 6
150 210 18
137 357 3
171 328 127
162 168 16
24 380 17
18 280 189
13 156 12
294 403 178
310 403 128
16 46 1
276 305 2
131 350 927
66 189 13
333 342 1
162 347 79
117 280 6
183 250 8
231 372 14
42 140 57
182 403 9
118 220 683
275 332 14
258 307 12
70 168 20
332 392 7
117 126 19
38 272 129
73 281 6
229 270 18
102 203 18
72 261 19
246 301 8
126 329 17
195 230 12
205 361 921
130 205 4
42 328 4
212 388 4
283 361 1
17 26 4
66 161 20
116 206 90
204 332 3
51 214 3
193 365 13
226 387 15
140 378 557
124 360 10
12 192 1
69 259 14
13 38 1
351 392 18
44 265 13
236 293 25
78 217 6
122 307 12
88 345 20
334 406 116
45 48 19
147 365 8
204 353 51
76 191 1
56 124 13
303 343 13
44 182 17
224 290 1
19 46 12
121 274 8
72 384 19
190 392 20
363 388 20
156 219 163
66 236 7
46 334 7
8 17 102
52 281 186
35 268 18
304 368 14
205 390 7
314 378 11
228 264 181
202 249 11
51 356 17
246 278 6
139 388 5
13 350 19
101 239 15
178 184 19
39 314 10
70 327 13
79 160 2
228 283 15
84 334 14
196 271 10
192 333 18
264 302 18
109 330 11
6 397 10
37 307 7
18 217 7
59 94 11
361 364 2
45 66 5
294 312 15
61 262 6
31 247 16
76 185 14
50 242 18
95 192 8
293 328 16
150 174 110
325 348 16
155 332 55
100 300 1
38 379 12
55 121 14
42 174 19
175 374 16
320 369 20
212 267 10
176 339 11
97 263 281
142 368 8
280 332 7
60 313 17
149 297 17
334 339 4
260 400 44
38 189 3
28 349 128
65 108 2
130 182 12
136 254 20
75 397 164
55 303 138
401 404 182
329 407 7
298 369 249
278 310 14
98 132 66
200 360 70
239 404 20
224 295 18
13 341 17
168 363 34
207 319 2
378 402 17
26 66 12
7 331 8
36 223 74
363 403 12
12 376 11
98 175 9
203 338 19
95 297 5
294 319 4
42 293 17
199 361 2
87 192 7
296 309 15
82 309 10
222 250 20
49 234 15
136 231 92
282 300 53
232 252 15
218 311 173
164 207 9
183 384 14
245 296 15
125 269 9
173 187 20
6 367 135
72 334 30
47 172 20
182 280 11
317 351 18
22 337 3
182 388 19
28 147 13
243 333 17
18 260 8
11 132 1
138 149 16
223 267 12
60 287 16
99 160 20
70 85 13
4 321 14
24 40 4
192 247 8
93 208 4
352 406 18
92 376 13
200 404 1
73 322 19
37 80 7
6 51 15
16 61 2
59 277 11
74 331 17
14 106 89
307 352 6
168 383 2
254 296 4
237 243 17
284 317 4
0 55 148
105 320 44
206 315 14
119 343 18
21 76 18
112 209 14
166 202 2
150 383 7
6 144 18
147 201 10
234 282 2
283 382 4
128 221 9
142 398 915
180 308 783
289 382 14
60 238 10
96 166 63
66 299 92
4 131 16
144 302 8
79 318 1
83 259 2
5 159 3
32 343 17
51 248 9
201 302 12
255 331 55
140 155 21
229 289 1
65 139 676
319 376 10
70 128 4
65 223 16
334 362 1
155 287 4
61 347 6
102 248 19
11 193 11
318 399 8
253 379 6
261 394 14
61 356 11
124 338 16
176 351 16
93 360 12
146 322 127
359 406 4
77 188 19
246 378 128
167 361 9
89 260 3
222 403 117
150 340 11
220 327 10
120 246 13
46 365 16
242 281 7
12 263 200
138 320 17
270 373 832
236 289 6
187 397 1
25 300 6
15 250 5
308 322 583
334 361 1
131 248 13
150 276 2
185 357 162
295 358 13
3 74 7
256 305 1
48 84 14
298 316 20
121 140 6
129 184 13
164 181 17
228 335 10
69 362 19
238 357 5
53 368 78
28 78 8
131 321 15
4 277 8
14 339 8
29 100 12
209 317 10
108 130 20
240 391 15
148 237 124
106 307 143
190 315 5
121 128 111
147 369 949
393 401 16
160 267 17
75 361 160
97 359 2
275 391 8
157 352 9
211 377 18
26 147 16
143 393 12
97 330 3
226 272 4
175 303 19
181 353 19
252 346 106
139 248 3
198 233 4
221 376 10
171 245 79
6 70 6
112 350 140
217 334 5
113 333 19
108 334 198
14 69 7
14 202 7
373 396 16
79 177 17
333 339 9
6 177 4
277 345 11
42 55 5
64 243 165
157 280 20
4 355 13
148 320 3
87 290 14
55 208 20
150 397 153
148 277 136
98 186 5
123 280 1
223 404 8
10 344 3
71 254 14
312 365 2
143 302 4
2 379 20
47 254 8
20 265 20
122 391 2
100 206 16
159 323 6
125 382 10
274 292 1
122 182 16
121 379 9
175 366 7
196 253 4
227 326 132
113 391 711
70 379 9
31 192 9
56 397 111
107 202 12
14 239 8
96 194 7
165 268 18
274 328 192
94 395 4
301 384 6
189 247 6
128 174 87
15 236 2
155 362 4
104 126 6
350 389 7
227 285 14
155 393 18
185 387 18
41 101 9
77 198 2
76 349 20
36 362 18
223 277 15
301 372 5
114 229 6
171 316 10
250 362 16
191 195 6
65 199 10
200 305 9
338 365 5
285 303 4
181 283 20
8 329 8
5 160 8
231 336 12
84 253 19
88 341 16
118 319 11
177 242 18
219 236 12
62 389 6
145 377 14
24 56 43
284 288 148
55 307 5
9 282 15
121 346 16
6 289 9
16 182 9
53 78 12
343 349 115
241 367 8
12 287 3
187 196 84
154 182 196
51 69 3
108 217 5
164 216 12
234 324 9
64 337 5
149 179 9
257 259 3
294 398 9
30 379 139
210 256 5
53 177 1
192 279 5
219 255 20
220 323 9
197 394 1
102 302 56
243 352 2
53 182 19
298 392 13
259 389 13
89 386 9
226 321 3
45 319 9
130 176 7
124 263 15
127 281 19
87 98 16
220 280 5
37 356 10
100 338 5
302 339 15
192 331 15
57 392 16
249 325 18
129 343 10
72 294 6
6 351 20
189 352 3
147 397 586
204 391 137
111 303 50
314 381 18
277 281 4
157 169 2
38 108 15
37 325 1
243 287 130
249 274 947
252 272 6
46 138 2
211 281 2
43 77 7
279 366 20
80 253 6
194 315 168
38 275 3
14 335 14
173 210 2
249 330 15
45 100 191
199 344 9
131 242 3
222 320 11
52 282 4
31 339 13
245 302 5
50 323 432
220 277 16
168 305 38
44 386 4
156 328 20
44 400 7
146 171 52
286 347 16
60 201 70
41 349 11
238 398 4
309 376 12
51 270 6
339 361 5
164 282 17
160 291 11
364 382 1
169 176 20
13 345 114
65 114 19
209 330 4
81 359 101
34 220 14
135 155 6
79 206 17
210 302 9
121 283 2
20 151 16
135 368 99
272 365 20
42 125 3
72 393 67
35 151 10
71 290 5
197 356 10
218 219 3
194 398 18
202 332 183
34 301 231
264 399 14
328 395 10
96 395 17
310 360 14
263 312 18
123 308 14
260 390 11
267 385 12
228 236 8
237 283 17
56 318 7
19 395 1
146 352 12
211 296 8
190 378 17
147 273 6
65 384 6
217 381 4
335 386 19
299 387 119
214 393 7
49 169 13
91 225 2
128 160 15
31 249 9
243 264 8
181 316 8
141 215 20
0 398 12
40 370 14
20 157 17
62 152 5
70 328 10
142 310 1
211 318 83
295 299 19
235 261 19
182 263 13
217 397 1
301 302 3
252 283 15
166 365 14
7 52 15
298 355 6
107 152 4
137 366 12
213 394 8
165 287 12
149 259 3
292 325 3
33 232 13
184 246 19
50 238 18
44 293 20
83 285 14
0 29 10
121 236 2
67 241 4
242 334 20
337 341 11
32 162 8
69 287 92
148 325 20
127 276 10
100 142 14
10 82 7
192 351 8
172 337 178
302 386 56
174 199 6
228 368 179
30 71 30
128 238 137
365 385 148
28 218 8
6 279 3
268 280 18
93 355 7
137 197 9
190 265 141
30 148 8
285 328 16
99 170 58
134 218 4
102 126 12
7 97 9
223 390 1
17 222 5
283 360 10
43 232 179
113 310 17
65 148 17
6 176 8
2 229 6
10 26 13
332 386 1
114 292 41
253 369 4
117 182 3
299 397 66
18 369 1
237 361 6
102 185 17
283 381 15
147 356 12
14 41 13
49 179 20
150 273 11
213 271 89
3 239 19
52 325 119
277 353 15
319 359 19
286 360 1
108 360 19
64 335 19
137 403 152
261 376 17
11 175 20
35 130 7
91 237 10
271 304 5
36 325 36
131 233 17
35 109 3
105 311 20
188 285 8
275 341 13
71 380 126
50 406 15
114 358 11
10 20 17
196 285 3
21 75 39
59 289 5
16 382 11
101 136 15
15 18 3
240 277 9
31 182 2
110 212 151
217 367 52
226 381 11
45 204 151
191 387 5
110 171 3
164 263 12
61 83 12
99 157 16
4 166 2
287 403 13
245 359 149
166 228 13
327 376 12
264 373 12
46 277 1
196 238 1
165 350 14
3 17 10
47 89 13
157 403 2
162 186 20
15 255 18
238 330 198
123 311 8
18 71 8
326 401 14
298 320 130
23 146 15
153 182 17
180 375 13
104 119 18
343 377 15
241 348 16
105 333 16
212 368 7
330 339 189
4 209 108
119 236 9
98 210 17
147 189 2
156 276 50
174 379 7
78 147 117
35 71 105
228 328 12
49 297 1
86 101 4
46 308 2
106 374 5
49 213 154
209 213 199
61 283 5
189 353 3
299 321 17
298 361 17
43 174 6
212 401 8
278 343 10
306 391 18
167 368 17
218 261 4
249 339 2
198 371 150
68 278 10
168 340 5
212 345 10
24 394 154
70 283 14
62 377 12
221 251 16
250 365 5
55 377 12
93 156 7
145 172 5
15 326 13
68 368 17
130 339 16
217 228 2
29 297 1
236 278 106
28 173 8
191 276 4
0 73 99
61 381 6
76 222 496
243 349 198
200 398 10
60 176 17
174 381 15
203 287 5
320 323 17
120 126 14
169 384 9
69 290 7
31 229 8
46 325 17
238 403 5
107 139 17
298 353 145
66 390 9
115 232 3
131 194 2
50 304 19
190 308 13
114 365 72
33 274 5
66 218 19
92 382 14
139 261 13
20 26 11
130 342 9
21 63 5
74 227 15
39 60 5
93 349 198
314 390 20
74 164 20
150 187 16
326 387 4
74 241 6
120 228 131
369 371 20
300 324 13
97 381 14
46 114 10
15 63 12
54 368 19
21 131 2
194 399 13
46 377 11
113 256 7
175 267 91
193 247 3
58 115 115
122 282 5
392 399 14
370 407 6
131 260 10
105 265 14
269 328 848
51 208 19
278 299 6
37 135 14
141 370 20
283 399 5
110 175 59
17 170 18
92 380 19
217 378 2
139 158 16
191 334 7
44 54 19
261 365 80
292 320 342
91 271 2
17 257 8
134 391 173
162 202 15
119 157 15
276 284 20
23 167 20
223 281 15
117 152 2
182 308 17
352 389 13
204 227 20
223 325 19
60 325 15
64 245 695
334 360 165
40 307 75
36 62 12
175 195 8
108 267 12
159 301 16
243 267 7
236 246 17
78 324 10
200 294 1
119 340 1
173 336 1
309 398 6
327 393 10
22 320 11
153 313 14
83 331 147
269 371 163
138 269 66
289 357 19
213 303 19
143 156 11
140 174 6
221 257 5
139 366 18
121 155 16
192 233 8
26 252 453
18 124 15
78 85 18
129 348 16
198 399 2
123 345 8
161 216 179
75 112 8
37 247 4
255 258 17
148 191 16
155 313 9
54 273 172
249 302 49
119 188 112
169 328 13
179 301 136
24 150 20
102 243 79
250 261 20
20 182 3
156 322 20
367 400 12
217 267 6
65 272 13
272 326 1
63 262 7
55 384 20
359 396 13
138 143 4
138 206 14
46 65 10
215 247 20
83 356 20
123 209 5
398 403 67
167 346 13
89 226 3
258 260 1
114 166 182
195 267 7
251 350 3
236 397 11
41 347 19
103 267 10
109 244 31
38 158 194
182 289 5
137 305 13
182 267 96
18 192 15
102 138 11
31 176 8
330 334 13
176 188 11
64 334 9
50 122 2
5 236 10
76 145 11
200 255 145
340 363 8
45 291 15
5 197 1
131 269 12
270 405 11
108 361 9
65 90 7
172 389 5
263 269 19
4 226 18
228 360 18
168 330 186
4 218 4
47 393 180
267 333 4
12 162 15
139 140 6
137 334 5
17 71 9
175 282 296
21 303 4
50 95 2
49 275 3
121 167 15
247 253 82
61 382 363
145 274 90
111 402 720
137 167 3
78 366 155
102 245 13
267 311 169
185 202 12
140 245 47
18 401 11
246 341 16
84 393 2
342 348 5
109 243 174
16 237 15
336 400 153
125 371 204
20 316 178
34 377 12
308 332 4
107 177 150
155 269 18
102 264 89
89 180 3
123 145 20
6 335 47
115 288 6
0 234 9
323 354 10
118 325 5
193 362 184
305 398 18
249 342 9
108 332 19
180 395 2
10 305 6
296 337 14
42 245 13
177 252 20
42 107 11
65 167 3
123 265 20
75 180 19
122 264 13
4 287 8
106 376 18
51 187 2
133 162 5
160 243 2
5 347 16
212 217 3
146 391 12
55 158 114
261 301 3
107 174 12
370 387 16
46 59 1
134 153 13
274 393 20
139 194 1
65 160 10
77 169 18
195 206 10
60 216 1
145 161 134
159 162 8
179 272 19
10 153 18
364 404 192
327 396 2
279 293 7
89 285 12
2 50 14
121 315 13
9 258 152
198 262 12
212 250 1
15 132 8
15 244 16
44 308 5
50 319 154
85 188 2
140 158 18
42 396 43
95 283 16
281 298 16
158 378 4
195 325 106
178 199 13
30 272 10
121 327 15
44 259 12
42 268 17
146 398 13
205 217 2
292 406 20
68 331 6
139 314 138
198 397 17
77 143 8
121 396 15
110 206 107
393 397 193
243 297 20
180 268 15
51 58 143
160 208 14
20 217 15
34 253 599
114 142 11
115 244 18
27 37 9
181 364 4
1 167 3
352 364 13
60 344 9
30 385 169
245 285 19
17 333 162
264 381 4
185 214 18
25 253 175
115 134 11
66 156 13
31 271 13
76 223 19
254 359 13
96 327 10
37 269 19
99 149 7
121 254 11
220 353 10
102 362 8
296 348 4
34 175 112
176 197 7
118 136 14
123 190 17
217 374 13
64 79 13
220 368 20
86 127 18
154 199 6
119 403 8
139 215 8
46 208 129
33 46 126
194 401 12
24 360 54
210 308 7
156 173 5
38 345 19
151 221 970
174 393 1
74 364 15
128 395 4
2 303 1
70 176 9
78 330 18
63 181 173
1 250 9
103 364 6
32 353 15
199 283 16
78 199 9
72 399 18
199 237 17
24 318 10
82 158 11
289 325 16
126 357 10
137 283 13
233 401 11
25 393 9
60 172 13
92 386 10
235 270 132
355 398 9
13 223 24
76 320 5
87 389 5
239 279 17
18 170 15
72 377 8
125 131 112
353 394 13
155 293 18
6 228 12
23 34 20
243 371 3
44 185 19
212 226 19
18 105 27
158 277 16
246 352 153
251 281 5
178 388 15
295 333 18
212 331 148
274 406 13
290 343 7
185 389 17
89 265 3
274 327 5
125 158 12
266 386 8
159 266 17
102 198 12
148 160 12
81 235 6
31 296 2
114 404 19
59 60 132
119 168 7
344 362 18
17 182 831
145 318 2
143 404 17
151 196 10
228 339 8
133 235 6
137 330 16
143 335 4
177 397 6
83 244 9
105 205 14
230 242 10
93 291 7
167 388 15
140 361 8
162 395 85
245 350 8
109 186 20
194 272 15
174 293 7
237 356 4
127 315 19
265 332 18
263 341 4
20 343 1
226 282 16
70 259 4
104 383 12
305 330 20
157 386 10
200 238 123
16 124 4
76 290 17
235 256 4
121 243 2
163 170 8
305 384 109
130 217 8
43 306 9
71 88 11
11 27 13
55 129 132
295 378 20
15 127 10
104 330 19
165 373 101
43 240 14
165 181 19
27 105 19
86 182 13
42 289 7
188 343 4
238 383 15
68 104 16
195 278 6
237 334 20
140 314 18
17 91 3
63 110 5
175 295 16
348 357 8
65 179 10
2 140 11
98 344 20
333 355 1
7 193 49
155 371 1
214 254 17
237 265 4
131 244 8
194 219 50
86 170 3
203 209 16
194 233 9
135 309 1
26 236 28
36 46 20
27 117 15
62 292 9
155 376 15
245 257 736
156 398 3
325 328 11
210 288 1
171 220 14
294 330 15
102 346 497
76 172 19
191 316 8
64 198 4
265 373 188
182 265 49
125 140 1
183 337 13
56 200 19
155 274 4
107 278 158
5 293 7
15 343 18
65 277 1
58 317 18
150 161 1
226 378 1
192 223 16
22 344 18
87 386 50
189 226 5
79 289 187
180 258 12
138 264 8
26 224 16
302 351 4
180 220 11
148 176 17
138 245 5
59 149 13
134 396 11
94 230 12
1 326 16
4 220 9
123 157 20
259 274 20
257 266 6
70 399 12
148 213 16
182 322 3
260 348 296
278 296 15
6 340 131
103 365 11
179 194 4
65 365 153
7 387 11
9 296 152
254 331 186
52 125 17
154 191 4
162 316 10
161 220 1
128 352 42
77 367 18
4 149 11
133 275 17
92 363 11
246 257 2
183 327 12
107 257 702
44 89 56
133 332 94
13 385 18
78 354 57
41 250 10
154 247 124
30 384 3
151 240 16
192 401 11
119 357 11
152 292 9
5 142 16
287 304 11
229 350 15
55 277 20
138 239 19
201 389 3
280 284 10
63 389 5
192 342 12
139 166 8
329 389 133
330 363 2
210 263 11
246 322 1
109 271 1
299 349 65
173 203 6
117 332 1
237 330 79
271 325 6
192 217 11
98 390 2
51 244 12
266 276 9
265 386 13
330 360 9
74 119 18
60 341 4
365 407 17
333 351 14
272 399 39
329 361 15
70 237 5
19 210 88
73 228 13
61 317 6
95 206 14
19 28 6
318 342 2
280 387 5
179 348 18
193 233 52
72 185 1
56 217 8
77 130 15
269 284 8
54 384 10
314 369 4
170 205 15
194 260 7
20 291 2
262 319 1
60 403 7
303 399 12
340 383 491
137 291 1
68 162 16
302 342 3
223 253 16
103 337 16
31 79 90
89 212 185
174 269 197
203 234 349
39 274 14
96 151 11
284 327 11
182 278 10
176 288 9
33 112 10
31 243 15
157 393 2
6 243 138
17 363 7
184 352 6
259 327 5
4 320 10
69 138 15
250 305 141
237 279 13
161 196 4
0 35 7
153 285 13
277 349 15
107 403 1
43 264 16
391 402 12
123 218 17
176 333 4
26 182 11
15 81 14
14 184 8
147 349 15
67 407 4
253 324 18
92 239 7
230 348 12
17 356 267
221 395 52
123 213 7
25 389 8
42 128 8
364 399 17
26 212 5
30 275 7
105 135 6
228 330 14
277 363 11
231 272 12
124 208 9
356 381 9
199 339 1
78 153 15
337 374 105
128 153 8
93 96 6
169 352 84
0 100 4
153 209 20
93 268 35
357 397 17
242 273 19
195 335 20
278 387 14
24 133 15
272 291 99
151 280 10
167 336 12
107 151 137
71 75 180
137 174 22
31 130 10
139 274 14
22 339 10
128 152 2
114 172 145
95 385 15
144 403 12
147 191 34
131 335 180
3 182 9
88 187 38
70 388 1
69 364 7
70 121 10
211 277 10
156 198 6
331 389 7
207 301 112
176 342 15
10 214 6
168 223 6
59 77 7
81 246 4
23 218 76
155 346 19
0 378 9
152 369 18
143 264 140
78 92 14
239 245 193
201 362 14
68 280 20
46 116 874
153 260 13
26 139 20
4 332 15
105 319 4
166 187 18
28 209 19
280 386 660
181 225 11
27 151 16
18 131 9
35 390 5
287 398 12
99 353 9
2 155 6
99 309 3
118 347 19
37 243 9
200 340 17
156 251 17
88 145 160
41 341 18
344 374 12
221 223 4
53 317 2
162 360 2
20 39 10
271 339 17
36 336 15
44 186 13
256 296 2
289 312 12
200 260 7
91 288 6
136 391 19
133 349 7
65 225 7
56 113 18
260 401 3
26 278 8
130 302 19
21 323 12
267 400 21
288 390 6
340 403 2
81 323 14
276 404 16
311 352 18
49 94 15
101 376 8
14 372 20
92 277 11
247 302 12
39 358 7
304 332 12
84 388 178
114 397 13
184 406 14
16 355 850
59 325 10
181 201 10
80 165 18
31 257 8
41 245 10
75 129 12
44 122 18
225 281 3
265 314 4
125 220 32
123 403 8
350 407 906
1 222 2
299 376 14
173 395 5
42 70 18
250 281 70
245 246 11
269 361 14
105 150 2
18 212 10
227 234 12
16 167 4
173 206 4
47 328 69
87 218 4
359 381 16
131 222 1
46 239 13
183 253 19
20 236 85
383 403 2
94 386 10
29 211 5
217 285 13
28 84 20
68 346 15
273 352 14
56 365 13
158 305 13
52 304 44
26 170 8
8 261 15
84 267 15
284 316 10
16 174 14
117 344 1
218 253 164
215 384 14
10 182 71
2 377 5
297 377 14
260 268 13
227 373 7
267 294 18
286 363 42
187 214 20
386 403 13
192 249 5
101 225 19
1 373 14
81 312 7
192 362 19
164 228 16
328 391 12
100 294 9
37 105 6
18 194 166
166 232 9
388 404 628
80 154 136
64 102 10
110 362 17
106 368 6
30 226 8
232 253 1
204 299 6
125 135 19
345 358 18
92 174 4
182 190 9
148 349 7
177 403 77
12 292 15
155 207 4
191 257 2
363 398 7
282 302 16
245 378 3
38 215 97
274 400 8
139 349 32
47 77 16
142 272 12
34 287 8
263 372 172
54 99 5
74 78 17
228 361 8
41 110 15
131 135 11
177 191 26
119 210 20
321 343 11
174 382 148
125 384 18
76 338 5
38 261 19
117 277 1
14 312 17
246 397 11
206 294 11
254 378 18
335 341 176
78 249 2
76 317 14
96 113 1
319 358 14
281 329 8
153 351 5
27 158 16
203 206 19
247 342 12
155 306 12
136 297 18
60 165 114
137 168 7
63 299 11
68 194 143
44 332 193
245 247 1
204 283 2
67 251 30
149 213 12
149 178 152
89 194 14
6 364 7
69 137 8
258 348 20
216 260 5
111 250 18
161 258 14
249 364 3
181 330 19
55 322 17
61 174 2
74 346 12
12 74 120
239 362 1
313 405 16
141 218 13
169 391 4
330 352 6
232 287 13
134 205 15
127 369 4
253 286 17
20 248 19
141 175 7
180 339 552
62 401 10
362 369 4
114 208 5
28 67 7
8 324 4
88 152 130
35 163 132
143 239 18
29 250 11
63 220 12
148 239 16
194 282 13
342 351 20
92 381 6
114 192 8
45 344 16
107 118 4
264 283 3
120 254 11
26 61 10
71 90 8
18 70 91
106 210 11
276 372 20
42 398 14
46 149 11
161 307 14
81 379 9
67 314 2
42 147 8
294 305 106
168 245 13
228 231 139
306 388 15
38 87 20
137 263 65
23 335 20
26 176 7
281 282 1
20 357 831
139 365 184
75 107 73
153 316 14
152 332 182
321 332 9
90 127 3
170 182 61
87 145 6
273 391 14
50 84 54
162 234 14
37 306 10
76 277 14
87 313 13
130 247 10
70 352 44
243 339 10
198 301 18
83 150 15
149 287 9
158 255 3
158 246 155
154 375 6
258 347 5
120 227 141
125 380 10
14 401 18
152 268 11
255 317 13
264 404 9
53 265 12
138 148 60
246 400 17
97 398 10
327 352 98
293 354 2
198 296 18
160 359 13
293 379 11
121 275 19
282 317 15
18 348 19
80 364 20
16 375 5
135 166 12
131 172 2
6 283 13
73 139 18
42 352 4
48 191 7
50 340 6
169 349 17
4 304 2
67 127 8
156 334 6
22 255 3
138 351 8
163 355 20
209 367 12
9 101 4
36 59 17
168 175 16
137 294 3
328 332 1
133 213 358
283 297 9
83 92 4
59 161 42
90 185 9
57 405 2
61 152 17
164 361 18
69 266 16
238 322 12
160 223 108
30 326 50
175 222 12
31 355 16
30 175 18
92 302 19
8 91 7
9 248 20
4 128 20
36 260 16
149 239 17
242 366 18
114 239 19
13 136 198
157 332 89
68 198 12
206 394 178
237 360 11
327 387 8
18 335 19
17 277 11
43 69 9
2 96 3
58 68 11
239 264 3
142 182 160
276 390 6
53 312 4
66 211 10
4 138 14
76 404 20
388 403 3
23 159 6
40 203 95
278 289 122
249 250 11
202 287 4
43 112 14
59 362 987
140 243 9
80 283 200
63 238 1
27 347 18
70 275 91
5 146 16
250 375 15
32 383 5
114 272 91
340 398 19
178 350 2
131 243 21
110 196 1
148 333 16
33 332 5
389 405 8
92 350 2
108 199 18
321 360 1
251 391 179
128 140 2
116 380 9
112 153 5
287 370 1
9 277 13
162 166 15
147 203 274
130 361 19
126 314 5
315 395 13
226 401 19
132 370 61
295 387 82
57 188 1
199 231 7
192 339 7
38 194 678
178 295 7
119 176 16
292 368 4
63 69 111
317 336 6
139 235 7
218 396 2
21 319 8
43 151 1
190 403 3
41 49 12
307 313 6
167 222 19
238 289 260
108 283 6
41 51 20
131 220 1
213 398 17
228 258 9
176 352 10
111 356 4
133 136 16
109 407 54
91 407 15
245 351 2
32 195 2
69 329 12
47 358 26
59 174 3
167 218 13
46 320 15
308 403 7
179 285 7
111 196 6
184 206 4
28 37 6
285 296 2
46 135 22
149 328 176
86 160 2
88 112 185
331 380 14
4 194 12
88 300 1
182 231 9
32 212 15
36 298 10
284 322 16
71 347 8
55 243 4
55 349 17
53 98 3
184 242 105
21 37 2
55 139 158
33 266 9
9 167 13
102 269 8
310 314 20
163 215 113
145 261 152
186 386 5
134 313 10
78 225 2
180 380 8
61 107 89
206 320 10
23 65 19
188 201 1
308 407 6
209 329 5
52 379 4
175 272 1
287 369 185
238 294 3
82 400 15
12 383 19
131 238 2
295 314 121
290 369 20
37 98 18
200 363 19
154 255 13
174 327 2
134 211 3
335 399 5
166 179 7
36 277 15
283 335 1
18 330 10
65 237 778
255 346 20
156 396 19
104 351 4
10 42 132
45 293 6
245 404 16
305 329 15
381 382 5
28 247 15
5 177 15
165 391 104
177 340 15
348 360 20
149 277 188
154 239 3
22 132 997
293 401 12
276 280 18
63 308 10
70 393 2
73 403 84
232 244 20
35 76 13
92 322 2
177 343 20
12 154 11
4 357 2
142 178 11
62 216 18
89 403 17
304 365 6
38 165 2
30 66 6
253 344 198
222 351 86
302 332 9
29 389 4
90 218 3
109 406 161
47 104 5
251 268 18
76 158 20
217 339 3
173 331 108
190 352 2
13 125 7
191 256 157
71 87 164
139 272 16
108 223 157
58 207 13
114 389 18
157 322 3
363 383 94
54 130 7
124 155 15
64 136 1
120 122 8
40 113 4
297 351 9
165 360 94
331 340 11
247 333 10
116 338 19
221 242 94
73 83 7
206 337 12
205 237 20
121 296 19
4 243 8
89 166 41
64 264 19
160 237 5
157 190 11
292 307 5
81 201 19
63 311 5
199 403 3
329 394 20
324 340 19
78 242 17
25 117 2
150 230 5
148 360 11
117 301 197
191 309 17
81 328 110
297 299 703
18 321 16
54 187 2
79 347 35
60 184 11
206 357 14
198 211 101
14 404 14
287 368 1
273 302 9
113 207 19
25 154 15
188 377 696
328 352 1
50 370 17
108 330 14
106 223 12
194 295 17
219 318 20
49 293 9
198 270 16
36 138 3
168 357 17
362 375 3
234 288 12
166 194 12
117 194 13
184 288 1
50 298 19
305 383 4
115 383 46
137 341 1
17 237 8
67 90 10
305 357 9
101 237 4
357 363 13
59 166 189
77 302 18
52 241 3
119 200 8
218 273 17
189 270 20
212 330 19
33 361 15
128 150 19
36 313 7
114 364 12
177 258 7
279 341 12
116 224 11
137 383 16
125 328 11
135 304 154
105 295 7
198 362 77
104 332 143
141 145 20
119 238 9
18 243 38
75 398 20
79 149 4
227 400 14
145 171 15
151 152 1
143 313 9
204 231 10
292 324 97
168 398 19
133 201 7
58 390 20
97 175 12
253 306 13
336 381 7
73 342 36
269 368 14
169 364 14
303 304 59
79 393 8
115 366 1
154 253 8
17 322 10
257 349 4
379 393 15
250 389 13
217 360 2
70 301 10
262 299 18
302 328 2
30 298 19
24 256 14
148 381 5
271 387 105
40 47 9
230 394 19
36 167 3
6 34 103
131 192 131
144 372 142
293 349 9
50 112 16
14 33 8
138 353 119
277 362 4
265 281 4
56 69 19
10 170 2
156 339 8
24 378 10
290 391 10
205 342 148
70 274 5
251 258 1
44 403 13
67 206 107
65 194 18
87 343 5
177 346 8
39 137 3
207 328 17
135 181 6
4 114 5
146 216 4
80 402 175
128 393 6
137 363 16
30 135 8
58 338 7
79 315 17
72 225 182
348 374 15
119 398 5
102 113 16
205 360 11
113 261 16
92 148 17
341 360 3
220 269 1
243 394 194
205 304 2
228 241 123
26 257 17
23 317 5
205 228 271
367 391 13
89 308 370
294 340 3
174 387 7
78 130 14
19 382 16
58 252 18
121 203 17
180 310 9
122 254 6
192 325 20
178 328 20
139 347 9
70 264 132
154 284 11
70 243 307
39 315 10
237 339 6
152 236 17
148 188 138
20 377 4
368 371 16
304 371 13
188 242 126
15 144 116
243 283 3
17 248 15
92 102 1
89 157 15
149 366 1
58 297 3
126 236 15
148 380 119
91 216 6
195 340 123
4 189 9
73 179 2
119 383 20
146 260 12
337 400 1
4 328 2
41 162 18
70 155 5
50 263 95
150 326 2
148 267 57
112 302 32
292 373 18
