610 5706 4
399 594 20
300 534 101
23 503 8
326 355 10
267 512 4
62 278 19
69 203 4
124 448 2
67 540 725
518 600 6
57 287 18
14 129 6
126 299 18
161 326 16
375 570 11
179 213 3
26 66 17
135 363 184
204 323 295
42 479 4
419 582 9
173 493 8
230 413 1
94 398 11
68 450 17
142 446 1
8 345 104
155 578 4
13 26 5
221 242 19
179 495 18
200 499 2
47 230 5
169 516 5
147 487 5
23 517 18
383 553 290
216 462 5
250 589 2
194 426 19
466 467 116
197 570 18
42 76 10
289 527 6
100 202 15
141 199 3
414 517 12
200 339 159
330 462 154
235 444 16
378 490 7
157 594 13
40 298 9
104 482 16
106 421 6
412 526 3
75 221 9
130 339 127
381 572 8
179 600 8
157 264 79
320 368 5
62 198 14
0 526 17
50 141 134
434 565 2
26 143 18
213 553 12
57 140 15
228 505 14
261 320 4
457 563 4
4 581 18
236 439 19
62 288 16
46 585 5
177 390 18
296 562 154
39 457 19
454 474 16
96 433 18
10 575 15
255 544 13
7 476 18
140 154 14
224 294 20
7 366 4
460 556 13
302 388 5
29 430 11
363 578 19
26 510 15
122 123 8
525 601 46
439 504 17
99 461 5
65 215 197
71 160 7
471 548 10
305 540 193
185 507 15
211 361 13
341 589 13
243 269 17
3 554 159
446 457 14
252 334 14
60 212 15
294 444 11
195 573 115
44 444 126
2 561 17
238 283 12
110 139 111
125 503 4
186 442 10
99 482 5
303 549 3
28 115 10
59 197 4
77 362 18
43 390 18
262 543 82
378 511 58
225 254 175
9 150 3
66 379 15
237 373 16
461 562 18
32 275 13
455 512 19
64 267 149
318 356 6
332 550 66
264 300 13
129 287 13
372 467 1
105 528 3
176 186 14
329 567 5
338 446 17
232 431 87
24 528 10
136 260 11
5 232 5
38 306 14
40 392 192
512 522 9
140 211 19
117 566 142
345 436 9
44 423 4
20 208 19
268 396 19
205 510 924
417 496 9
17 66 11
72 156 114
138 191 3
119 391 20
49 262 20
306 457 11
157 571 172
291 598 17
170 239 3
268 462 4
108 600 4
51 161 3
257 480 11
295 336 18
154 243 1
219 374 16
155 318 7
44 282 18
22 39 21
54 445 5
6 395 5
69 255 11
68 295 445
54 484 14
156 344 12
202 317 15
144 397 20
200 521 187
86 415 10
185 204 3
269 459 80
257 607 1
183 216 12
135 151 4
30 217 20
138 558 10
174 585 19
108 254 7
139 462 4
204 436 5
188 215 50
26 585 16
316 491 14
79 529 544
238 456 9
173 296 13
220 360 17
263 555 9
24 354 9
234 239 10
7 583 12
174 420 9
390 569 11
86 531 19
52 368 29
56 399 15
276 489 3
23 351 20
413 569 6
78 404 18
319 371 2
19 191 17
256 518 3
149 366 9
403 426 2
232 291 4
191 254 18
395 579 8
0 250 13
29 290 2
37 462 856
151 303 17
103 163 41
83 91 1
48 520 16
270 487 7
90 415 4
443 608 17
415 498 109
240 480 4
163 530 14
54 299 5
130 385 15
265 567 14
73 565 40
95 411 14
147 543 204
72 192 196
159 423 2
327 338 2
254 356 7
160 276 8
178 410 19
89 161 1
196 544 2
270 336 11
449 565 20
265 542 14
202 593 13
202 579 16
115 334 5
75 212 7
184 390 104
179 534 15
215 564 110
35 108 940
240 498 12
135 481 11
37 291 17
396 556 10
355 567 9
188 463 1
348 444 13
229 598 10
37 234 19
156 588 11
138 304 2
166 203 19
441 450 13
175 212 14
113 460 9
4 203 14
349 472 17
355 599 11
309 558 17
120 462 13
134 405 8
37 268 9
188 601 153
290 360 49
357 534 410
172 467 7
48 315 19
85 564 3
304 570 81
523 540 9
301 372 17
146 404 13
269 322 2
8 152 14
45 409 5
0 237 20
89 351 19
218 283 1
328 608 16
386 397 15
57 582 13
144 362 7
50 58 4
212 398 14
467 490 8
495 565 20
154 608 136
53 107 12
181 217 93
31 187 6
144 479 104
357 365 85
442 604 7
27 177 17
408 543 11
12 32 18
89 360 19
238 409 146
245 566 88
314 344 17
142 298 17
450 468 13
83 304 4
482 582 19
358 457 13
204 222 5
353 562 17
514 580 18
44 525 8
162 305 6
83 565 3
71 242 8
155 427 9
96 295 16
197 555 20
186 268 13
8 263 16
80 605 1
507 508 19
411 429 13
271 580 5
242 506 1
109 306 20
57 335 7
58 580 7
430 542 1
461 514 6
272 565 17
353 532 4
17 28 11
18 455 3
501 562 12
100 480 8
279 409 149
63 595 181
63 282 2
192 302 189
204 248 6
89 217 12
457 459 101
489 534 8
64 87 4
305 537 17
4 526 13
84 205 70
383 487 11
134 309 13
548 588 11
233 418 4
145 560 14
299 385 11
126 159 9
119 402 33
266 296 4
344 594 15
219 258 3
196 575 2
271 593 8
89 481 9
42 202 19
204 261 65
215 236 65
34 389 9
159 580 501
51 322 9
422 500 6
301 326 13
309 406 686
62 224 7
258 428 3
44 348 7
183 225 4
186 216 153
95 225 20
27 336 13
186 306 8
166 509 6
43 494 189
97 517 11
214 519 1
38 55 9
505 608 6
3 287 19
310 605 116
348 428 61
412 592 2
122 543 25
232 316 11
10 233 19
501 566 4
27 116 11
33 546 13
404 605 7
166 357 4
131 441 18
247 410 2
190 607 14
28 210 2
140 272 63
140 153 5
283 356 13
78 572 17
217 532 11
534 567 6
183 522 16
87 204 6
62 544 1
41 521 9
354 593 9
306 543 12
43 135 17
425 545 6
265 522 17
135 160 18
5 486 20
512 562 20
11 175 139
206 544 17
74 521 12
540 599 2
201 360 114
1 334 514
354 542 6
270 512 26
276 441 8
199 609 12
290 323 11
99 390 1
44 331 11
521 538 17
203 505 13
155 215 19
392 415 127
446 471 54
224 464 84
68 589 154
166 262 198
404 446 96
52 201 14
61 603 14
118 498 8
92 394 8
329 374 11
146 547 111
436 568 13
318 432 134
215 396 13
248 271 115
458 479 15
317 324 4
342 467 95
239 310 9
134 491 10
103 226 567
124 275 19
254 585 8
101 235 18
130 219 2
100 350 20
110 379 11
110 494 14
444 519 13
1 608 439
403 471 20
156 560 92
124 439 2
99 513 79
476 564 8
280 545 1
222 489 10
60 518 37
387 422 8
480 544 18
286 565 7
131 161 13
217 294 4
250 532 16
382 543 7
51 249 84
32 412 12
224 544 14
492 541 2
498 593 1
27 579 16
190 435 5
557 560 2
210 499 19
45 304 20
140 264 17
346 480 20
464 555 1
27 455 138
42 534 14
310 551 4
196 585 109
156 279 20
73 584 18
150 300 6
313 380 16
52 106 14
475 601 6
18 263 15
337 438 7
206 239 11
333 397 10
120 306 8
94 156 9
374 576 4
272 415 11
132 439 9
374 417 96
420 609 17
289 429 3
194 577 9
96 415 16
50 470 14
130 161 12
101 442 3
507 548 14
364 528 116
212 344 17
214 389 110
468 509 12
388 487 20
585 591 11
101 457 18
384 454 10
310 351 1
208 415 584
187 290 3
54 121 19
80 500 12
180 257 18
404 476 11
221 472 20
269 313 181
109 312 772
27 45 20
298 344 2
486 544 17
214 594 300
178 376 13
2 349 7
37 297 5
304 471 15
343 383 146
160 545 113
524 560 81
113 582 624
191 534 19
348 580 659
231 527 3
226 593 18
42 102 13
60 233 16
11 13 120
36 572 4
161 306 6
156 501 21
560 580 173
103 567 105
97 246 19
387 403 2
65 324 20
188 301 10
0 462 13
393 412 12
329 563 6
241 562 10
297 451 14
45 230 2
26 253 9
306 426 20
29 97 3
314 391 2
294 353 1
519 577 1
248 301 8
181 377 13
123 226 14
77 237 16
182 282 99
250 402 77
489 518 6
251 543 6
80 250 11
361 485 13
76 220 8
96 318 3
358 463 6
472 550 8
223 542 1
187 251 20
76 377 13
106 487 17
508 562 5
276 490 19
232 263 168
425 475 9
146 352 168
42 97 9
150 376 4
394 538 16
126 488 8
98 457 2
219 576 11
72 542 160
119 194 152
99 291 1
336 368 3
224 444 20
126 451 13
259 539 17
124 268 6
42 219 10
79 238 8
23 130 19
356 386 5
266 376 17
313 440 18
505 559 231
477 515 377
10 219 20
200 382 18
530 591 13
1 100 10
96 579 4
121 292 11
51 186 506
488 507 4
380 557 597
522 594 102
29 294 2
108 394 19
125 604 8
185 312 14
314 356 17
2 4 4
431 594 20
41 314 5
405 449 4
114 365 12
90 425 161
273 469 18
157 344 2
53 306 12
48 231 4
11 102 95
512 543 3
33 311 67
70 356 8
185 290 14
53 226 137
185 441 140
26 238 18
545 593 3
126 482 3
328 491 20
81 427 7
54 324 20
136 138 1
69 352 6
81 323 17
165 272 18
19 149 11
501 551 17
214 589 186
56 438 19
137 194 14
38 572 13
356 433 14
266 506 94
227 294 13
270 455 17
138 269 2
349 524 8
249 304 12
74 110 9
169 541 183
339 493 14
112 541 386
149 417 122
208 556 3
384 459 3
217 355 18
304 389 2
77 557 1
550 555 11
372 429 13
226 357 9
132 323 18
27 30 18
454 563 96
336 388 20
122 427 10
485 534 9
299 312 7
428 592 12
7 552 3
158 235 17
343 444 5
24 478 167
292 579 12
204 442 20
114 261 1
257 268 17
217 570 17
47 243 197
121 573 100
92 381 8
380 392 15
289 304 9
92 559 44
290 583 9
246 422 15
462 515 159
151 272 100
42 424 18
179 402 1
148 404 50
38 65 6
173 324 7
174 341 12
211 595 4
52 604 12
61 585 2
171 395 12
335 609 5
359 426 63
154 600 19
0 527 15
9 229 8
88 374 9
183 400 17
546 568 20
98 487 12
114 572 111
221 470 5
399 548 1
126 397 132
407 453 12
27 603 4
446 545 10
216 305 14
217 253 4
123 321 12
192 280 16
217 239 7
215 583 18
240 286 17
457 501 121
183 465 16
218 454 93
342 448 14
417 423 1
194 402 7
355 511 17
503 593 19
5 527 6
74 593 105
271 500 1
207 402 7
69 291 19
55 166 13
139 161 9
168 225 66
89 407 763
311 549 150
164 478 178
76 337 15
383 442 19
116 564 11
243 310 8
94 523 8
329 379 16
437 444 18
191 414 4
105 246 7
10 418 2
97 525 16
37 446 11
159 444 10
124 530 4
65 565 8
550 578 33
130 579 2
91 456 4
298 385 20
130 300 83
303 565 19
490 507 12
10 551 13
110 522 73
11 268 4
106 497 2
125 176 16
350 371 12
560 578 17
369 519 12
48 345 4
179 252 4
317 454 986
395 597 137
436 465 17
180 211 17
133 173 13
27 512 5
197 582 5
470 608 14
357 528 17
108 331 99
185 216 11
178 290 82
234 389 2
121 230 981
527 529 6
109 280 164
155 365 155
162 386 6
2 499 7
342 595 4
514 607 10
260 404 187
148 313 199
561 597 77
274 431 177
450 466 5
206 595 15
89 394 7
147 488 10
52 157 19
202 216 12
542 577 13
425 467 151
28 228 3
130 147 6
415 548 14
77 593 17
107 478 7
414 485 118
459 600 19
130 133 7
28 275 9
345 421 655
72 97 450
364 449 14
123 450 12
219 278 13
178 458 8
58 151 8
38 440 15
251 351 19
405 544 168
440 512 8
39 451 6
55 235 15
101 429 4
37 421 4
226 570 183
41 177 68
534 600 3
178 472 18
506 570 12
76 164 12
209 448 6
158 216 163
236 243 6
126 444 1
29 237 8
236 470 6
567 603 11
26 552 12
156 398 15
179 586 2
178 379 19
202 297 625
518 568 7
36 396 4
124 205 88
151 568 632
116 570 116
98 190 15
582 603 26
151 177 18
244 595 96
213 251 6
121 380 7
409 572 118
405 441 6
63 446 5
119 276 5
141 557 10
46 530 5
192 513 6
145 496 15
377 505 5
19 199 11
333 389 1
81 276 13
366 545 13
454 543 6
139 301 4
106 178 10
96 116 19
154 549 20
379 545 7
106 607 1
203 525 5
3 47 79
162 570 13
185 510 14
245 480 10
146 386 16
256 540 11
34 532 43
117 199 10
271 541 1
148 168 17
18 40 2
111 466 8
542 580 15
555 571 5
209 233 190
253 283 207
562 573 10
137 489 19
144 563 20
362 404 58
476 583 148
369 512 8
159 487 3
349 459 16
367 450 90
370 456 15
126 603 6
172 388 4
97 597 15
268 322 7
57 415 12
371 507 129
226 519 11
228 248 4
234 258 140
442 559 19
212 539 5
138 377 6
268 566 16
204 236 20
321 390 6
273 407 12
86 265 15
61 488 15
562 580 14
415 464 3
120 571 15
238 604 5
196 200 7
246 327 13
259 524 90
20 272 21
22 572 2
133 480 83
22 556 16
474 517 20
312 517 24
72 468 20
163 603 18
432 559 390
32 100 4
133 385 57
38 166 60
240 350 10
211 302 10
6 85 20
369 484 18
137 520 109
66 426 13
364 527 9
96 302 20
255 279 154
2 238 154
371 430 10
517 604 17
2 143 2
174 179 5
38 177 8
293 513 7
136 153 115
276 586 2
369 520 15
60 424 5
38 466 19
28 560 7
306 419 500
67 116 8
270 522 17
285 366 8
189 361 18
60 457 81
3 164 95
265 280 15
102 555 11
155 204 19
385 560 20
393 583 6
200 534 2
184 457 12
102 490 10
465 550 4
444 601 14
480 491 69
21 609 100
202 575 3
8 274 86
47 502 16
386 513 14
214 220 14
522 553 3
408 483 12
27 52 14
369 545 20
206 375 18
297 606 12
1 333 3
30 393 5
238 441 13
32 448 4
38 485 110
387 544 17
7 361 1
25 485 7
378 560 11
449 551 11
20 242 2
146 518 9
402 541 147
65 236 6
23 375 6
119 567 38
28 348 556
6 558 51
155 602 7
228 422 16
559 573 1
126 247 9
342 584 18
192 482 14
38 540 5
93 358 11
11 598 6
136 434 2
89 456 15
340 558 108
321 426 3
54 58 1
389 439 149
290 329 12
114 146 1
128 234 18
78 454 4
47 165 16
202 373 10
234 399 17
432 552 5
284 295 16
350 583 10
365 373 7
163 535 161
34 564 3
121 518 14
44 150 15
260 505 187
310 403 119
47 567 151
40 88 175
152 337 13
150 531 7
528 604 8
392 539 10
273 506 17
397 443 19
115 280 18
85 591 7
119 137 8
538 568 5
302 359 151
528 543 1
52 512 4
155 236 10
155 531 46
79 511 12
367 504 12
96 152 18
149 289 2
50 472 12
353 462 425
325 591 5
388 461 12
200 459 187
25 109 14
50 576 8
460 480 11
99 151 3
372 427 4
34 283 2
479 561 8
250 427 19
527 609 54
542 589 8
103 449 37
118 206 13
98 267 8
397 452 15
470 533 2
245 340 15
80 543 11
313 393 1
67 207 1
34 302 100
58 542 113
422 458 59
245 375 175
23 74 1
177 247 975
121 326 3
147 324 1
201 399 6
100 171 110
148 153 836
139 602 16
154 215 77
83 420 17
460 471 2
23 534 19
425 593 4
332 468 14
72 155 49
313 458 6
45 170 526
188 429 20
119 426 9
42 237 101
160 456 5
30 455 17
74 239 16
387 440 1
200 567 15
5 418 15
51 361 7
305 549 1
203 246 16
469 484 14
98 348 6
25 175 10
72 604 3
83 321 9
211 257 1
123 494 10
152 421 13
89 168 18
264 323 14
406 459 15
271 280 13
437 590 129
9 478 24
36 448 9
594 601 115
171 444 9
213 385 4
323 425 771
159 402 8
404 507 7
288 561 11
199 326 139
43 432 19
312 584 20
455 607 11
421 524 19
311 539 20
42 284 9
49 201 10
283 480 17
100 451 1
258 377 8
184 492 14
116 542 4
100 302 1
74 181 20
159 343 11
116 157 1
91 102 12
165 565 172
376 582 20
82 199 7
370 375 119
285 536 15
253 574 11
316 355 6
28 191 8
129 604 17
44 474 15
458 499 7
165 292 11
235 357 20
221 353 91
202 268 66
105 131 19
339 426 19
125 560 9
524 556 135
83 597 5
298 343 131
67 342 12
353 533 11
23 412 5
92 440 8
440 494 14
52 218 21
78 439 13
323 516 12
130 136 16
308 373 16
454 457 3
129 232 17
101 286 20
435 502 11
125 174 523
27 137 131
291 496 144
189 489 6
92 189 17
186 322 8
258 300 8
69 235 10
355 598 13
37 566 93
93 320 6
319 388 7
258 444 4
180 368 14
16 383 3
130 343 31
25 422 10
134 441 10
42 591 165
153 464 11
215 607 5
76 280 9
183 597 16
300 462 10
322 522 19
147 463 20
336 594 182
191 211 6
165 207 259
52 487 18
300 576 7
346 591 2
455 594 11
246 472 8
328 607 18
347 360 8
497 505 161
7 59 16
21 55 1
10 323 19
83 161 127
174 350 15
103 500 7
151 275 18
205 473 14
121 155 10
334 465 17
204 427 54
126 234 12
142 191 8
116 594 6
160 221 486
329 543 6
234 240 20
197 279 189
340 603 18
457 529 19
184 422 4
115 571 1
114 478 173
443 572 186
224 267 2
58 343 14
18 219 18
150 367 5
37 76 76
368 462 95
351 592 18
227 515 18
81 88 18
83 234 18
238 374 17
78 593 29
242 311 14
157 422 13
306 358 5
134 204 12
382 565 14
384 427 26
129 403 2
2 78 16
140 180 13
135 144 66
84 300 20
4 505 6
190 311 15
42 435 14
51 462 17
367 431 20
79 414 17
124 354 7
162 364 15
146 322 18
131 252 2
88 186 2
379 487 1
177 583 13
99 280 9
356 442 19
237 551 20
214 382 2
94 100 7
28 514 157
76 431 6
297 531 14
141 580 44
216 332 20
224 251 13
474 552 10
365 602 62
331 357 8
312 594 2
118 463 163
549 576 6
18 247 9
291 556 2
238 294 19
63 429 877
53 69 17
27 270 20
223 444 140
147 425 171
258 561 104
32 378 2
174 400 5
102 563 6
480 490 18
23 254 15
241 489 6
195 534 16
126 512 110
5 83 14
409 534 12
456 479 16
142 351 8
148 399 14
67 375 5
89 105 17
242 505 8
0 242 3
558 601 9
214 346 10
92 402 688
224 575 13
112 324 16
230 344 1
506 520 17
504 530 15
373 604 12
6 295 154
396 404 52
278 352 20
120 216 1
120 258 10
153 583 8
269 299 7
36 201 12
248 270 63
233 540 8
321 541 19
181 576 13
296 413 6
45 104 3
63 154 85
71 213 10
181 532 7
8 441 7
37 408 116
293 584 9
585 600 9
213 418 16
374 467 20
376 405 9
496 568 19
206 342 6
72 204 20
274 454 16
106 332 8
499 505 13
256 289 18
335 443 7
186 332 136
28 292 13
7 215 9
303 446 18
15 379 133
147 207 7
259 313 14
61 215 66
255 431 4
14 434 13
153 519 2
586 587 7
344 368 10
388 559 1
4 235 12
32 129 14
40 307 75
168 226 3
97 300 167
227 605 8
148 249 13
75 168 3
114 242 11
57 375 7
329 427 6
283 478 254
59 234 8
516 598 4
19 229 11
164 485 13
303 458 5
161 248 4
29 398 7
341 556 890
141 586 20
413 537 9
547 577 17
150 321 132
241 361 7
28 218 34
416 420 5
101 138 86
234 602 483
6 490 10
47 548 9
394 534 2
170 342 123
241 507 1
438 481 1
347 533 16
7 572 17
96 420 11
232 418 17
268 306 16
194 405 13
424 563 1
66 105 7
395 566 15
170 301 13
198 429 17
291 422 3
221 489 6
314 534 8
171 437 257
91 207 20
235 359 14
141 243 10
159 531 77
57 389 14
265 461 20
76 339 14
189 333 3
448 510 19
35 254 143
43 593 17
227 268 10
299 465 10
108 598 5
127 511 5
91 138 2
339 354 2
189 487 11
388 595 12
176 247 19
179 469 9
33 452 146
140 514 20
396 485 13
248 383 15
351 405 1
288 518 35
46 460 10
43 427 89
68 124 9
288 379 303
37 120 4
0 311 8
506 583 3
153 498 20
468 573 176
51 217 177
11 18 3
236 299 1
157 608 14
243 436 11
180 544 5
226 350 6
183 477 17
478 515 2
130 298 11
318 538 14
137 416 17
454 567 107
102 432 18
7 524 15
415 567 17
2 500 2
115 211 8
96 178 19
34 234 13
470 536 19
118 452 144
473 567 16
234 365 3
370 428 4
52 116 8
31 148 103
209 300 13
173 261 13
5 257 31
142 255 19
72 95 15
199 463 86
19 69 4
390 592 7
225 554 2
196 320 96
119 454 13
114 372 15
153 501 6
487 512 11
290 529 99
126 348 10
376 600 13
312 535 15
68 388 47
121 402 55
45 495 75
50 103 6
305 584 20
94 238 16
4 85 9
267 472 71
170 306 184
471 562 8
198 437 12
478 534 3
91 379 1
365 593 5
63 233 11
120 608 20
317 407 16
246 454 2
7 221 18
18 105 198
299 520 9
108 174 569
311 600 7
155 226 19
155 234 8
84 280 19
138 216 1
280 602 9
103 225 2
219 510 19
17 337 2
64 249 15
405 444 10
92 490 9
319 333 72
135 511 17
32 408 130
368 487 878
110 487 20
37 45 600
232 251 19
136 426 129
123 257 7
91 172 14
56 437 16
375 437 7
390 482 7
40 110 3
16 349 10
86 550 10
240 513 4
427 527 8
143 552 20
259 409 15
149 558 7
344 496 8
411 561 3
357 599 192
31 481 1
534 574 64
10 312 15
60 589 8
362 366 15
487 594 20
273 305 13
279 492 6
291 403 14
379 563 1
186 241 10
446 561 14
53 561 3
14 176 7
289 494 197
234 250 2
104 144 10
12 415 17
560 565 54
20 54 4
339 450 5
313 395 12
253 440 8
303 585 9
6 569 5
22 385 13
357 456 7
100 486 6
232 515 19
93 227 3
258 285 127
143 391 156
50 337 13
107 303 1
197 385 197
70 406 64
12 69 15
223 350 4
266 446 16
137 202 15
258 330 14
349 415 12
171 527 73
425 569 19
221 222 9
76 261 9
292 453 6
52 72 14
101 262 10
281 512 5
245 350 2
316 609 10
219 350 5
238 253 121
34 187 106
10 255 18
292 570 2
381 423 64
261 383 11
124 294 7
65 609 16
105 476 138
259 604 5
136 456 10
177 292 73
1 576 7
21 274 12
242 602 5
311 376 13
17 520 15
194 332 1
387 518 130
455 464 113
348 423 19
287 387 146
334 545 11
48 139 19
278 460 14
430 494 7
144 522 3
339 555 19
207 368 4
420 494 18
188 261 20
92 179 186
73 457 3
23 219 7
530 531 17
88 324 17
67 385 15
91 415 16
178 228 20
138 217 1
427 501 4
72 460 4
155 519 134
6 38 944
14 374 4
303 496 145
33 389 15
375 435 10
37 216 1
76 346 11
86 145 18
78 104 3
5 70 144
12 309 20
118 163 171
157 374 16
516 566 7
151 170 9
32 487 10
5 106 23
462 580 1
36 323 19
169 537 12
512 593 16
45 408 5
365 566 6
170 305 18
2 534 61
167 175 4
379 567 16
66 569 1
82 259 39
205 254 13
187 353 4
98 431 10
42 44 14
48 473 9
84 88 10
408 476 4
44 343 18
298 411 16
52 594 25
6 317 118
462 528 60
233 542 54
91 304 174
424 453 2
28 44 579
201 394 82
22 42 1
343 423 12
99 396 143
51 216 54
170 485 16
345 389 18
189 213 63
42 191 12
259 385 989
111 498 120
132 448 11
28 423 17
185 592 133
267 270 9
77 90 12
216 333 14
60 386 2
478 604 17
369 593 6
30 594 6
13 308 15
407 515 16
512 553 7
79 481 3
9 32 10
279 340 1
42 300 12
130 229 15
148 356 15
386 482 1
436 471 11
115 401 4
5 261 81
2 138 5
246 413 12
77 578 5
159 458 101
73 484 5
11 173 156
191 428 9
7 68 3
235 366 17
365 386 5
285 288 18
400 588 13
185 370 1
37 332 4
365 605 10
373 394 146
338 482 17
189 268 16
399 488 1
312 408 14
242 300 14
333 602 17
161 540 15
78 315 92
306 447 4
102 259 4
11 121 3
102 595 19
396 461 170
113 532 7
11 558 176
359 462 8
317 551 3
395 585 5
359 381 9
229 317 8
136 354 6
68 183 7
189 329 16
65 157 12
312 387 11
139 421 7
110 251 20
93 385 19
468 603 4
207 600 111
19 407 19
84 531 12
157 512 18
343 464 2
82 120 113
181 303 12
85 149 14
362 473 125
221 241 7
11 285 5
17 191 15
464 595 15
454 568 536
126 140 17
288 534 4
198 276 1
28 598 20
346 428 11
55 269 1
368 532 11
143 339 15
193 237 20
101 289 17
267 417 929
224 605 5
470 593 6
86 430 17
277 409 117
158 281 14
42 254 18
454 524 16
242 304 176
377 465 3
188 263 7
400 430 5
329 498 19
439 537 8
58 170 169
275 563 11
76 84 101
365 427 17
21 48 16
407 501 8
224 532 11
153 198 73
102 383 167
42 157 14
141 494 3
328 569 20
117 545 9
96 339 188
452 453 5
498 543 3
522 547 1
225 371 98
3 232 17
8 342 13
275 435 20
35 94 17
50 569 17
208 426 8
143 196 179
34 607 15
105 182 8
71 169 20
330 535 187
169 171 182
291 360 115
390 519 12
18 19 15
383 472 20
238 442 129
70 421 10
116 367 19
187 573 10
182 276 10
87 252 16
63 524 18
116 310 8
322 330 16
104 139 5
259 480 5
87 492 17
173 358 129
403 594 85
113 254 32
427 550 16
179 443 13
209 470 137
425 499 10
49 246 15
72 251 16
495 569 9
119 360 18
244 382 119
367 515 7
108 515 160
394 600 9
41 539 4
325 343 14
84 435 8
25 229 13
97 153 105
198 431 198
179 456 18
216 246 6
219 390 16
87 550 11
251 603 9
250 509 5
87 334 9
135 187 19
10 380 420
304 312 12
142 223 4
194 380 17
476 598 8
316 561 64
61 334 3
255 269 93
70 502 2
534 590 13
18 392 16
152 420 11
338 388 2
379 454 54
82 88 8
273 538 7
56 534 8
368 375 10
345 388 17
166 247 13
107 193 167
192 258 772
64 255 76
113 193 18
111 359 13
140 237 3
358 553 1
361 476 18
85 97 10
211 497 6
222 485 9
67 161 20
474 550 40
149 600 8
107 342 5
233 555 4
324 609 8
147 259 534
302 551 10
419 607 103
51 434 6
307 452 6
51 135 2
118 496 140
250 484 18
131 197 16
189 502 40
403 451 6
257 463 57
429 500 17
129 367 9
103 433 3
74 348 8
118 230 14
238 486 75
9 33 2
15 577 2
40 492 13
232 510 4
229 279 8
214 323 2
362 558 3
157 528 19
97 348 6
506 543 11
10 476 4
59 260 484
118 135 19
7 236 20
268 332 19
352 431 11
163 604 141
410 535 141
179 556 192
153 389 2
350 525 10
255 459 70
278 415 15
207 505 15
220 393 3
75 605 12
195 531 15
292 476 9
72 525 19
386 515 9
35 585 6
100 496 16
88 248 5
306 393 112
64 266 59
114 224 15
278 328 79
4 34 8
61 268 16
91 559 11
552 607 36
322 483 20
84 254 14
334 470 14
31 586 19
107 372 19
456 569 8
301 420 15
303 572 2
300 435 13
185 483 20
143 584 5
35 539 122
83 257 149
293 316 8
258 358 8
93 208 6
81 428 20
18 504 4
325 581 17
203 288 9
534 570 95
236 564 8
335 429 3
67 150 28
63 559 629
226 291 2
217 305 9
102 603 16
126 580 49
313 596 2
93 369 1
213 364 16
200 413 12
272 512 19
512 594 1
217 572 1
477 478 9
264 538 200
28 207 16
175 580 18
205 291 3
98 563 11
55 110 9
186 462 15
55 493 3
143 175 14
154 494 16
226 529 175
212 551 1
66 254 88
15 122 59
13 298 18
44 487 4
9 537 8
265 557 200
492 530 9
10 242 20
519 566 1
5 197 8
97 219 10
23 68 7
383 397 16
114 318 15
117 169 13
90 527 9
273 327 11
41 285 11
37 417 4
211 533 13
30 208 6
110 428 5
143 413 2
143 274 2
220 538 16
306 445 18
343 385 13
144 183 4
351 527 8
138 433 467
45 174 10
350 388 1
238 600 6
81 197 630
35 301 16
42 229 55
126 221 6
404 584 12
220 498 183
184 605 7
14 241 10
94 369 15
221 431 164
84 428 4
180 250 22
121 213 140
444 459 108
51 325 8
290 561 191
216 306 13
385 494 15
367 604 11
184 268 151
270 368 8
20 556 6
206 291 13
385 537 8
359 541 10
3 157 144
515 604 12
482 563 684
179 181 4
272 566 18
176 281 10
119 259 12
207 289 18
164 213 7
145 545 349
188 420 143
368 569 13
61 172 19
146 537 17
15 527 5
160 468 6
122 417 10
403 485 1
51 493 17
252 376 3
286 295 13
176 363 15
283 442 69
24 50 5
24 462 13
201 240 8
181 233 19
84 572 11
178 330 14
97 241 948
142 294 11
329 482 2
189 414 14
19 259 15
68 452 19
445 545 2
9 30 136
80 115 4
86 342 16
320 609 7
104 117 8
141 302 5
230 325 1
229 460 17
30 116 8
322 332 2
161 532 15
116 368 5
181 277 114
5 263 156
69 248 5
85 588 152
478 528 3
103 320 10
92 174 8
166 245 11
101 555 19
8 432 82
127 314 4
136 197 7
68 512 11
149 424 7
164 505 11
349 574 4
151 460 20
7 301 9
147 533 14
449 487 4
55 345 13
82 106 18
429 476 132
95 145 2
142 324 13
175 564 12
169 316 58
292 337 19
564 565 10
266 568 9
329 607 6
232 233 10
70 492 17
365 451 13
220 432 4
77 80 7
530 577 85
130 415 2
243 604 5
182 191 179
370 409 5
247 378 20
235 344 10
100 111 3
368 512 20
323 556 12
24 149 16
91 483 3
314 359 19
498 584 20
300 579 91
332 352 15
264 297 15
457 582 2
115 545 18
395 564 19
184 416 12
313 396 18
47 103 140
140 574 11
11 418 10
180 321 7
418 515 8
325 597 16
16 516 8
503 540 19
402 607 13
208 504 12
59 215 5
44 375 11
97 254 21
31 269 16
393 487 10
214 406 7
12 331 10
312 476 15
96 328 7
118 385 1
586 598 6
55 81 10
206 412 1
539 573 1
41 517 18
248 404 20
9 286 122
569 585 9
61 491 6
260 484 5
285 312 15
485 489 3
531 559 71
374 438 2
224 367 7
31 500 192
115 312 14
481 521 20
359 483 2
337 470 483
17 20 15
278 444 20
384 411 15
426 579 14
192 292 149
66 148 19
44 126 8
160 261 150
166 504 3
444 560 18
142 527 3
246 557 7
161 353 20
28 126 20
167 453 1
35 357 20
71 165 124
469 582 13
194 412 6
51 470 624
263 319 19
237 499 10
422 498 164
306 337 57
112 210 63
360 397 6
413 499 9
130 291 1
59 233 4
98 518 988
118 131 740
55 383 4
548 559 17
20 104 19
135 253 11
153 392 17
418 490 15
161 453 9
245 371 10
274 574 464
331 598 6
409 543 83
319 408 8
247 460 14
66 86 123
183 184 13
14 427 85
8 593 17
97 261 10
89 397 4
209 527 187
171 415 19
141 312 17
445 558 15
448 521 5
433 527 20
333 412 28
282 337 20
389 608 17
83 101 16
263 482 8
383 480 13
434 496 9
13 527 9
128 328 10
66 445 16
98 569 7
143 499 9
511 572 15
64 80 35
379 397 1
408 550 4
487 567 19
192 220 17
60 203 14
198 239 14
91 505 5
452 556 13
110 174 64
42 273 8
181 216 20
560 581 14
383 407 19
438 601 4
23 372 5
47 538 18
196 271 3
130 578 5
182 347 164
1 37 14
300 365 4
257 321 159
153 257 121
199 283 18
140 497 12
116 557 1
7 65 43
213 539 9
510 515 14
337 505 31
140 334 17
40 43 161
77 595 7
280 382 8
375 510 5
270 344 10
41 457 19
79 202 15
489 559 7
28 531 153
353 410 3
274 522 18
179 302 133
241 435 5
2 208 14
29 180 67
242 603 18
121 411 15
232 550 10
185 563 9
47 237 16
431 585 15
406 495 14
193 509 1
216 576 23
27 131 63
15 571 170
177 514 5
179 341 2
97 137 8
379 543 2
193 489 285
416 513 20
52 522 5
228 508 12
48 365 6
157 522 33
238 569 14
338 521 83
449 604 13
94 287 121
126 362 13
254 456 132
342 354 661
126 228 8
77 552 2
160 294 15
439 607 22
322 556 14
388 523 16
104 193 2
437 471 13
50 234 11
121 295 15
246 265 4
444 580 10
304 476 20
142 287 104
303 453 5
136 279 1
345 523 7
299 495 18
106 153 10
19 47 12
82 285 7
7 564 134
209 326 4
97 365 20
289 420 5
294 378 12
281 562 8
30 336 7
293 493 7
59 82 17
234 293 15
474 542 10
420 514 797
116 522 81
300 428 12
230 515 11
333 518 9
2 236 18
355 459 6
6 518 14
482 543 118
249 602 11
370 455 12
378 459 52
403 479 10
183 355 4
19 598 4
390 449 17
22 261 10
44 580 18
111 492 17
107 324 13
56 465 19
253 426 923
60 66 11
318 480 51
82 403 1
152 522 12
292 324 175
382 452 14
162 378 4
417 546 8
217 368 16
433 539 11
550 556 5
106 211 15
511 544 19
393 509 11
438 505 20
30 344 10
72 361 19
156 224 13
534 540 15
276 531 14
254 341 8
85 574 14
37 468 1
206 358 1
386 525 7
463 537 2
134 396 16
259 477 160
525 583 2
9 459 8
144 343 872
211 397 3
115 550 4
68 363 44
388 415 12
45 136 189
12 453 3
98 543 54
300 348 6
335 536 19
545 566 121
512 597 5
504 534 10
3 562 12
95 391 12
258 393 19
102 343 13
71 380 135
9 80 1
61 417 4
287 473 3
257 295 5
195 248 76
6 334 492
137 310 13
290 574 1
147 329 5
551 604 6
70 415 3
95 531 13
298 335 194
86 360 15
559 594 332
5 123 9
534 607 15
462 525 98
160 238 17
149 261 9
126 342 19
498 605 1
312 353 5
423 444 6
582 609 11
77 569 17
221 257 142
141 572 12
161 178 10
332 395 15
130 480 13
143 307 3
435 457 9
58 504 630
66 357 46
255 289 12
83 180 8
6 597 20
367 576 18
165 517 3
264 427 20
19 151 16
284 488 2
206 607 16
371 543 27
314 578 7
224 346 2
132 260 16
146 573 12
163 438 14
182 198 17
176 273 4
110 543 5
170 330 12
52 478 49
41 559 6
261 595 1
283 342 15
77 460 42
324 527 74
93 514 19
393 436 16
220 275 9
73 135 71
72 583 17
237 339 19
386 543 7
191 258 4
185 192 5
130 258 19
86 190 93
72 564 20
304 429 16
425 429 1
436 551 9
113 412 7
327 460 10
447 598 12
263 273 17
154 185 13
174 394 3
372 608 18
135 410 15
343 348 1
113 561 13
362 436 37
168 519 35
245 296 16
541 582 16
256 567 847
120 499 52
464 549 19
101 357 108
201 596 361
60 502 1
29 309 1
223 397 14
243 580 161
254 394 75
39 164 7
170 220 14
36 114 115
14 567 17
88 226 5
502 592 20
37 388 14
17 279 200
132 487 152
108 244 7
52 336 8
197 566 7
73 116 79
83 560 9
35 310 7
343 367 8
280 372 13
215 361 10
468 477 16
551 562 12
34 301 95
160 532 4
147 521 14
47 439 11
133 511 11
196 346 9
180 218 8
296 518 305
5 125 2
404 506 8
177 268 9
148 589 3
122 499 2
328 496 15
133 243 5
258 493 22
30 194 11
493 546 7
349 445 8
155 583 5
366 446 61
160 319 3
384 466 12
209 384 4
35 394 4
206 372 17
94 148 17
91 531 9
131 149 6
46 445 14
30 389 199
141 605 9
150 174 10
55 205 983
35 92 17
35 209 78
139 593 9
290 335 166
44 145 111
38 336 11
417 590 13
308 521 131
216 217 20
263 510 9
97 258 13
417 530 19
405 513 3
28 159 17
267 452 3
553 591 19
343 580 17
376 542 20
26 568 4
130 131 11
69 548 1
15 65 4
96 388 982
45 195 862
89 158 178
349 399 9
100 557 9
264 324 19
368 453 116
82 200 19
198 304 3
505 565 12
117 539 18
7 417 7
10 45 2
37 320 14
390 458 16
21 512 5
106 500 16
266 484 11
61 358 20
28 80 15
129 532 3
245 450 17
95 496 195
481 489 5
2 200 154
32 465 15
137 465 14
432 520 21
114 366 16
101 451 9
165 214 24
384 555 17
55 534 10
232 546 11
148 277 12
17 173 19
342 375 9
291 439 483
205 255 7
106 572 17
197 356 18
26 424 16
219 453 12
111 352 8
68 98 5
192 320 12
297 603 18
537 551 40
21 267 141
312 467 20
33 115 17
132 498 132
207 540 18
300 316 3
44 406 20
169 208 152
151 206 8
334 512 1
179 261 7
320 446 15
173 604 46
115 400 10
251 461 185
39 279 14
159 361 9
112 502 20
116 171 2
449 457 14
254 574 20
209 390 9
114 553 14
106 134 3
139 583 5
352 556 11
379 482 11
204 583 134
114 130 12
260 476 3
457 567 10
6 102 132
338 355 20
193 499 7
17 127 20
30 459 19
183 404 151
88 337 15
173 184 17
98 454 20
251 408 199
316 333 16
59 277 17
189 546 14
160 303 73
177 181 14
197 283 12
118 372 18
91 429 11
13 226 126
306 308 34
316 502 8
11 322 16
4 164 3
108 231 12
484 566 13
130 348 13
4 116 20
123 148 9
38 39 80
139 278 2
115 214 2
65 72 9
279 582 81
459 508 14
394 585 1
423 457 165
188 527 133
47 181 16
401 421 12
47 87 5
377 388 19
85 582 152
235 485 9
186 267 10
10 304 18
131 384 16
71 476 14
57 229 18
161 399 6
429 582 5
203 254 16
386 531 20
24 604 194
74 452 15
230 240 8
20 262 8
5 256 10
117 121 138
106 448 1
462 478 13
96 497 18
43 426 18
350 514 14
277 487 2
107 167 7
25 227 15
83 135 13
14 180 1
332 490 19
62 231 184
5 594 14
52 450 18
404 551 3
416 489 17
300 599 5
286 331 8
368 522 7
407 552 108
501 592 13
423 580 7
44 577 15
529 551 20
290 403 13
34 57 12
21 228 120
423 603 160
574 585 76
187 562 12
125 431 42
19 394 6
103 412 187
147 454 11
260 355 1
136 201 169
5 555 11
490 549 14
486 541 8
291 320 16
123 403 55
89 488 9
73 208 3
77 462 418
61 442 7
411 503 16
522 572 5
160 408 552
130 264 14
290 331 15
284 341 20
78 521 19
138 146 25
226 265 32
20 335 8
149 222 18
80 341 5
64 332 15
198 378 11
285 314 6
158 448 738
5 153 3
146 599 8
68 542 8
198 584 17
24 516 1
60 308 2
264 284 15
210 387 148
241 340 10
210 429 11
223 579 76
92 319 10
171 472 175
473 474 3
59 181 20
118 301 7
20 373 2
148 518 7
301 472 14
110 390 17
320 496 178
191 595 20
83 153 6
252 594 15
44 270 5
246 316 17
86 446 13
199 449 136
121 446 20
95 609 7
148 257 8
204 215 10
303 429 1
303 443 14
151 551 20
212 217 6
248 292 15
83 552 4
364 586 18
45 268 19
217 267 9
21 325 17
429 594 1
451 483 13
45 141 2
231 573 18
166 485 16
86 570 4
153 205 4
44 255 12
123 211 6
134 460 1
189 346 16
49 580 20
122 373 17
398 544 115
272 481 20
313 394 10
132 506 20
112 523 35
303 423 66
84 133 4
133 538 161
174 574 15
395 447 6
116 344 18
311 426 16
42 348 13
184 369 3
314 529 11
361 451 3
408 606 122
14 473 4
394 574 18
125 180 19
214 561 14
65 455 7
253 428 19
254 428 12
17 141 16
51 353 49
58 67 6
539 557 9
59 175 13
339 521 6
135 207 4
75 448 16
198 586 9
292 447 5
134 276 12
24 228 1
442 588 7
146 438 5
412 498 114
420 553 4
189 204 189
259 379 18
11 80 16
110 147 186
347 396 3
55 140 17
72 597 14
174 482 6
282 474 114
148 536 5
349 456 192
316 589 14
69 83 3
17 198 17
240 368 5
249 580 14
166 235 20
522 585 1
301 309 131
209 561 20
219 254 188
282 584 90
0 506 6
493 597 14
45 367 6
452 521 9
133 390 20
19 285 143
102 385 11
36 233 20
113 349 19
190 571 11
271 375 12
202 526 8
317 517 1
577 601 1
256 591 384
294 345 11
318 437 17
176 488 11
365 404 18
270 394 1
160 405 2
460 546 29
193 590 149
366 429 16
383 428 4
461 521 2
595 599 19
79 260 11
413 534 169
462 534 13
170 372 17
306 462 16
432 483 7
129 469 11
155 406 18
101 554 17
123 223 1
58 239 1
255 310 18
183 321 1
27 368 31
60 403 15
207 541 11
65 544 77
28 484 19
427 597 57
220 271 9
0 590 1
93 98 15
470 545 9
543 567 8
447 583 953
414 581 18
172 449 4
80 206 117
61 570 20
542 607 19
106 321 36
196 197 19
346 450 11
235 250 5
5 140 10
108 574 16
153 269 7
195 549 13
38 243 43
536 572 8
305 532 805
385 578 15
159 424 13
183 581 13
416 518 118
24 71 2
110 462 15
412 542 19
345 559 16
37 443 14
97 515 11
187 397 11
37 51 20
26 203 4
286 515 107
27 48 27
351 371 13
264 559 6
77 568 8
321 553 3
52 283 18
336 344 8
322 492 9
170 456 2
183 255 165
310 545 9
115 542 5
15 401 13
83 361 1
361 604 11
64 443 11
51 269 11
144 484 12
182 322 5
4 347 66
28 134 3
327 536 63
33 478 10
391 458 1
17 150 1
39 537 18
390 440 17
247 408 4
163 415 16
16 298 5
43 531 445
159 560 1
125 186 19
88 524 4
375 434 17
369 470 4
241 394 110
485 568 16
15 80 19
222 388 3
4 420 2
73 219 16
465 538 3
19 466 463
488 532 144
153 180 15
112 359 17
323 481 13
433 607 13
67 581 14
220 278 20
210 383 6
271 605 19
23 538 16
7 72 8
424 551 103
119 482 13
5 321 3
2 542 8
8 76 1
177 454 7
10 189 5
316 454 13
102 435 10
140 262 7
290 445 14
156 388 20
63 205 1
120 135 15
2 604 17
519 583 12
200 278 10
82 280 18
22 440 16
260 307 12
24 477 3
2 237 51
380 560 15
202 345 13
184 370 20
206 328 15
190 288 8
111 567 11
26 544 37
437 555 9
168 401 12
231 317 176
126 243 6
89 113 13
405 480 9
226 245 118
257 497 11
345 449 2
65 476 138
67 400 14
479 577 4
15 561 15
235 540 9
115 495 170
349 388 19
15 523 12
378 523 3
234 416 9
30 532 11
280 334 15
216 575 8
400 486 14
197 320 14
236 465 20
92 108 184
110 473 10
138 429 17
39 402 8
142 566 195
9 486 20
344 347 5
16 335 9
72 119 15
372 546 18
155 181 6
115 470 6
132 226 13
408 480 1
64 293 16
78 393 102
48 544 12
15 241 15
239 375 17
93 156 16
321 497 2
301 533 4
163 570 4
61 324 16
100 147 4
216 351 4
32 371 9
348 569 192
346 423 1
56 394 4
2 401 157
196 326 5
134 296 198
110 457 130
142 250 173
34 472 16
94 166 180
216 425 2
217 495 13
229 583 9
11 214 20
254 300 19
189 391 11
328 546 2
204 510 32
32 307 15
228 487 19
234 445 561
224 441 3
254 348 3
36 435 2
337 376 19
394 477 1
68 350 11
35 577 6
1 397 20
178 389 9
156 365 17
38 328 1
388 389 783
507 609 13
83 106 18
18 169 15
70 187 6
206 249 10
376 555 14
56 476 130
362 589 16
195 207 8
80 265 11
73 448 2
269 418 184
103 282 13
384 521 20
266 297 9
129 414 2
454 487 14
185 323 18
104 460 14
63 528 2
477 541 15
54 315 151
4 464 7
65 155 16
294 469 46
315 477 27
108 341 8
267 275 19
181 374 2
159 606 6
341 540 13
18 444 11
266 367 8
161 426 15
190 319 1
118 164 1
6 207 11
204 234 77
58 206 20
192 489 131
269 363 13
285 510 10
88 127 59
116 455 8
375 585 10
48 226 14
255 603 19
155 357 14
85 235 12
75 272 157
77 439 3
113 283 16
436 584 1
55 232 6
150 196 158
56 322 8
194 373 5
60 115 5
164 300 3
332 462 816
93 99 20
106 278 8
140 148 45
143 450 8
31 318 3
191 578 2
180 497 15
16 574 13
296 340 4
102 133 139
50 607 18
182 195 4
159 579 5
55 357 8
108 367 948
195 345 17
162 550 9
148 180 11
251 550 16
104 270 3
150 522 12
89 482 5
396 594 8
349 362 5
438 595 178
53 89 6
185 503 80
462 604 92
224 556 5
489 568 5
442 498 78
73 100 2
187 603 2
310 473 5
306 332 10
237 439 5
34 165 16
107 255 12
45 312 1
362 533 14
454 482 84
77 135 20
58 375 13
9 391 15
306 550 844
66 391 3
97 231 8
63 380 19
482 603 14
142 345 8
157 566 132
241 266 8
113 318 15
420 457 3
215 476 6
329 381 17
297 604 14
304 424 17
13 280 4
185 476 15
128 576 14
197 476 17
304 466 5
8 136 17
335 560 18
23 402 1
245 319 8
41 199 132
40 409 14
533 565 3
38 534 6
231 519 18
161 533 14
372 538 1
22 451 175
29 477 2
97 248 9
275 470 89
423 426 96
425 541 2
351 431 37
98 570 8
437 554 20
371 566 13
243 342 5
354 517 20
221 326 143
425 494 7
91 479 14
374 419 511
358 404 17
254 355 9
190 521 9
157 462 6
36 343 8
112 117 10
187 338 88
124 581 4
86 233 12
467 496 8
273 528 174
68 128 18
197 310 149
227 462 56
147 563 9
299 480 9
72 193 7
46 151 8
128 280 10
29 83 7
339 504 16
503 532 10
286 356 10
431 454 3
215 256 11
39 456 2
306 425 5
318 323 10
168 397 1
422 440 16
127 392 6
374 433 4
199 601 11
257 419 15
449 590 20
317 380 2
71 584 62
98 147 196
37 186 128
174 254 12
183 502 13
408 583 19
12 447 12
158 202 115
226 246 53
247 411 16
134 210 18
154 576 40
387 558 11
224 492 17
368 521 17
226 495 12
65 442 20
446 516 2
101 304 17
356 567 7
85 414 8
25 553 6
42 160 19
111 420 2
9 53 172
51 268 6
565 572 19
94 463 103
156 604 13
187 243 3
479 516 10
242 347 133
344 522 50
201 292 3
95 309 17
528 574 18
46 190 1
462 497 9
42 461 20
292 588 152
97 324 19
446 543 17
179 318 9
139 356 10
308 506 18
222 590 12
227 275 11
216 322 6
198 392 12
185 381 18
259 343 19
30 265 12
408 440 138
135 383 10
44 139 4
92 438 17
316 431 158
321 437 500
145 345 1
238 405 17
418 566 188
157 336 9
569 604 180
75 243 18
118 304 19
240 550 87
166 534 13
216 495 4
54 495 10
255 293 8
471 479 17
439 535 20
262 413 77
138 403 17
202 498 17
237 262 153
254 484 3
110 454 18
305 479 154
27 317 8
222 522 4
302 327 5
316 421 13
229 255 7
222 262 17
261 574 3
123 140 9
59 462 12
113 397 1
321 366 10
58 337 132
327 492 130
254 600 126
243 338 5
8 335 5
18 268 18
51 306 10
23 191 4
118 387 17
16 328 66
375 560 12
98 589 34
403 604 34
420 600 9
514 558 66
198 407 20
458 538 12
269 476 7
123 492 3
198 469 15
270 400 15
158 475 3
81 402 52
66 261 15
161 211 8
48 427 15
124 209 17
385 529 14
143 251 13
35 230 3
200 237 6
82 337 188
292 410 101
214 369 484
36 249 2
24 515 157
55 111 13
280 470 7
261 338 29
20 162 12
297 577 8
259 568 13
61 436 198
447 606 20
228 246 167
295 412 16
57 136 20
221 499 6
30 512 14
250 472 78
224 316 7
97 534 113
305 325 17
574 600 13
444 495 12
329 487 5
305 571 2
127 360 36
175 333 6
166 493 2
83 114 15
134 173 158
115 240 2
295 343 185
111 299 145
79 500 3
17 223 2
299 324 27
194 286 11
107 282 7
550 560 146
314 586 2
155 604 2
436 602 7
86 424 12
24 131 20
81 446 40
176 544 9
24 367 19
284 376 49
273 346 135
89 187 621
106 123 6
256 392 13
279 538 17
187 335 19
160 441 4
135 482 18
111 141 5
284 568 122
208 443 7
148 349 15
349 449 10
435 531 7
60 398 8
49 163 15
15 330 3
52 508 18
63 367 56
395 508 75
450 577 19
52 344 7
309 493 16
247 540 138
306 322 10
391 474 5
52 455 2
160 270 5
1 119 113
66 515 13
91 407 14
161 170 11
37 306 6
4 299 7
5 180 14
354 458 5
101 544 3
258 320 14
47 346 20
441 456 6
71 340 1
119 353 3
0 60 17
235 534 16
361 403 13
210 409 12
224 465 17
255 446 7
72 236 14
154 378 41
221 548 11
408 536 131
164 284 12
26 217 6
365 543 20
15 68 5
365 532 74
281 474 67
46 580 3
76 582 1
243 356 6
225 437 11
455 466 20
152 334 17
79 461 2
166 585 7
38 235 11
160 432 10
260 443 17
392 526 14
169 408 3
209 245 3
98 110 1
374 496 15
496 541 2
370 537 10
120 322 15
351 576 154
160 301 4
13 261 4
3 280 35
83 305 1
289 399 3
191 300 1
157 270 10
46 552 16
109 589 12
206 558 10
215 504 11
144 190 7
220 472 6
106 377 29
202 418 6
30 435 20
106 257 10
151 477 11
152 192 18
78 335 11
26 153 20
145 163 10
274 577 10
115 207 12
456 483 6
110 173 147
284 600 14
263 582 17
303 573 13
336 512 96
221 479 485
2 339 11
221 482 2
128 362 1
463 570 13
96 126 16
194 227 25
88 250 4
270 594 3
150 222 11
22 583 9
234 483 10
339 534 57
417 512 12
5 297 2
528 566 2
181 370 20
110 290 149
345 438 5
99 580 13
89 174 20
73 93 14
123 605 15
58 562 13
566 577 20
273 353 75
301 570 4
183 345 6
303 526 10
119 452 11
166 308 15
127 490 5
424 482 15
365 378 3
304 487 9
305 368 19
67 470 150
183 532 191
191 348 17
241 430 17
485 512 201
334 566 5
187 541 13
54 443 142
267 424 18
459 562 12
300 496 191
304 603 11
22 245 79
256 448 18
166 452 20
161 575 60
83 123 3
27 487 12
132 400 13
437 511 2
14 154 289
21 506 471
42 387 6
141 228 8
180 524 10
49 240 16
189 215 1
165 354 12
375 475 5
371 594 18
64 525 24
298 302 1
223 544 5
5 515 9
312 416 4
167 577 16
350 392 4
11 404 10
147 366 17
14 497 188
116 328 11
27 577 13
285 371 92
197 426 13
6 556 13
140 321 99
161 510 6
73 345 16
55 511 2
510 540 1
0 560 6
68 394 16
269 348 20
83 232 1
54 312 4
242 430 12
31 306 918
71 292 18
152 546 83
310 607 7
103 459 11
230 311 6
300 411 5
81 228 15
290 353 16
136 316 4
501 505 54
354 568 6
293 495 10
45 236 3
4 104 19
10 199 18
299 586 19
36 108 194
94 438 5
256 439 11
161 342 1
52 194 167
386 423 1
116 509 5
87 442 17
35 174 20
101 577 13
294 432 9
215 527 8
109 186 12
45 222 11
264 460 3
235 370 4
153 321 524
380 514 18
52 601 16
96 272 56
66 587 9
313 529 8
176 562 8
50 325 18
387 477 65
408 452 3
118 418 3
178 571 17
2 427 3
61 545 15
418 534 19
188 309 2
33 580 1
182 588 340
462 477 152
261 371 10
163 271 12
321 558 163
515 528 84
138 496 3
122 602 12
59 119 3
114 280 2
261 604 45
20 72 6
8 463 2
175 525 16
93 276 58
103 120 8
53 255 3
352 482 13
45 567 7
144 214 16
133 334 8
357 540 16
267 506 12
12 581 98
66 477 17
144 451 9
398 478 12
68 453 92
176 305 12
30 487 12
220 325 14
268 355 10
294 330 9
3 292 4
533 584 53
359 478 74
173 469 12
329 405 19
291 370 20
2 275 15
19 539 4
294 362 7
84 108 3
258 348 19
120 587 15
46 278 8
29 301 103
328 587 41
89 368 7
12 145 12
577 593 16
244 461 44
54 441 4
139 213 5
325 362 3
123 461 9
42 446 11
337 507 18
147 457 937
6 321 4
41 451 5
270 432 16
236 267 11
84 311 401
95 353 1
178 220 6
222 508 18
152 305 12
120 161 159
89 596 5
137 599 1
259 298 10
334 369 19
349 577 26
38 239 84
153 250 3
101 198 30
278 523 17
137 580 1
36 327 2
483 485 3
57 343 185
240 417 10
295 328 86
13 281 17
64 482 7
18 230 16
493 531 15
169 212 20
102 130 17
392 557 5
211 319 26
239 483 4
151 161 62
215 356 3
58 234 4
179 585 5
92 574 4
312 585 12
233 398 868
180 191 19
148 321 2
56 451 13
43 247 59
459 520 10
166 540 18
27 266 1
219 282 19
117 127 5
340 455 7
155 561 185
200 206 148
424 554 16
56 173 12
20 115 11
86 581 20
275 348 10
16 429 12
189 609 18
151 549 883
82 446 8
430 484 196
167 241 13
41 445 18
210 483 13
368 466 9
63 280 18
118 280 1
123 465 11
280 483 44
51 359 6
33 400 6
330 423 8
83 559 849
145 515 10
194 525 6
31 78 12
98 482 19
224 501 3
293 413 20
304 515 11
86 397 17
290 473 15
76 323 79
353 477 7
145 531 112
204 530 20
132 479 6
39 596 6
204 444 19
166 539 57
140 326 7
291 451 18
456 543 4
367 462 12
363 402 19
181 477 54
326 597 934
313 566 6
92 333 9
100 466 7
186 465 744
181 494 11
536 603 2
243 488 118
130 603 155
169 415 13
104 479 18
58 569 4
113 539 4
187 247 3
356 405 3
399 553 20
104 466 4
131 309 7
355 400 19
366 404 37
94 313 18
374 580 63
89 126 15
400 502 186
416 418 11
148 262 105
141 217 8
226 365 15
177 431 18
129 153 3
181 338 16
2 587 2
315 335 20
32 353 10
459 468 13
172 175 5
27 220 20
198 600 9
534 585 3
18 483 5
143 200 4
67 495 19
106 416 19
58 161 12
97 222 2
80 416 13
133 570 4
337 375 140
106 451 19
93 375 4
501 598 17
13 192 18
245 574 18
357 461 2
134 603 10
148 427 14
138 544 16
34 275 146
259 591 15
232 246 12
84 600 1
322 462 19
263 338 14
25 212 166
374 432 4
1 321 18
237 375 3
83 138 103
204 441 1
343 513 19
50 354 54
6 263 7
254 570 182
247 577 199
138 302 18
116 256 20
271 330 9
424 569 15
445 475 8
75 499 17
245 553 14
482 488 5
3 363 12
254 415 4
516 559 3
344 512 19
254 309 16
155 350 11
66 468 8
165 365 6
249 360 14
150 313 2
280 369 14
83 289 20
9 316 20
4 61 7
249 314 6
461 525 20
91 198 55
231 298 110
402 555 8
283 374 12
161 372 18
166 451 20
182 376 8
84 301 1
433 593 11
170 206 39
53 105 12
36 601 20
147 567 5
65 163 4
371 532 13
4 292 3
333 353 14
162 458 2
115 600 17
248 557 67
214 320 14
52 270 2
49 606 11
208 250 20
161 322 9
143 469 14
434 519 7
26 247 14
385 401 15
237 535 18
123 139 9
438 599 17
110 227 10
223 251 14
187 263 15
160 487 12
44 471 6
150 217 8
24 217 9
47 265 4
102 408 139
401 586 4
340 419 89
251 452 6
252 585 10
206 559 17
115 520 5
13 235 20
1 290 14
414 551 11
499 534 13
304 408 11
388 511 12
408 526 1
143 534 293
393 422 3
14 531 11
189 537 366
2 324 5
422 552 11
141 300 4
54 249 945
19 313 17
485 511 4
161 608 17
304 305 5
398 594 26
506 566 19
122 470 174
34 503 4
27 144 11
19 508 6
259 355 59
173 321 15
378 448 3
341 422 8
2 413 19
319 455 16
191 576 6
14 338 927
46 100 20
262 440 14
129 597 2
110 482 16
130 449 15
146 422 6
349 484 189
117 542 177
294 405 1
349 422 5
67 231 16
65 361 12
394 560 15
288 564 14
428 572 19
126 423 7
273 589 17
341 574 17
197 375 7
210 603 7
325 593 20
136 419 6
471 596 16
270 463 1
90 474 16
193 572 2
126 560 155
36 542 4
181 212 6
260 349 2
29 108 15
66 578 1
347 590 4
236 361 2
57 168 146
426 536 25
173 606 1
348 464 12
115 364 71
104 385 8
73 177 2
8 248 16
170 290 56
267 590 14
43 594 841
5 497 3
122 462 12
125 262 11
221 559 5
6 252 476
126 213 7
215 435 7
4 7 6
225 372 13
97 389 13
183 189 5
79 141 19
458 573 5
301 445 17
136 546 9
136 537 3
190 499 14
160 298 15
199 606 9
92 341 9
68 513 14
506 549 83
171 494 9
69 287 114
266 459 165
41 162 129
111 575 20
113 379 2
32 157 130
132 214 9
177 404 130
263 515 47
48 375 77
345 576 20
105 300 15
24 519 15
216 368 19
282 323 7
182 318 12
138 160 9
86 568 89
233 365 7
27 224 19
298 443 10
136 149 175
309 534 13
48 457 9
422 527 17
282 380 20
336 522 8
487 522 9
222 420 6
180 421 11
88 365 10
518 564 18
392 417 12
254 467 17
48 357 182
15 29 8
88 209 4
40 565 2
161 475 12
121 422 15
138 289 16
1 348 19
350 353 7
254 534 9
383 587 7
83 158 7
64 575 5
217 525 12
262 347 12
114 184 6
202 605 224
16 352 2
6 489 8
384 426 387
231 502 3
28 343 80
242 449 4
185 468 2
18 523 7
250 409 9
217 548 10
10 148 10
341 606 18
14 56 19
264 367 872
72 215 9
191 250 20
65 189 7
157 513 6
321 565 62
67 289 13
482 487 17
90 585 14
219 428 15
221 432 12
284 601 5
476 584 2
319 512 11
72 476 83
429 515 153
102 606 6
27 123 11
196 448 15
97 280 670
38 357 3
48 130 718
456 519 20
414 550 8
217 327 45
80 97 17
115 512 19
123 497 5
32 418 13
233 263 20
68 596 6
116 336 78
45 344 120
2 46 4
110 192 15
14 85 4
157 389 18
128 189 15
563 567 20
111 139 13
177 232 4
263 264 20
74 497 14
554 596 13
205 310 17
156 327 17
58 342 13
121 394 199
106 590 15
240 357 7
246 496 16
233 282 81
431 574 13
348 534 128
47 607 17
36 485 127
373 450 4
409 414 7
188 343 10
324 554 12
444 456 11
112 221 743
487 547 3
204 443 11
15 95 9
197 535 546
127 305 18
458 514 30
47 202 11
112 455 10
45 130 87
281 446 18
117 433 11
167 417 19
137 142 6
153 278 12
253 590 13
138 158 8
59 70 15
352 605 7
90 399 11
175 370 59
0 512 3
74 535 1
10 425 9
190 548 44
48 416 3
433 601 20
169 332 8
5 361 508
435 496 19
192 347 10
302 534 9
162 167 15
125 386 16
258 540 8
332 351 61
141 205 6
131 584 10
138 198 13
50 477 19
280 559 3
307 483 6
295 419 15
46 112 15
24 608 4
227 453 13
13 547 84
118 560 20
45 348 58
198 289 19
203 319 17
3 153 8
314 393 143
319 443 17
366 377 12
36 477 15
67 206 15
343 471 9
10 408 7
153 211 15
163 442 4
386 609 14
349 380 3
328 477 13
232 382 2
91 442 12
379 457 2
378 438 13
435 473 4
259 546 1
68 339 11
54 524 1
323 348 5
281 435 12
201 517 20
92 388 16
442 567 7
530 550 167
162 500 14
311 583 15
85 412 19
161 239 3
228 597 6
17 480 7
58 510 83
204 232 180
397 533 8
279 372 6
120 336 8
83 497 8
364 398 10
86 97 125
158 411 8
269 438 14
42 139 20
234 382 77
185 558 5
10 152 19
361 506 10
466 518 190
0 273 15
0 537 119
221 556 7
205 402 1
16 93 19
74 438 17
103 158 15
205 598 1
117 234 2
342 446 15
80 560 58
112 608 19
87 180 3
91 299 2
277 477 9
112 593 2
431 477 18
101 422 849
46 139 20
68 205 7
29 585 75
56 90 17
178 407 19
202 251 14
50 424 20
21 608 178
316 424 4
543 563 78
94 412 14
219 300 2
354 598 5
47 107 14
30 269 62
153 430 3
132 150 7
233 515 9
181 215 15
212 490 14
56 511 12
355 569 161
299 535 16
240 541 10
473 594 11
451 489 14
290 603 8
453 573 4
32 52 6
241 577 9
394 533 13
52 516 15
81 509 106
110 567 57
15 36 10
278 310 9
384 569 10
92 143 11
99 593 2
81 494 6
65 141 2
71 506 6
30 187 6
388 590 14
34 196 18
265 480 12
510 584 8
286 334 6
53 587 8
27 157 31
94 324 17
339 499 16
311 582 10
86 327 16
6 182 2
1 374 15
89 227 20
230 556 13
56 270 7
332 565 4
491 574 14
275 444 5
222 430 13
68 223 9
92 305 19
298 456 16
72 504 17
187 582 4
280 292 15
263 397 12
246 336 2
12 206 113
281 583 9
22 77 20
110 130 2
431 513 10
148 259 3
214 301 16
22 98 4
34 267 13
153 600 12
114 600 125
113 183 21
373 569 13
90 342 4
67 151 12
400 485 190
67 239 150
131 506 72
171 288 12
19 157 1
26 231 20
113 243 139
65 176 57
205 325 139
349 418 16
103 255 7
332 365 93
98 327 11
34 84 14
295 492 2
7 155 3
42 428 100
321 554 10
364 382 12
48 487 8
222 231 7
21 435 1
183 531 577
529 566 5
5 362 1
235 333 12
67 372 12
242 609 1
596 603 657
271 488 14
159 275 35
11 431 5
197 198 15
66 209 14
96 514 3
29 466 71
90 103 10
133 298 8
166 473 7
184 517 32
344 487 13
24 577 16
147 340 11
126 516 6
444 493 16
42 173 20
31 377 28
38 130 1
328 364 6
58 538 10
307 375 14
128 164 12
187 488 16
92 417 6
54 572 153
8 602 5
123 180 12
205 223 14
247 404 912
462 575 8
429 438 78
165 595 47
118 125 2
5 436 61
148 530 190
115 369 18
257 608 107
98 567 10
357 427 1
116 281 192
210 321 11
47 236 137
96 281 2
152 281 154
341 592 144
267 420 4
36 224 8
186 288 9
155 512 132
316 571 13
218 379 2
324 325 155
365 599 9
394 505 6
135 358 5
137 146 19
467 557 20
421 464 2
115 360 1
244 598 3
480 514 20
71 253 23
231 394 15
294 441 3
538 551 110
75 107 17
327 400 18
105 486 8
66 140 19
470 512 6
292 316 12
319 540 1
358 567 5
562 590 190
110 235 154
81 551 6
104 258 16
73 452 16
143 244 855
64 516 13
83 429 12
145 314 2
241 321 10
267 312 151
217 510 13
387 502 11
77 586 6
31 228 12
273 609 18
103 139 18
202 275 10
72 516 604
46 396 8
7 204 58
2 348 1
159 545 20
73 525 1
59 589 41
170 321 20
25 166 48
16 230 12
98 329 7
110 563 19
91 309 3
112 452 151
299 397 10
38 213 11
243 354 551
513 530 20
47 547 14
237 511 10
102 117 4
381 464 153
67 518 20
345 540 14
51 595 12
268 522 7
76 522 15
295 583 8
95 525 6
394 447 19
368 455 15
254 492 177
123 490 16
452 500 20
145 395 3
37 490 10
34 410 3
212 458 2
425 523 19
273 568 20
237 577 9
78 324 587
45 333 17
68 455 5
82 549 179
178 358 4
453 491 9
25 456 17
22 468 4
345 535 7
119 267 20
375 507 20
158 477 7
180 427 7
133 520 4
441 453 10
83 282 12
196 236 1
170 375 833
500 574 12
485 609 12
157 455 18
58 387 197
267 411 17
326 346 4
478 595 20
55 107 9
256 319 1
206 234 19
565 570 14
86 227 38
80 547 168
384 588 17
65 418 12
27 420 14
280 593 18
358 533 542
203 586 9
5 537 14
50 557 7
94 458 3
295 569 132
249 254 20
434 547 117
23 348 12
274 598 20
469 568 183
176 311 12
83 198 38
222 496 99
52 479 8
75 486 16
399 512 18
145 398 13
53 68 5
86 552 200
154 450 11
63 427 20
30 52 20
267 391 18
149 528 3
453 482 11
62 239 17
372 375 164
16 444 112
270 411 17
221 374 15
506 510 18
193 561 15
52 489 20
73 543 12
237 240 165
152 165 13
324 404 7
51 314 10
224 234 5
53 143 9
81 244 9
59 353 20
93 365 5
128 472 15
30 145 5
70 579 19
428 555 12
133 259 197
122 267 18
336 487 5
345 424 41
76 129 1
397 488 91
218 560 7
306 338 7
253 405 111
224 237 11
106 148 16
151 375 18
320 454 77
89 263 20
347 524 19
102 434 11
164 203 65
126 215 70
143 266 187
14 587 6
352 584 2
207 478 17
379 466 75
345 521 116
520 581 5
178 578 17
309 401 35
50 537 18
252 400 3
91 123 13
457 543 20
171 574 145
80 571 10
254 549 4
355 432 19
294 456 23
209 373 4
381 535 10
170 394 4
325 515 25
95 330 71
381 549 14
91 575 40
370 578 12
15 270 13
469 574 13
438 528 6
294 402 3
100 156 174
268 421 10
403 599 13
520 591 1
23 396 78
32 296 15
373 608 138
353 359 87
331 362 15
254 291 9
35 605 5
334 492 15
8 45 11
126 343 12
504 569 9
145 182 13
90 133 17
325 397 166
72 247 8
107 220 18
279 477 18
151 342 11
236 367 13
182 203 19
323 474 7
113 603 6
46 482 12
68 426 170
409 512 20
187 360 13
177 246 54
142 200 20
61 509 4
25 76 8
332 410 9
36 48 9
129 584 7
87 137 1
333 565 13
580 589 8
257 308 2
47 558 15
81 176 168
28 444 19
238 383 3
357 485 20
240 319 4
173 434 9
254 292 14
343 560 19
388 507 10
258 326 19
52 585 17
92 345 15
167 419 18
329 457 1
280 378 3
362 526 3
59 253 1
273 377 109
401 561 4
197 301 11
359 548 842
327 425 7
128 385 10
270 474 1
393 447 9
12 350 11
429 571 16
261 374 11
325 547 18
281 313 8
267 301 15
360 455 7
418 510 15
494 591 12
296 387 3
303 480 1
79 137 12
30 219 20
255 362 3
42 230 11
211 321 9
294 479 63
216 497 42
50 254 13
344 437 5
3 221 7
325 553 55
174 234 8
4 395 733
375 474 5
27 560 12
379 575 3
95 557 18
38 481 910
5 560 9
229 262 786
244 322 12
76 167 3
101 564 70
395 606 6
181 305 7
213 248 59
6 322 10
18 233 11
35 158 6
307 368 9
80 495 6
253 526 18
513 591 7
151 372 12
321 457 67
57 580 7
66 422 2
350 417 16
481 539 14
103 332 13
331 470 4
10 460 6
7 16 15
348 560 2
214 422 17
333 418 10
272 356 4
223 423 14
147 255 1
363 463 15
124 288 11
49 193 4
98 379 1
217 539 19
37 473 395
42 234 5
481 496 4
153 302 15
201 288 64
127 254 8
157 487 16
292 421 105
527 580 19
310 333 7
12 87 8
297 513 12
487 543 13
186 475 7
429 495 17
73 406 14
273 293 9
372 593 166
398 470 3
436 455 489
343 593 18
43 313 131
351 567 13
49 295 4
75 377 7
266 462 19
23 258 47
233 289 13
171 416 15
194 411 9
104 559 7
452 595 9
84 390 14
101 405 6
378 434 9
399 413 2
11 569 19
0 112 16
261 318 90
167 211 3
65 566 74
18 465 2
89 603 3
112 192 196
89 136 18
249 419 1
328 333 17
83 211 19
234 309 27
321 417 5
331 393 16
236 256 83
14 205 13
5 426 12
199 211 14
296 588 14
49 333 13
239 251 7
524 569 8
367 528 17
55 485 11
361 583 12
111 499 3
26 115 13
229 375 186
571 597 13
96 308 16
127 423 13
66 451 16
17 379 13
20 423 6
510 555 16
295 458 6
362 540 8
99 503 20
128 574 95
37 322 2
196 440 13
329 454 9
92 389 8
468 481 3
84 452 6
57 479 1
204 361 17
65 94 16
385 468 20
139 431 14
134 446 5
115 511 10
451 515 16
84 426 12
130 259 10
95 409 10
69 218 17
17 374 14
91 264 3
144 500 1
348 587 18
58 372 15
17 83 20
289 291 6
237 252 9
61 534 73
18 96 93
143 509 7
477 604 86
110 329 629
441 480 18
514 573 18
567 579 13
16 459 119
302 442 8
50 608 2
60 340 17
182 395 12
319 345 19
214 219 2
263 536 22
191 282 2
392 426 15
116 487 13
236 583 7
153 497 12
10 269 10
484 551 12
142 586 16
406 582 16
434 481 1
62 180 160
41 390 2
405 476 39
15 300 3
305 469 5
293 456 177
398 459 122
412 593 13
229 485 20
355 561 12
331 568 20
181 276 5
23 108 16
561 588 15
27 344 10
53 403 5
13 38 13
209 503 20
243 263 3
165 424 17
55 265 148
15 489 7
16 217 18
386 498 10
350 515 19
0 368 10
340 469 3
106 510 156
99 175 16
82 365 19
304 337 11
305 369 19
108 461 19
301 346 61
77 211 14
155 476 17
441 444 7
284 578 314
148 211 11
503 594 152
17 326 8
321 573 764
78 484 11
64 181 2
135 184 2
263 418 11
169 417 110
30 490 2
253 498 117
142 326 8
356 390 16
84 605 28
263 293 7
246 431 15
155 499 12
445 525 10
245 429 3
395 500 790
329 535 14
55 221 9
115 558 8
238 444 9
441 464 67
14 80 163
134 329 1
6 7 13
147 426 13
14 255 7
54 474 12
150 557 5
128 557 11
394 591 4
87 332 8
138 310 39
174 434 17
334 445 15
162 582 5
454 574 11
21 385 1
237 534 10
283 441 11
135 270 15
138 495 3
166 394 4
236 476 19
131 404 191
199 380 18
233 514 10
389 427 359
544 579 117
276 529 19
96 283 18
3 272 11
72 327 11
325 378 4
90 470 11
171 505 18
344 455 3
55 304 15
387 401 5
165 405 18
155 605 16
301 393 82
280 512 199
167 349 18
86 445 10
343 352 17
389 479 3
145 472 11
269 442 165
80 446 6
231 335 20
113 187 11
458 594 11
170 364 149
184 379 6
0 106 12
164 208 8
31 53 15
367 478 8
179 394 18
1 160 15
27 594 16
24 49 20
50 437 14
351 586 7
421 604 35
44 159 54
107 305 2
134 255 22
551 602 15
270 406 14
91 589 9
106 356 16
463 523 11
233 403 11
191 568 80
355 491 9
252 572 1
275 307 19
77 246 19
147 377 19
125 216 20
101 566 15
144 424 132
417 477 15
25 356 11
88 300 20
239 342 822
7 292 13
331 435 5
41 201 13
353 578 18
334 482 151
306 524 13
4 296 126
266 530 17
42 415 10
120 332 18
161 469 13
20 36 5
438 536 7
32 131 3
184 298 14
57 554 13
456 598 16
3 256 19
69 599 17
253 352 16
75 452 17
535 586 134
267 599 45
47 121 3
134 256 10
30 270 185
44 321 11
75 413 8
519 575 3
57 292 18
26 455 18
215 570 15
155 174 6
124 346 15
32 565 7
325 417 1
204 455 8
215 493 93
132 502 15
455 487 5
64 162 19
46 173 2
292 375 7
7 355 192
72 189 13
4 501 3
135 299 5
262 386 20
11 275 9
26 176 12
349 555 17
86 471 17
375 480 16
191 582 4
110 431 13
46 332 15
160 217 4
215 390 7
183 444 6
102 494 7
184 539 17
73 335 116
268 512 8
438 450 16
65 204 11
47 586 18
79 608 13
405 609 605
401 463 3
103 541 16
358 498 20
231 435 7
354 528 17
450 551 119
220 543 63
488 603 6
376 396 7
177 469 115
378 590 928
171 428 2
274 579 69
211 558 5
142 380 18
271 445 11
355 361 6
82 311 6
110 132 13
137 268 44
444 549 17
93 322 100
76 301 8
368 594 8
122 203 10
564 600 15
145 201 5
54 316 11
113 263 14
213 472 8
88 149 3
75 181 7
89 243 7
17 171 3
52 399 12
371 526 15
144 251 65
222 365 19
62 252 110
426 474 5
419 589 7
465 481 9
216 532 17
143 237 13
72 473 13
225 479 268
96 413 12
46 361 13
93 254 14
399 431 19
239 372 20
436 544 196
423 584 16
450 501 6
275 387 8
433 600 6
185 506 8
338 488 18
42 117 17
80 297 17
485 589 162
474 540 2
188 553 1
309 602 109
26 317 2
67 170 9
216 268 10
141 395 8
39 466 19
272 393 14
94 422 11
310 344 2
10 252 19
83 541 9
578 607 11
457 528 5
81 579 6
271 489 4
406 473 13
145 298 8
45 476 132
113 432 1
248 308 65
57 158 16
286 300 9
245 374 16
298 309 4
237 413 18
179 287 3
341 600 7
457 494 10
237 304 310
467 526 14
422 605 14
309 542 2
377 594 143
324 335 15
266 543 6
120 318 14
106 229 4
275 580 3
32 585 16
30 157 5
402 566 438
292 562 17
423 443 18
389 520 3
294 404 17
295 400 15
31 296 17
324 394 15
20 130 14
405 456 1
277 548 18
276 369 10
387 505 17
23 246 2
268 290 13
260 490 16
0 199 13
195 434 9
27 522 2
580 597 20
300 373 19
308 608 19
236 579 158
443 444 4
484 485 15
257 300 19
1 304 11
223 439 8
281 327 8
113 338 6
412 595 4
243 603 1
321 368 10
305 329 19
62 568 15
145 289 118
126 338 5
394 511 11
329 504 11
156 238 126
64 340 4
188 524 19
141 303 111
39 259 20
23 97 838
139 419 17
376 527 14
213 463 80
156 352 17
297 384 16
443 555 11
172 529 9
9 251 7
293 483 3
373 512 4
232 459 4
461 596 145
266 592 148
252 558 6
129 480 18
435 546 2
112 601 20
516 553 141
107 593 13
384 552 2
97 130 16
93 558 13
9 333 20
418 604 11
210 522 121
184 320 3
310 525 20
299 566 5
78 420 7
116 317 16
335 356 12
136 530 13
87 338 6
106 133 12
160 564 146
5 541 17
197 298 93
136 559 20
309 499 98
21 299 8
302 451 5
86 594 13
426 577 171
157 368 20
52 597 8
256 489 10
22 233 3
203 454 20
255 566 17
99 331 7
376 455 20
316 337 13
350 553 14
225 571 19
97 191 4
138 156 13
217 428 12
435 445 92
198 257 11
224 236 7
131 545 5
98 286 24
172 339 8
100 583 15
34 504 2
349 580 5
120 146 20
28 443 18
171 279 7
384 529 9
116 512 6
365 368 1
176 346 9
81 174 3
89 433 26
400 434 187
305 381 142
114 512 17
185 513 13
367 575 8
136 469 4
7 189 14
390 594 2
289 302 19
99 317 20
206 536 19
163 538 12
220 236 1
397 591 16
37 397 118
187 217 10
109 222 166
212 369 86
123 153 16
5 233 13
44 383 5
275 560 165
115 375 74
347 488 18
83 449 5
83 466 9
487 563 6
170 513 18
218 395 93
171 410 1
342 463 7
42 494 19
402 431 18
254 258 20
295 462 15
252 329 881
195 352 5
7 114 134
35 600 149
108 263 20
51 120 118
397 482 93
37 158 12
514 575 14
126 422 962
289 507 7
548 564 15
199 215 1
64 320 1
35 341 7
14 231 76
44 103 109
0 272 15
334 593 20
226 479 12
99 553 7
55 601 20
470 574 13
85 590 1
151 239 16
167 423 3
407 413 165
259 375 15
482 544 20
107 584 11
265 371 54
120 186 9
365 460 5
413 423 17
290 539 15
0 126 4
270 502 16
283 315 4
197 449 3
