484 3920 4
189 223 5
114 192 1
335 421 11
196 316 5
47 368 10
417 480 11
362 388 13
142 384 3
26 172 16
170 351 3
295 451 33
352 381 10
297 469 7
4 102 16
325 371 12
115 474 192
110 433 187
25 143 121
61 147 20
415 433 9
135 335 3
105 417 8
234 419 2
7 151 6
9 328 6
26 210 6
172 211 7
331 425 18
202 209 17
13 73 114
55 250 16
77 295 35
149 158 34
177 327 4
104 250 13
337 436 18
234 411 20
49 221 20
109 307 4
113 471 20
58 227 20
168 395 153
148 306 7
51 479 423
213 246 19
227 392 14
101 119 8
123 194 199
32 56 193
153 218 12
194 274 3
250 378 2
180 191 131
44 75 20
105 429 20
274 401 4
59 307 9
317 394 134
83 334 5
4 158 9
77 268 1
247 468 10
137 455 19
136 340 18
91 178 17
214 278 19
180 215 7
20 426 158
71 268 8
331 464 18
195 334 17
103 337 151
19 387 7
130 183 88
70 391 52
124 471 85
205 218 16
132 158 16
183 217 19
23 357 18
11 445 20
219 433 13
117 349 14
9 227 75
71 212 11
207 461 6
85 478 18
298 465 4
116 212 16
222 372 166
43 349 7
323 438 19
360 375 706
311 366 8
188 310 12
157 412 188
53 182 16
25 401 7
25 454 20
253 267 11
419 424 1
149 268 6
84 396 62
89 480 15
29 375 3
14 211 6
235 419 17
127 452 19
461 482 10
337 458 3
312 480 4
347 419 12
181 453 11
165 192 17
287 392 44
378 419 16
6 23 1
243 480 17
167 274 101
62 74 13
95 244 143
167 367 69
135 247 22
8 202 11
326 458 36
167 352 20
2 11 4
59 394 18
268 281 14
19 99 7
76 166 8
225 411 11
223 227 19
447 454 397
22 332 158
140 188 14
56 268 8
245 267 6
269 306 9
283 344 17
76 224 11
215 470 3
243 255 2
192 289 18
307 440 16
150 352 16
89 305 12
114 156 12
104 465 15
140 323 6
118 442 15
95 107 8
76 467 4
75 76 7
157 234 3
174 297 3
303 469 175
247 294 12
142 203 12
140 350 15
250 298 10
206 384 13
453 467 12
121 235 10
379 467 9
278 454 5
180 482 157
99 396 4
87 432 182
37 170 11
155 420 7
102 372 7
17 87 4
139 383 8
2 57 156
116 280 3
43 388 150
52 290 7
63 334 17
300 469 11
242 347 6
194 333 8
264 346 14
410 413 1
348 383 1
70 151 9
103 241 13
224 329 71
15 201 12
216 427 498
195 197 18
345 354 12
269 478 178
111 172 15
66 344 16
71 425 199
15 264 17
7 440 57
261 272 1
66 130 8
304 419 17
218 367 15
44 291 312
83 235 6
244 324 6
0 195 20
45 229 153
7 265 40
257 312 3
99 156 15
273 476 8
25 357 10
43 334 85
190 342 12
128 465 9
38 452 3
363 397 1
160 451 8
13 459 8
67 147 5
33 140 3
120 329 154
88 402 2
374 469 168
85 127 11
136 244 66
124 247 4
43 275 9
63 464 10
85 102 8
192 402 16
41 285 50
56 448 19
250 268 5
141 463 19
336 402 200
399 474 4
141 239 129
98 123 12
248 346 13
254 396 17
48 300 6
88 385 6
129 363 7
82 174 20
43 342 3
87 90 271
162 377 141
267 336 18
326 464 20
4 362 8
228 483 4
162 232 55
52 150 6
193 294 7
408 414 3
459 477 3
255 483 3
53 279 8
12 297 17
102 278 4
358 390 15
44 340 8
234 461 2
143 148 13
262 341 11
246 326 16
80 204 5
45 370 13
250 445 8
87 354 18
32 201 1
197 268 134
152 228 7
332 474 8
143 185 3
122 211 11
1 163 6
141 477 11
327 446 7
21 370 116
302 321 7
194 367 14
99 286 5
155 342 4
123 351 14
273 367 11
213 478 14
5 144 17
47 105 196
28 376 16
183 304 4
87 197 148
9 236 8
227 248 18
285 324 10
19 107 7
80 395 1
79 251 1
270 334 16
122 327 16
147 446 16
178 362 17
172 459 15
152 445 14
239 463 18
204 279 7
19 428 630
8 275 2
226 404 8
56 325 19
173 376 199
300 482 5
292 410 3
172 406 15
247 329 17
109 226 20
177 421 15
458 472 14
100 425 4
139 239 12
46 337 5
7 142 5
324 412 19
164 445 73
201 459 15
30 381 5
304 335 7
396 430 182
323 479 4
150 465 14
93 287 8
15 346 13
321 386 12
121 200 3
336 390 12
76 150 19
96 447 4
342 411 13
78 277 4
250 418 8
14 121 9
194 412 6
256 289 5
123 208 16
216 254 171
37 171 19
124 279 16
377 463 4
229 474 13
129 432 15
12 28 20
54 155 10
78 175 18
20 278 8
110 410 7
141 226 10
81 414 14
239 412 1
169 334 3
269 345 17
128 431 15
278 293 45
58 201 12
194 342 7
132 254 17
180 318 166
145 212 1
331 473 52
187 285 174
169 297 15
100 271 19
134 285 8
225 436 12
246 347 8
89 338 2
51 296 17
82 348 19
129 461 5
176 180 383
95 454 12
177 379 1
233 463 183
179 258 123
305 473 19
256 279 4
117 375 13
317 362 2
149 393 7
81 458 17
107 139 15
149 307 4
272 353 5
225 283 10
124 203 4
99 453 17
153 299 11
141 362 8
108 165 9
306 368 17
214 304 2
173 264 87
331 419 19
15 425 8
343 356 13
282 375 3
294 433 7
30 109 196
177 219 4
103 482 29
164 394 116
430 470 3
384 476 20
319 454 6
288 480 9
412 420 99
147 272 1
388 465 17
185 288 9
132 372 97
170 386 54
116 463 170
217 273 125
119 405 1
42 225 130
152 175 9
144 375 2
368 380 1
171 222 1
4 315 7
193 237 14
73 354 20
103 464 48
181 480 13
389 420 12
83 426 2
6 391 12
178 451 19
61 234 15
38 425 16
39 243 5
225 263 164
71 130 16
28 455 4
183 288 8
4 438 6
55 247 14
30 87 14
2 419 197
27 186 16
102 466 188
242 260 17
145 229 19
124 157 16
362 444 3
156 263 9
404 413 6
6 426 15
79 446 19
47 256 9
39 151 40
307 395 6
228 441 3
112 202 12
147 177 4
305 466 18
307 474 6
142 227 14
309 470 15
295 333 2
172 292 9
287 441 129
14 318 1
394 478 20
316 392 8
54 459 15
159 480 12
312 441 11
365 370 14
283 297 10
303 425 53
134 475 17
125 276 65
84 362 10
127 155 3
56 274 66
208 412 3
230 478 19
299 371 12
160 198 11
411 430 17
43 64 11
205 406 2
134 309 7
164 385 188
153 465 8
155 425 12
121 357 15
13 377 8
29 256 13
109 316 11
226 346 10
121 157 5
332 335 54
26 288 2
366 383 108
49 145 18
79 135 13
237 459 18
133 470 526
274 305 994
143 299 5
189 319 17
340 354 13
130 241 9
219 234 2
239 482 4
139 375 19
115 272 17
371 462 15
382 432 4
45 315 10
154 278 7
144 335 7
205 244 12
93 474 2
79 381 4
341 395 20
74 131 16
85 105 1
158 445 6
10 283 9
19 465 17
131 393 713
222 297 6
230 347 1
72 280 13
214 326 7
145 473 4
56 275 8
233 354 19
25 256 20
425 443 12
215 477 7
4 190 6
184 283 7
24 241 3
245 430 17
127 426 16
219 426 19
125 365 14
103 227 85
167 389 4
405 437 16
31 404 1
106 251 16
276 385 19
209 241 4
258 438 3
67 402 10
267 284 4
289 476 9
168 245 13
63 94 13
82 460 16
397 458 9
217 307 139
415 437 19
46 257 139
44 87 2
72 419 69
106 475 18
64 457 18
102 155 98
80 258 99
288 313 20
157 317 2
425 470 561
248 292 125
237 439 14
287 383 7
28 335 19
107 369 10
208 422 8
302 385 13
142 420 10
211 321 2
192 206 14
46 109 111
154 432 7
348 351 11
188 217 34
424 446 188
149 365 871
103 329 18
323 385 1
62 91 16
98 440 1
31 189 8
397 459 173
273 412 11
7 92 1
15 388 4
50 249 19
7 467 3
97 176 1
130 370 9
195 278 4
305 346 14
117 433 9
170 422 22
316 372 1
98 273 7
173 388 19
15 362 6
218 390 12
178 181 4
36 357 15
1 209 9
22 71 6
318 418 19
223 458 3
108 296 3
213 375 20
0 436 17
256 391 1
393 405 15
69 328 5
202 428 15
349 444 1
33 239 14
154 369 19
148 398 1
200 273 15
228 478 4
321 378 18
168 289 15
98 201 14
49 50 11
124 429 17
144 483 98
11 71 6
356 363 20
96 270 60
413 457 18
98 181 126
70 287 12
262 473 15
219 333 183
22 254 2
371 400 7
154 461 95
151 266 4
218 380 586
358 397 125
85 342 16
162 426 12
176 304 69
90 442 12
15 376 8
108 187 15
267 426 67
264 461 3
3 330 198
264 442 14
93 163 90
114 203 2
135 388 14
148 381 55
379 423 18
126 305 85
30 238 18
33 129 181
252 422 3
410 479 4
109 442 2
2 60 5
135 354 1
266 352 15
161 289 8
0 138 20
234 482 5
4 52 15
219 462 39
237 415 13
217 274 1
144 300 50
212 240 9
66 350 101
105 208 16
269 440 9
384 403 4
117 258 19
197 276 131
106 137 7
28 222 538
250 437 9
176 412 8
254 321 2
196 440 133
90 189 1
39 225 1
424 478 115
120 124 5
78 412 8
136 161 59
218 393 499
150 183 96
99 299 17
73 217 17
467 471 6
239 394 10
55 351 13
20 102 4
236 436 16
206 211 7
84 195 14
291 344 15
130 387 116
354 408 9
242 322 9
253 483 12
159 381 8
219 342 9
272 339 10
187 201 5
350 477 18
62 146 14
135 201 9
149 165 991
288 407 8
142 436 30
296 448 117
1 280 4
96 214 148
86 175 13
323 458 20
387 443 12
159 339 15
245 382 2
7 215 14
182 341 8
436 470 19
65 248 19
19 150 3
34 344 18
289 465 4
47 360 17
138 214 5
54 287 10
73 121 10
54 72 46
214 367 346
180 407 11
189 233 4
181 383 99
114 187 1
164 251 14
178 209 15
195 437 15
18 441 18
335 370 7
44 145 74
334 422 38
284 421 12
208 243 17
213 429 3
67 314 1
84 191 18
131 144 12
65 99 8
34 151 190
281 377 10
43 251 13
149 248 6
352 467 26
323 433 191
201 256 20
51 198 1
264 380 4
327 377 10
3 224 10
170 271 18
42 251 12
119 472 154
50 161 13
369 454 14
136 226 138
4 259 18
98 291 3
193 274 20
349 471 1
413 473 10
86 424 37
103 295 29
63 234 3
159 228 5
99 470 5
250 425 2
43 405 15
229 278 193
229 355 121
199 453 5
278 425 10
114 149 7
455 473 5
282 447 7
111 266 10
380 425 6
167 346 7
392 423 179
55 347 3
184 399 18
63 460 113
297 443 11
141 436 4
318 406 129
148 185 14
45 391 3
158 396 7
131 330 10
98 194 52
131 276 4
103 458 9
177 226 10
249 471 59
325 426 15
14 138 14
309 431 17
274 442 5
107 430 3
194 272 11
70 149 16
3 219 8
69 405 15
463 480 1
99 425 3
232 344 88
17 331 11
329 454 18
14 314 5
238 461 20
371 412 19
105 454 17
219 334 7
156 292 188
149 391 13
282 329 15
136 140 2
272 412 1
31 370 60
66 454 14
70 290 14
276 406 35
154 318 94
245 363 3
296 370 17
294 393 5
128 227 6
120 135 6
182 183 7
168 227 3
83 362 11
273 483 16
88 426 117
22 176 143
38 364 93
59 156 10
268 413 1
15 118 136
143 363 3
55 190 6
8 21 19
132 434 16
152 419 12
218 229 20
260 300 14
134 228 8
28 264 9
248 376 13
88 283 19
108 463 10
272 274 6
3 109 5
146 175 12
259 380 20
162 357 1
91 280 10
50 182 17
16 296 10
162 410 8
46 335 20
312 448 11
193 422 14
23 199 8
333 431 10
166 252 12
373 458 118
66 225 132
230 419 19
236 401 7
108 225 7
149 189 16
26 30 84
170 207 10
268 480 18
132 205 3
162 398 101
163 433 17
264 388 18
135 454 8
282 340 15
99 115 1
443 465 13
101 281 50
277 304 8
412 461 20
11 422 115
90 118 9
83 338 3
151 365 11
209 280 9
22 310 107
262 281 20
332 449 9
143 237 344
138 274 5
64 157 10
335 343 18
186 328 10
6 425 14
114 357 19
39 395 7
342 432 3
72 290 4
221 223 57
96 163 16
102 342 1
114 436 9
94 246 10
151 185 19
403 454 9
303 411 10
137 358 16
275 300 8
91 453 26
310 355 18
15 229 20
162 173 39
198 374 4
17 270 10
37 177 11
296 307 1
7 238 16
107 477 14
264 422 18
122 335 96
224 285 1
246 327 3
15 69 6
138 354 61
273 274 9
391 441 7
7 55 16
122 393 7
16 200 50
156 237 17
293 297 6
146 185 8
105 248 82
11 473 18
124 369 9
1 108 16
70 368 15
195 219 6
46 398 10
234 474 823
105 206 14
91 429 5
60 467 3
152 320 8
11 186 6
160 184 16
366 378 6
68 170 14
83 201 7
168 349 5
45 142 14
197 219 77
369 441 8
57 212 2
363 468 16
220 343 10
248 383 10
181 461 9
20 88 1
124 223 8
42 70 8
46 129 104
295 340 16
167 194 2
65 271 775
78 214 20
100 285 4
15 441 2
15 84 157
64 156 8
258 364 4
113 427 2
179 230 15
334 450 13
127 264 20
315 462 189
161 323 17
328 380 18
82 91 130
243 425 457
154 336 207
310 454 185
335 437 10
277 479 141
89 413 165
8 209 3
18 224 17
137 409 3
38 222 128
42 106 158
151 322 3
205 388 17
194 208 5
284 472 81
119 348 179
66 468 6
120 324 8
184 321 2
200 411 17
104 257 7
200 418 2
108 171 4
113 453 45
187 214 1
2 479 16
370 376 4
209 276 1
26 235 6
63 77 141
68 475 55
135 329 11
142 232 11
250 420 13
4 96 14
192 201 5
304 422 12
42 210 11
309 435 3
386 394 18
339 417 15
51 199 48
261 376 5
239 324 20
48 338 13
90 243 12
28 59 15
74 363 13
42 229 9
398 459 11
223 356 10
111 265 17
216 341 8
34 120 4
85 155 18
17 136 13
220 475 6
468 482 2
18 306 2
283 398 13
229 441 14
142 396 120
304 333 18
286 433 11
3 182 3
418 445 5
48 136 18
37 454 20
143 341 15
393 400 19
385 454 148
281 382 55
153 348 12
232 268 5
57 337 8
154 203 86
150 448 11
118 233 53
117 286 21
294 399 86
37 441 130
213 433 273
275 288 5
60 76 13
293 372 196
38 257 129
49 164 1
121 450 14
202 452 15
88 335 16
125 391 4
351 391 5
82 206 18
309 342 9
329 435 3
26 267 19
71 420 19
7 477 18
77 134 19
252 316 12
158 338 20
79 395 135
255 334 187
101 193 8
371 411 109
89 90 520
144 210 17
131 234 11
293 430 16
310 407 13
112 189 2
73 206 1
123 196 175
162 292 12
133 320 7
250 470 1
84 139 6
96 442 1
212 466 20
133 305 5
96 265 20
76 225 20
297 473 20
114 245 20
139 406 20
218 470 13
149 296 3
107 355 6
134 377 6
316 370 632
145 455 8
43 318 18
402 466 13
114 458 4
253 313 11
34 284 7
1 172 173
449 480 4
226 307 13
118 212 10
35 457 13
76 86 12
74 453 7
386 395 104
264 453 15
42 169 20
54 207 88
6 102 9
64 431 12
6 195 14
457 458 8
21 347 66
93 425 14
75 109 331
16 316 19
145 194 15
167 383 171
200 413 67
5 29 2
69 432 15
98 208 52
293 377 1
209 429 62
413 436 4
199 343 80
76 101 7
14 200 7
147 168 10
110 300 15
231 247 83
272 325 19
4 6 5
153 291 8
86 259 1
119 274 16
225 481 12
279 423 2
88 127 881
8 43 7
167 273 12
52 108 12
19 482 12
112 201 13
194 424 13
31 264 16
339 456 14
149 381 9
110 178 9
390 478 6
20 335 16
176 480 14
183 472 4
172 227 15
337 435 18
221 337 7
170 237 13
37 194 97
371 421 7
215 250 1
124 329 8
104 203 141
106 257 3
71 85 12
173 422 8
319 420 12
28 401 11
55 477 16
305 471 19
96 323 177
42 401 13
254 461 9
177 305 10
46 327 13
109 234 15
228 326 13
170 424 10
85 379 1
110 161 5
93 126 2
180 218 145
351 412 8
268 279 3
150 420 9
99 127 124
230 318 9
283 325 3
109 335 8
295 309 10
264 474 153
319 442 9
127 138 112
153 441 22
317 426 14
149 370 12
117 180 19
53 399 34
238 434 19
273 456 88
57 431 3
38 408 13
14 366 19
108 378 5
222 458 8
86 369 3
111 221 19
104 120 16
177 377 96
193 275 7
268 378 17
53 278 1
241 464 16
164 424 10
43 218 3
335 407 70
53 298 7
126 322 13
190 329 1
62 282 175
279 426 10
151 371 3
428 472 11
100 193 13
369 390 11
247 378 5
125 185 176
1 275 16
18 178 3
55 407 2
256 463 43
192 465 20
118 124 11
42 386 13
195 262 8
126 209 6
45 149 174
25 403 6
174 180 7
125 157 16
299 438 11
221 395 19
96 336 5
15 218 147
377 479 20
211 239 1
243 299 1
14 240 8
76 378 19
425 445 10
166 303 20
197 324 145
258 462 4
97 427 16
218 433 12
172 221 20
74 323 10
139 475 19
160 226 3
12 348 163
47 309 5
70 296 6
422 453 16
71 228 5
125 370 6
74 340 172
229 230 10
264 282 14
239 289 9
92 403 10
87 275 18
0 171 178
388 415 17
274 367 2
162 199 17
427 481 43
3 115 17
31 241 6
97 358 10
212 272 7
6 111 15
394 469 14
264 458 148
454 477 13
12 194 11
105 296 17
378 425 12
140 471 196
341 360 167
133 251 8
34 363 14
175 292 12
8 99 33
234 392 12
17 381 15
172 337 6
391 402 10
305 449 3
169 480 60
272 351 5
254 410 20
144 270 11
340 429 181
271 284 7
109 445 167
19 356 9
87 306 1
267 449 8
272 417 3
181 351 14
96 133 3
33 228 10
398 419 19
356 411 18
216 457 16
9 282 11
74 113 66
136 296 188
156 442 4
134 234 8
174 453 3
136 253 17
159 374 5
221 403 7
46 211 14
117 293 3
42 415 10
7 399 196
195 417 60
20 379 14
185 439 6
54 232 4
222 408 46
137 206 189
83 179 15
125 286 747
52 443 20
111 194 102
279 350 3
289 359 176
198 254 3
29 107 14
113 431 3
281 300 5
46 462 71
218 275 63
19 236 8
192 209 10
83 110 8
132 355 16
71 333 91
16 361 98
205 262 98
32 442 19
74 443 10
297 383 9
234 263 19
172 354 2
181 274 130
215 286 14
189 358 10
75 178 19
156 158 147
262 480 10
291 377 6
43 158 2
36 275 6
198 355 16
232 470 8
107 143 13
25 199 2
124 409 6
109 290 98
9 81 1
208 251 2
6 88 116
97 113 15
318 425 2
188 377 2
114 220 8
74 337 70
4 481 97
79 401 9
34 36 6
193 208 2
35 409 5
5 445 4
53 202 20
43 55 3
0 474 12
64 207 1
98 149 118
73 277 4
30 43 17
275 328 3
149 456 68
380 453 289
44 276 20
194 392 13
179 463 199
166 431 8
46 374 271
30 31 33
394 479 8
234 409 9
116 320 7
33 97 11
0 68 8
213 470 115
119 212 7
326 345 98
131 424 2
80 253 10
36 389 11
294 428 5
240 365 20
401 457 3
217 427 13
12 39 6
402 462 78
99 378 1
229 461 7
178 420 131
321 341 5
36 212 151
394 400 7
0 418 1
243 337 17
404 418 15
135 229 7
174 440 16
152 283 15
14 471 162
29 88 12
154 212 2
110 163 19
3 215 92
146 341 15
59 192 3
187 216 16
64 463 9
39 178 6
208 387 138
273 351 187
159 347 9
203 314 8
288 481 19
47 250 12
66 337 13
57 120 16
180 328 3
69 325 5
44 181 3
295 339 15
217 326 18
15 105 6
88 200 17
145 225 8
39 236 18
2 471 4
325 461 8
374 439 16
211 412 9
87 127 7
92 453 15
49 245 3
382 402 7
36 204 17
39 384 14
127 190 15
242 315 3
314 322 9
156 365 18
32 316 11
172 356 15
55 66 8
95 366 148
19 435 6
28 105 3
109 396 18
88 278 18
56 138 9
50 250 4
181 386 14
19 187 19
174 439 165
208 444 5
55 144 13
61 283 183
37 131 13
54 257 19
340 438 14
333 425 8
98 186 10
167 175 7
112 305 16
7 250 7
51 112 152
94 100 7
74 78 20
146 151 1
165 412 5
226 250 79
50 333 1
96 211 14
207 240 7
100 290 159
33 201 3
4 195 16
123 412 5
118 210 1
105 129 18
34 343 2
109 404 13
22 319 138
102 426 16
63 137 18
143 278 4
98 290 11
132 187 13
144 267 19
65 72 4
124 454 3
130 150 5
174 287 17
79 343 1
183 369 12
287 437 9
336 362 9
124 394 93
218 299 11
262 401 10
157 208 15
435 465 89
195 342 20
200 285 15
75 340 16
409 460 2
39 135 1
133 173 6
277 399 165
158 278 2
161 229 197
106 194 20
96 373 6
55 401 133
305 456 3
133 420 114
389 410 27
40 367 11
164 466 1
206 434 7
285 402 37
246 331 11
23 287 1
107 190 15
461 470 82
53 65 5
345 435 3
77 99 118
235 296 15
150 188 15
158 254 4
90 228 6
7 24 7
11 368 12
222 343 157
210 369 25
188 443 16
345 476 4
278 462 109
165 371 119
272 321 1
284 397 14
76 451 11
22 41 685
315 333 18
171 337 4
231 297 18
183 195 83
24 154 12
222 304 19
302 448 19
157 398 1
39 247 141
182 274 17
315 334 17
218 243 8
129 280 14
34 439 13
158 434 3
42 44 4
175 270 19
343 460 5
282 335 10
50 421 596
87 207 6
23 299 17
110 278 13
396 399 165
49 401 4
302 386 8
12 408 18
80 426 10
82 134 17
23 160 1
9 61 19
167 208 1
135 411 1
171 205 10
184 472 13
184 322 6
275 379 9
106 228 20
237 354 3
49 235 12
261 316 18
77 425 55
242 248 1
222 360 5
49 84 8
248 287 8
273 383 77
312 425 19
47 404 2
67 225 13
119 261 12
381 448 13
227 385 15
198 412 4
35 196 19
259 278 7
146 285 373
395 422 5
121 175 14
0 179 10
143 436 18
76 197 16
243 435 17
49 209 4
142 265 18
194 236 4
31 326 7
407 431 376
226 395 16
202 223 57
89 161 10
25 167 17
173 218 3
107 412 17
28 287 9
168 332 19
63 417 11
333 456 2
125 149 1
111 185 6
40 338 8
84 240 10
97 369 10
86 180 16
221 380 9
39 344 11
99 268 19
65 422 20
36 271 14
125 151 30
220 361 166
301 476 72
93 320 38
348 379 120
98 178 18
100 417 15
26 452 6
186 206 91
178 336 1
63 342 5
77 271 105
60 225 31
52 91 17
83 206 19
183 395 14
185 370 9
5 173 17
339 348 8
351 383 10
181 417 4
43 288 149
334 342 19
40 327 15
5 442 162
9 311 16
101 287 2
78 427 17
17 417 1
79 203 6
43 234 11
353 441 16
324 438 1
47 307 16
91 124 20
38 172 8
25 107 11
194 383 19
4 432 6
136 230 43
173 281 14
158 169 12
79 428 13
164 425 18
94 175 15
252 346 9
261 364 187
159 333 18
14 57 128
274 383 18
172 324 4
143 285 7
84 307 558
101 176 12
249 454 5
110 281 7
220 249 84
222 378 10
74 411 18
232 332 15
28 218 8
240 462 143
8 236 18
44 470 19
69 383 347
107 124 9
145 296 8
287 421 2
316 442 17
52 311 9
275 286 6
108 182 12
115 411 38
183 437 6
95 154 127
153 184 12
15 114 364
399 429 12
201 329 8
49 201 3
47 100 18
124 393 4
53 434 736
143 180 107
167 345 16
38 474 149
195 345 9
110 134 20
49 430 16
275 279 10
100 105 10
203 278 131
100 333 11
178 190 11
314 383 19
55 333 770
109 471 178
59 436 1
72 462 6
60 428 7
433 436 125
295 464 64
132 238 13
6 386 6
251 346 162
1 48 176
45 389 10
112 383 14
15 173 5
143 200 2
244 474 9
381 455 46
297 314 10
56 134 19
124 365 144
34 161 117
229 475 17
49 125 17
71 250 158
213 365 7
444 447 20
307 418 9
430 443 154
120 392 141
191 470 189
21 412 14
86 107 105
28 44 41
173 318 19
43 219 14
236 455 19
390 439 1
265 317 37
64 326 1
300 471 4
34 234 14
24 280 14
4 38 6
370 454 16
81 114 3
70 125 6
260 455 14
258 323 12
97 187 15
420 425 1
11 44 14
96 140 53
42 103 1
4 189 34
69 354 14
109 418 187
98 421 182
250 307 16
131 414 7
154 477 10
194 420 18
231 274 14
18 164 7
346 376 17
86 408 10
0 42 7
188 437 79
336 441 104
138 311 149
309 433 8
170 417 12
6 127 6
316 387 10
308 420 12
288 334 48
210 390 20
262 356 141
95 240 7
465 482 15
242 477 177
39 482 16
74 376 28
185 243 9
113 292 9
211 394 15
28 290 20
25 154 2
208 483 12
19 201 11
194 351 3
2 210 19
131 194 6
27 382 6
170 361 16
52 352 19
109 236 3
91 381 18
279 448 16
279 479 13
250 449 8
64 210 49
131 409 12
173 186 14
297 325 58
428 462 45
66 118 84
49 232 20
30 348 2
228 444 11
183 230 6
103 118 11
88 447 1
215 459 16
179 309 10
2 373 5
167 181 7
181 340 17
179 219 20
55 329 176
127 342 12
240 395 104
199 297 19
74 181 11
161 437 20
220 236 8
7 453 108
108 303 609
174 333 19
248 291 75
94 232 60
302 447 6
179 296 17
64 397 1
14 168 2
136 388 190
167 184 12
182 451 18
104 233 18
243 470 1
169 260 5
236 480 5
137 300 36
266 391 73
70 208 14
193 356 20
301 341 5
28 327 54
212 411 4
181 194 132
281 480 10
31 217 9
6 358 15
337 437 53
135 377 113
12 424 7
59 264 2
107 299 11
61 343 18
295 354 12
291 413 4
186 455 88
219 288 8
17 279 19
48 438 17
237 250 3
173 329 10
165 474 7
71 254 2
41 124 11
7 152 14
190 426 7
183 410 18
185 365 14
86 439 113
89 232 664
113 398 543
184 382 10
344 473 164
41 271 19
294 443 16
305 322 17
32 43 17
145 340 7
231 454 2
58 389 11
16 483 11
52 60 98
64 274 4
45 470 11
118 160 16
80 457 17
105 173 18
320 336 7
337 356 10
243 460 5
211 325 14
149 213 19
67 439 12
87 433 19
20 159 53
432 433 717
65 337 9
96 285 6
93 251 8
59 257 20
252 342 14
98 272 110
173 215 12
254 262 2
149 169 20
109 203 19
218 288 7
326 431 72
340 480 4
113 406 179
190 455 1
347 399 993
198 480 13
141 250 15
25 158 18
100 144 42
57 153 6
344 363 17
158 211 10
1 49 6
284 321 72
117 416 845
165 440 186
406 433 6
131 170 2
351 439 14
62 403 9
3 455 11
65 381 19
183 334 640
133 193 14
8 55 17
433 478 6
300 358 4
4 343 7
139 476 147
171 249 17
32 252 168
8 349 2
5 174 73
295 420 11
291 321 19
106 107 7
216 318 4
6 29 9
149 438 11
83 113 11
11 347 8
15 477 79
183 276 100
324 384 84
341 342 12
275 412 188
304 338 2
226 298 7
263 334 3
55 378 9
248 368 8
204 345 15
3 316 12
360 452 15
154 481 141
16 132 554
308 328 5
55 483 10
148 173 100
0 278 13
39 419 18
168 182 1
44 390 13
25 198 289
44 224 16
172 458 95
56 221 5
377 455 9
154 403 11
5 94 6
42 69 16
111 296 8
352 482 8
102 167 7
3 29 30
315 338 2
147 265 11
213 230 150
124 136 8
136 365 639
80 169 194
392 435 6
30 360 5
257 430 9
232 425 14
370 391 155
46 404 18
215 415 6
216 476 20
105 291 2
61 282 7
211 223 20
293 296 15
199 370 4
187 297 4
59 103 15
189 193 1
124 387 45
2 276 441
173 291 11
188 396 10
142 475 4
69 199 6
192 450 9
51 463 19
154 167 13
92 132 18
127 430 661
288 328 16
208 343 9
46 84 15
128 388 3
50 328 7
173 279 2
21 415 10
74 457 9
21 424 197
105 440 1
392 477 8
289 469 103
379 386 1
214 476 975
51 204 198
403 442 48
71 470 875
4 86 17
76 189 8
251 341 20
18 463 3
174 378 2
138 389 18
7 442 186
143 202 4
55 108 170
114 462 186
155 236 15
18 210 9
276 318 6
335 365 89
15 113 11
71 316 13
225 293 4
139 431 4
118 458 182
251 432 14
121 272 82
399 452 97
110 313 110
359 479 3
28 346 17
129 251 15
195 441 11
357 475 12
174 357 19
133 299 9
77 250 18
132 395 13
171 389 3
43 227 1
63 183 7
171 373 465
208 367 6
190 195 179
205 442 72
100 467 13
99 467 159
40 162 8
264 291 11
282 452 20
216 438 8
173 214 67
43 63 13
20 367 153
227 337 7
179 389 2
332 453 8
71 323 1
85 168 19
46 53 126
99 422 36
254 434 63
380 467 177
101 314 18
84 368 119
62 227 12
436 471 19
157 167 19
13 259 20
135 447 14
84 187 13
192 435 5
7 168 20
121 253 6
103 391 128
204 393 125
24 112 10
219 296 4
83 376 9
209 401 4
242 250 43
365 391 121
259 326 126
154 381 267
45 125 5
195 234 5
236 295 18
155 164 91
40 202 22
273 437 2
99 391 10
374 431 18
5 354 6
334 344 9
0 335 98
37 95 15
47 445 13
217 448 14
115 371 6
16 109 7
373 479 9
4 252 5
41 419 18
118 391 353
316 431 15
44 373 14
242 370 8
203 479 16
396 424 107
90 424 17
301 399 185
58 367 2
104 234 8
361 445 775
38 342 13
95 137 6
80 288 18
201 310 4
274 412 177
96 368 112
129 172 2
90 116 1
380 414 13
71 99 771
123 201 14
221 356 21
169 352 5
163 351 13
127 256 13
118 283 9
353 456 15
342 426 14
89 449 20
37 244 127
159 423 20
15 55 110
266 470 16
7 141 16
385 446 15
383 412 2
356 458 1
206 479 124
44 358 5
139 287 3
135 164 15
199 233 9
151 363 4
93 109 176
238 326 9
57 316 1
284 309 16
8 407 13
119 390 17
335 473 14
88 454 113
73 344 3
129 277 19
223 430 13
5 218 101
315 340 10
239 329 15
181 186 6
401 428 20
367 412 15
148 151 146
69 479 12
212 340 1
251 382 7
134 276 19
292 397 15
174 177 10
328 407 129
342 479 13
34 306 18
29 261 4
118 472 1
299 369 18
329 399 7
154 460 52
108 365 18
185 391 9
272 407 62
74 320 6
127 166 9
16 428 6
79 394 9
4 85 20
299 454 1
66 329 132
174 368 13
160 200 15
299 474 6
250 272 16
57 305 11
89 182 20
15 102 6
296 369 19
202 307 6
112 315 13
88 102 480
69 138 70
151 370 16
195 306 5
376 483 2
112 294 9
150 236 2
173 248 63
353 370 2
24 264 6
242 306 121
290 349 16
292 470 20
247 390 20
183 309 14
171 241 11
338 349 14
278 299 143
83 297 17
196 376 1
308 398 7
56 462 8
291 376 11
377 439 26
232 378 75
37 424 17
165 303 15
443 473 15
67 184 10
191 344 103
51 351 1
248 264 10
261 447 4
104 220 1
4 453 154
122 305 15
124 135 10
291 298 3
214 393 16
2 250 18
127 196 78
261 349 156
232 469 18
56 239 18
258 448 21
38 285 10
381 474 11
96 380 6
161 426 17
149 332 9
130 367 16
146 433 16
147 263 116
44 161 4
265 353 18
180 433 2
10 60 5
299 477 1
242 464 15
83 101 11
42 382 5
268 333 15
85 400 16
43 180 6
357 443 791
128 140 3
363 460 15
67 453 16
146 481 4
97 101 12
175 232 157
302 329 1
291 306 19
74 121 11
158 199 18
167 300 138
37 80 19
369 477 3
43 407 10
361 435 20
68 398 17
268 420 9
410 456 16
124 278 20
62 476 79
95 262 1
170 194 165
154 320 14
362 370 124
67 395 20
99 356 5
83 282 15
81 251 3
53 361 11
227 234 83
409 456 20
31 368 6
179 429 4
26 408 138
166 454 51
296 312 14
12 44 1
55 219 19
171 306 199
99 349 205
131 289 6
196 416 17
233 479 16
67 280 60
181 243 13
411 418 3
41 312 4
86 304 1
197 416 5
135 158 16
84 326 1
167 275 20
96 255 2
192 412 19
244 384 2
88 259 263
75 237 43
8 470 6
68 207 17
189 450 15
71 232 13
41 144 5
80 196 2
181 231 90
263 409 37
67 482 13
56 118 67
225 391 2
291 311 15
47 109 156
184 434 6
157 256 16
43 202 165
39 124 197
180 275 17
219 315 11
161 314 20
178 329 5
198 416 10
305 361 2
205 369 56
50 330 13
7 462 13
282 423 10
316 394 1
285 345 11
132 136 1
94 473 2
83 176 179
117 203 8
357 411 120
47 395 11
122 360 78
43 328 20
346 388 1
57 464 2
378 470 11
290 443 9
198 465 7
53 343 60
136 272 6
84 451 63
52 232 19
268 305 16
81 284 8
371 395 18
237 482 4
38 53 3
57 172 20
334 427 13
50 77 490
26 353 3
176 336 2
283 458 15
53 408 15
31 139 7
2 334 1
108 342 5
202 440 18
228 329 2
116 340 18
240 465 7
34 209 7
182 306 16
221 389 6
107 361 7
225 459 91
232 436 2
191 427 9
11 359 64
177 390 19
85 153 18
11 218 7
55 180 14
143 356 12
135 382 7
1 106 5
119 355 18
4 426 9
138 249 5
449 478 4
257 269 12
187 226 19
91 137 175
255 462 80
141 470 10
62 172 8
171 190 15
56 227 14
115 434 16
88 177 1
158 461 7
325 396 19
62 156 9
283 355 18
117 420 2
324 432 524
161 181 14
193 362 19
178 386 17
91 480 18
181 249 12
28 248 10
240 276 7
243 275 7
204 408 7
197 431 7
155 455 4
77 443 13
92 233 2
164 303 154
30 186 6
144 194 185
392 456 144
124 241 8
39 76 19
208 272 10
217 371 101
107 376 6
129 375 5
41 412 3
259 366 18
143 477 12
2 375 27
327 366 18
55 215 19
175 325 10
20 190 16
176 212 3
275 418 20
168 211 407
197 202 3
338 415 12
218 456 1
308 324 75
281 333 5
284 364 1
136 377 18
33 276 15
256 415 3
32 183 9
232 250 13
162 480 9
45 364 4
235 350 6
273 354 11
141 373 28
385 386 86
79 383 189
231 281 1
91 120 12
110 243 13
122 293 19
165 453 6
316 478 12
36 91 12
392 413 20
193 376 2
192 454 6
263 404 8
151 253 19
329 375 8
358 465 14
208 383 20
313 323 6
54 362 2
208 357 9
78 468 13
321 463 12
170 298 6
52 64 9
63 480 11
22 408 14
186 318 2
27 436 10
105 330 15
143 447 137
117 303 2
98 483 43
40 418 17
155 400 12
145 298 104
344 480 145
212 314 7
133 421 4
32 343 9
34 258 6
181 212 108
210 434 4
456 459 6
37 107 13
145 232 51
128 218 11
390 449 198
149 195 5
81 157 17
49 362 18
202 288 22
28 203 13
334 337 715
191 395 7
153 409 18
308 430 25
149 410 2
71 148 2
16 28 5
215 437 14
361 453 62
138 203 6
232 281 16
134 268 4
66 120 14
39 55 8
389 435 12
53 425 1
26 377 19
244 398 14
415 454 10
180 464 8
292 406 11
12 122 28
83 172 10
107 281 6
63 116 13
334 446 6
37 71 91
127 425 1
123 167 18
295 470 136
123 367 5
76 176 1
179 402 5
9 119 16
404 482 171
156 426 15
218 291 3
286 351 6
90 283 11
74 336 20
165 262 15
230 426 18
16 312 19
69 370 16
156 232 20
36 394 12
277 341 16
125 296 18
8 328 20
225 281 13
27 101 19
230 393 12
116 383 10
208 274 14
120 454 7
115 365 18
244 382 11
12 419 606
43 380 8
184 403 1
61 290 1
154 299 2
351 460 2
167 171 5
129 317 14
121 325 20
330 404 4
53 265 4
37 144 9
162 236 11
218 423 10
77 281 3
11 304 8
112 391 130
5 249 19
339 379 7
19 257 15
38 81 5
85 418 9
18 401 5
167 357 6
223 350 18
66 124 2
107 218 10
160 257 19
372 436 19
247 454 144
69 270 11
142 288 9
116 246 67
55 328 17
0 43 16
10 103 7
189 408 173
234 394 19
230 345 25
55 218 15
254 385 2
55 114 8
7 108 13
188 478 115
245 403 6
46 61 4
274 351 8
231 280 11
117 184 2
226 323 10
141 159 16
274 411 20
9 350 10
16 279 8
61 97 4
227 273 6
144 397 36
8 287 3
12 364 20
41 294 4
13 23 12
114 375 11
99 264 18
239 253 19
272 367 4
39 329 2
28 397 9
21 214 18
374 474 17
453 469 33
32 248 11
141 459 19
261 457 6
414 424 9
61 294 6
39 120 14
308 410 1
218 388 1
84 263 16
155 226 14
268 388 12
234 334 140
127 381 9
229 241 12
51 108 1
78 183 16
131 255 15
73 145 4
112 187 103
340 379 8
104 251 15
110 238 691
53 185 9
40 293 113
121 421 120
69 324 62
279 355 7
205 400 6
400 426 5
274 308 6
72 343 184
26 121 11
121 127 3
367 434 18
10 156 18
53 156 46
288 342 17
255 386 150
140 148 13
92 270 16
55 402 14
151 478 13
327 379 7
14 469 14
173 441 14
125 308 760
253 428 93
2 12 12
123 181 3
45 296 16
360 422 19
254 390 14
118 311 4
15 127 16
7 445 11
397 455 2
209 394 19
162 390 13
194 348 4
208 229 10
49 147 195
240 474 14
141 176 13
164 366 2
162 250 13
220 279 5
224 289 6
106 357 6
313 481 8
243 328 6
294 379 5
197 301 310
6 151 5
71 251 8
403 459 6
248 413 8
103 398 14
361 411 1
118 468 14
177 387 4
218 225 20
382 468 4
139 299 12
302 337 17
123 320 3
239 437 109
84 234 2
303 355 17
248 443 12
93 156 7
132 461 17
88 342 12
125 290 8
193 396 15
145 433 14
229 467 17
66 293 11
411 425 3
228 247 153
24 191 14
88 190 6
62 154 10
255 460 163
62 196 599
20 174 79
35 255 14
287 292 344
18 450 3
406 430 14
109 222 8
234 427 4
291 457 11
98 367 5
183 277 3
60 369 1
261 446 13
280 292 253
245 345 10
238 385 8
224 454 17
77 232 175
20 342 20
144 334 17
93 436 5
293 326 14
73 294 16
67 437 3
15 187 2
103 212 8
143 263 9
24 263 20
404 445 323
136 449 8
145 472 3
73 117 7
68 125 42
16 76 8
436 439 15
205 455 11
234 342 15
186 286 11
66 247 12
57 201 17
163 431 122
144 424 5
99 380 20
39 66 15
136 212 19
203 418 7
315 442 14
192 379 11
102 114 15
395 438 9
167 412 4
49 253 9
38 297 10
12 316 55
232 295 16
351 367 16
264 398 15
356 425 36
278 337 17
290 475 1
103 344 110
213 323 14
147 475 4
169 476 15
92 465 20
268 387 16
91 158 200
30 359 12
47 64 8
155 278 13
202 203 7
249 433 19
111 229 9
54 384 102
77 420 11
17 94 14
87 255 120
250 459 209
99 333 154
248 250 18
13 163 16
181 348 13
136 181 70
17 158 9
158 324 83
124 299 10
63 189 79
49 185 10
87 330 81
264 364 17
20 195 1
97 367 15
229 470 17
366 374 108
168 243 6
81 398 18
166 268 137
141 426 1
237 458 4
250 404 19
63 450 19
15 93 4
143 154 14
34 380 19
41 433 1
112 425 157
165 473 10
225 429 19
185 429 6
180 320 20
295 425 4
5 467 12
15 387 17
192 299 3
93 261 17
235 298 99
105 245 20
99 281 20
176 239 5
81 440 3
72 249 6
80 411 20
114 420 11
312 341 3
195 367 16
152 472 20
201 384 15
47 230 14
4 331 18
143 313 29
130 386 18
394 404 17
184 426 14
348 367 1
20 263 389
155 195 17
146 461 16
137 453 152
159 370 819
98 348 62
385 395 516
198 248 6
25 299 13
125 254 8
78 178 9
59 261 1
90 267 13
88 195 57
214 383 19
250 308 15
106 372 2
347 402 20
76 483 19
63 255 9
20 85 14
28 143 3
100 289 11
9 262 94
380 390 15
144 472 15
120 397 58
208 434 10
123 283 4
130 409 1
322 352 6
392 449 458
128 403 17
55 202 167
73 383 803
54 383 7
102 195 17
13 78 17
80 200 9
52 437 13
231 322 1
251 280 184
292 481 2
56 363 7
100 112 20
345 430 14
110 350 15
271 443 147
236 478 1
216 329 9
183 234 6
149 185 177
167 348 6
181 208 89
107 463 11
136 336 7
10 130 53
268 379 13
261 368 14
162 168 3
84 444 38
76 480 20
128 438 15
252 276 188
63 152 198
345 443 21
161 478 2
279 405 13
297 394 138
213 336 2
364 406 19
41 53 5
221 428 310
43 154 7
146 364 13
361 413 19
69 288 1
345 399 2
384 443 8
20 200 154
19 174 1
7 100 180
299 470 14
71 466 18
123 346 18
151 189 2
78 264 4
71 281 2
299 412 10
125 215 6
134 272 20
130 396 3
34 86 13
10 91 5
247 464 17
90 351 19
147 448 3
210 236 7
18 67 5
96 274 19
269 290 20
367 414 2
223 351 16
464 476 2
223 271 15
94 316 16
309 474 19
98 106 5
415 473 9
275 407 34
161 183 13
417 434 9
6 138 12
63 261 6
97 266 8
101 252 6
120 443 13
207 482 20
291 293 8
54 151 20
18 39 5
54 191 13
65 265 120
380 443 2
17 432 19
38 411 7
0 189 195
175 389 16
208 449 144
92 97 23
390 462 19
83 392 16
11 449 2
307 404 14
107 310 165
81 302 15
5 395 18
12 451 1
385 468 21
343 398 13
98 247 17
301 472 88
73 396 11
136 414 11
23 223 15
14 190 17
130 471 12
276 349 20
271 465 5
90 315 18
39 149 3
172 191 15
183 219 19
41 260 14
106 153 17
127 159 7
149 151 16
52 338 6
212 229 194
212 434 178
244 336 4
150 211 55
112 146 11
120 270 10
110 399 54
55 124 200
240 464 600
190 391 12
146 190 2
172 388 19
3 78 10
19 61 8
336 461 43
200 214 16
291 466 81
181 299 19
36 197 10
109 395 7
117 419 5
106 282 19
105 376 20
187 451 19
9 108 18
74 423 7
11 404 7
194 386 17
150 457 12
58 209 19
7 459 661
378 380 87
1 191 17
9 308 5
194 321 18
124 447 138
157 178 20
55 135 20
104 287 13
61 306 184
395 445 16
31 349 20
55 120 13
208 351 96
181 367 16
111 431 15
393 402 12
15 248 19
221 227 7
128 223 6
132 162 2
283 436 7
376 413 139
76 327 3
218 431 9
28 36 15
202 407 6
371 399 148
43 183 1
120 280 17
131 270 2
322 368 13
346 478 19
227 284 152
293 311 34
107 353 129
181 218 2
103 459 18
392 416 10
119 251 6
169 391 20
141 242 10
181 192 2
91 371 97
53 69 6
268 425 22
117 444 19
129 463 6
205 332 18
38 160 15
319 320 1
272 348 5
191 281 158
3 34 20
232 420 80
251 316 15
63 434 6
45 70 7
133 273 13
6 169 18
26 281 10
52 375 10
218 376 57
75 167 15
28 388 3
158 472 6
422 437 47
189 330 182
49 380 10
4 458 48
88 444 19
164 381 8
242 302 14
222 302 18
72 232 103
224 295 13
250 323 17
81 204 5
31 161 20
121 451 68
144 321 20
71 291 15
241 410 152
267 315 11
37 241 10
198 230 7
340 463 2
257 365 9
311 460 8
84 401 103
249 363 18
250 261 10
2 404 133
333 470 6
77 314 15
96 387 59
95 213 9
98 274 17
46 293 16
268 465 4
269 399 5
84 197 14
15 274 850
198 408 14
115 142 12
66 432 11
162 358 13
182 276 9
157 271 8
113 343 3
107 122 7
203 394 688
133 243 5
20 415 19
40 45 949
310 368 145
5 374 9
105 388 2
282 427 1
62 263 16
43 287 2
84 434 17
107 403 9
36 456 70
221 345 7
96 415 4
257 474 11
123 272 58
28 205 13
328 402 2
112 249 6
84 201 74
112 433 2
423 459 152
9 318 20
174 246 13
245 411 26
143 369 15
259 420 8
76 421 17
76 276 3
341 476 97
29 380 13
101 232 12
202 328 90
53 427 9
209 304 7
70 198 1
170 183 3
165 232 18
268 470 19
142 403 2
426 453 5
11 27 8
37 159 17
92 404 3
170 217 20
291 313 12
4 132 10
299 393 15
86 318 15
181 272 43
23 260 11
26 369 38
441 451 11
218 245 151
167 358 13
87 171 194
314 455 3
165 408 16
200 434 2
175 392 18
123 391 10
102 207 11
261 346 111
75 287 7
149 233 6
51 338 193
143 213 13
66 299 2
425 426 16
300 360 17
49 188 9
161 249 5
59 439 4
305 330 3
144 308 133
133 448 15
212 481 13
250 295 5
285 421 48
75 400 1
114 417 10
36 274 22
18 322 448
196 407 5
11 434 20
67 357 4
131 214 6
124 141 130
138 230 5
320 415 13
228 451 6
188 411 10
6 85 2
144 247 13
47 57 5
141 244 20
324 344 55
119 357 8
123 147 19
60 155 2
200 468 15
113 366 16
262 380 13
185 296 15
54 288 8
226 418 3
6 152 13
129 439 14
8 455 16
151 391 14
45 310 18
36 163 2
232 373 91
85 425 5
70 155 15
149 342 1
8 180 17
45 181 5
359 371 147
329 413 4
168 247 117
327 359 299
69 269 143
229 340 12
217 247 20
114 457 12
169 399 10
77 470 16
433 455 16
14 397 15
339 450 20
286 367 7
20 127 18
94 368 16
326 358 13
332 340 4
98 383 12
21 319 17
18 30 13
208 370 100
90 464 176
171 364 98
242 459 9
55 391 14
71 446 2
243 286 15
9 456 19
49 285 7
2 275 16
1 262 50
40 274 5
122 238 14
330 400 117
24 440 15
17 41 9
39 101 12
82 429 8
205 359 19
295 351 16
0 71 18
227 474 9
190 218 7
142 335 4
192 336 136
290 358 6
63 219 14
296 428 1
181 470 8
108 422 5
94 164 9
282 430 4
293 353 5
149 177 307
12 429 11
95 314 71
70 370 5
208 318 16
295 378 53
301 315 11
185 455 17
271 451 64
161 291 14
37 152 13
41 76 14
305 400 13
217 370 3
306 324 16
158 238 14
145 181 20
340 447 16
356 402 14
258 477 13
246 385 9
425 440 9
249 346 18
168 214 2
401 443 14
109 397 11
125 240 12
20 322 9
201 214 33
267 398 12
416 483 5
198 322 14
162 176 62
239 349 13
70 341 19
10 422 13
99 232 10
138 472 10
128 456 19
134 361 873
235 375 4
220 230 12
210 310 2
345 383 5
333 346 163
166 249 26
98 412 9
198 330 18
168 381 2
202 396 12
136 229 1
191 300 170
104 406 18
195 377 2
186 457 169
128 133 11
142 295 11
195 418 3
4 425 10
107 269 14
274 314 14
285 293 11
146 230 9
20 99 929
368 378 559
47 233 196
45 243 7
212 379 84
85 88 69
161 427 9
194 402 25
61 438 98
340 479 178
214 443 1
105 218 2
151 296 94
90 286 12
6 155 13
398 442 14
249 472 15
71 378 7
209 419 18
124 143 15
291 354 112
229 299 19
350 464 64
88 199 121
315 346 151
24 105 14
105 276 19
342 451 13
305 442 114
251 252 19
119 455 11
72 161 2
309 390 413
157 483 15
65 365 5
170 196 13
151 228 14
59 367 193
333 420 4
53 133 9
200 454 710
202 218 10
104 202 9
140 216 9
164 282 16
68 85 4
174 352 19
1 241 159
86 389 13
133 229 13
7 242 4
66 135 4
101 216 2
205 450 46
170 308 16
241 276 11
51 242 7
203 319 4
238 473 10
124 403 15
71 77 18
395 404 931
161 204 16
113 306 15
30 171 11
362 412 5
81 435 13
264 376 5
430 445 3
180 288 16
250 477 6
153 282 12
395 431 847
195 478 98
345 455 187
241 284 2
280 444 16
123 348 4
100 330 8
75 263 4
185 269 3
66 272 359
373 427 75
227 356 4
183 342 1
83 313 4
120 379 16
213 324 27
380 458 3
298 469 43
278 448 29
78 101 1
241 432 14
22 89 3
112 389 3
266 293 42
98 167 11
226 445 16
322 397 20
108 320 4
69 388 9
190 229 9
102 190 168
191 362 19
102 105 9
292 456 11
406 459 79
73 171 14
22 124 11
83 198 13
363 401 11
312 339 19
214 282 196
229 386 9
81 84 65
250 395 7
312 313 10
154 335 15
117 358 20
207 329 6
42 425 37
25 278 5
85 195 13
403 433 4
378 420 16
286 474 12
157 223 20
234 288 19
121 218 10
186 410 16
133 208 1
131 321 147
76 470 44
7 454 20
4 342 13
1 390 9
78 363 3
11 362 20
342 425 188
99 262 12
100 129 15
167 224 536
2 411 125
300 367 10
276 405 10
39 454 1
237 374 1
78 203 4
124 410 166
167 272 9
202 263 19
96 153 19
50 394 12
106 271 19
120 233 2
279 380 11
246 445 8
99 178 15
56 77 20
44 212 18
266 459 9
40 373 16
1 339 23
114 391 14
191 232 18
6 133 5
151 165 7
93 103 18
155 426 17
291 388 6
37 319 7
52 422 132
320 366 10
57 428 2
191 268 145
0 167 62
174 445 18
168 220 18
281 295 17
88 155 18
8 218 17
207 288 109
218 332 10
225 347 9
177 208 19
45 52 16
239 381 7
104 209 62
19 332 161
113 405 6
380 455 13
4 105 5
1 211 188
67 339 18
89 150 141
372 458 196
259 320 8
302 424 12
13 61 14
146 370 116
183 283 1
434 461 2
31 308 11
81 228 193
6 190 6
293 345 6
248 388 15
61 161 20
56 178 15
308 338 14
156 205 7
337 364 81
347 383 11
166 217 16
123 317 178
133 158 8
103 221 181
4 306 156
57 482 14
264 357 17
33 280 12
281 470 16
408 427 16
45 86 8
45 185 16
295 399 2
187 307 13
77 333 4
132 180 4
123 273 11
65 202 162
123 275 11
91 140 6
68 101 6
328 375 15
54 100 93
371 401 10
337 423 11
150 285 4
255 331 188
70 140 4
28 399 9
104 148 1
8 305 10
401 429 5
123 274 157
193 249 159
4 216 16
66 346 9
323 402 113
167 299 113
173 346 14
146 169 13
73 343 1
182 355 119
207 381 8
33 169 16
169 340 19
108 439 9
303 323 5
54 325 7
71 295 7
268 295 1
380 422 8
307 445 17
124 261 10
125 226 15
459 470 2
242 412 176
8 52 4
208 299 11
284 311 4
88 407 7
206 419 18
114 254 153
44 229 18
84 431 2
150 311 19
172 223 1
384 422 15
208 227 15
195 425 7
26 379 10
85 278 14
336 435 169
138 296 10
126 220 20
114 388 13
282 378 3
326 352 176
71 401 44
179 372 4
55 466 9
40 472 11
195 299 1
150 248 4
130 482 17
20 425 7
153 206 17
94 332 14
180 202 9
144 170 17
5 171 19
256 404 15
288 345 130
82 131 24
206 226 2
423 428 7
8 288 8
107 237 27
365 415 16
86 374 9
100 233 19
105 346 14
27 258 11
250 333 9
221 458 9
224 374 17
360 363 3
272 273 61
191 350 5
4 12 9
92 202 11
108 110 45
120 247 2
97 464 19
24 175 5
122 383 6
108 223 166
153 364 17
119 273 17
37 216 14
3 312 2
110 478 6
110 244 2
161 303 5
188 442 10
140 424 4
420 470 20
177 198 8
240 425 4
145 161 7
183 302 7
35 52 3
107 193 2
70 365 102
176 309 150
122 421 3
58 217 18
198 290 4
127 144 70
127 278 4
4 127 7
