557 4702 4
448 494 17
50 239 430
118 245 2
195 237 9
138 313 17
280 537 5
57 417 64
149 278 14
459 537 13
314 438 5
29 442 970
45 554 5
102 320 14
263 446 3
140 313 3
58 300 17
343 431 80
325 532 1
431 514 10
205 476 115
219 281 4
160 320 108
39 110 65
121 194 10
1 103 197
348 427 13
38 44 8
259 292 6
445 509 4
55 446 4
38 39 13
227 242 19
488 524 12
148 535 18
207 258 6
110 420 19
367 392 8
215 514 20
98 372 10
86 267 7
408 527 13
23 314 15
37 344 12
299 499 51
181 513 9
9 190 20
456 537 19
327 387 9
211 369 19
192 520 9
514 534 7
180 230 7
128 556 20
463 554 13
213 235 18
45 113 193
29 307 74
481 497 4
134 173 11
65 333 154
350 462 16
165 239 13
27 254 16
344 345 8
1 555 7
408 451 23
114 216 14
456 505 121
113 365 11
133 325 15
330 413 9
105 476 5
34 483 2
289 372 19
451 478 157
177 515 19
215 401 9
14 120 16
37 198 4
203 497 2
114 453 5
331 499 16
4 172 14
11 520 5
295 512 8
64 553 14
137 430 5
180 413 20
324 506 4
28 354 6
39 434 9
265 444 1
165 449 7
70 254 18
193 305 77
68 482 171
438 510 46
323 333 18
261 289 4
103 189 191
209 473 18
132 249 9
308 350 1
27 270 6
389 445 3
236 267 8
384 425 7
216 509 5
165 509 6
53 454 17
49 458 4
268 524 2
350 447 18
391 416 6
23 323 29
435 509 102
103 477 17
25 540 18
327 340 1
377 550 11
249 388 18
107 518 9
411 528 9
260 330 14
159 182 4
315 324 16
5 523 14
35 180 114
36 146 38
351 449 3
259 372 19
86 497 8
367 431 8
42 183 14
84 251 55
16 93 18
298 408 10
54 555 5
125 197 96
98 300 96
259 434 3
381 460 663
164 421 114
168 379 10
176 347 6
290 463 8
62 327 16
248 381 3
212 413 10
96 178 20
281 308 16
240 383 4
113 544 14
431 494 663
35 151 22
112 379 13
4 116 3
350 526 5
176 329 7
35 378 1
136 299 3
260 405 4
229 492 89
133 400 13
228 325 1
21 208 6
57 253 8
228 270 85
456 506 13
24 171 2
205 291 6
229 346 13
312 488 14
27 276 10
429 435 9
260 387 10
303 410 17
2 245 5
93 159 487
277 527 11
298 451 1
24 341 6
147 164 7
428 462 3
120 466 50
495 536 18
237 320 4
191 249 20
327 529 9
178 435 91
45 509 163
242 366 18
267 268 2
73 116 9
300 384 39
305 418 5
133 493 17
68 383 1
0 228 18
216 422 6
26 330 14
225 391 43
111 432 184
159 463 13
90 114 51
65 337 13
75 263 14
112 417 18
359 556 4
162 551 9
35 105 1
263 497 19
252 387 12
46 492 8
412 419 16
188 210 10
176 353 7
93 498 11
172 515 2
80 525 17
360 389 172
45 427 4
26 139 4
47 319 10
146 465 18
313 511 20
94 121 15
159 235 37
243 270 12
134 236 111
209 367 20
363 470 20
33 77 31
379 393 18
130 164 5
66 492 14
168 250 15
164 471 16
290 460 13
76 205 17
45 212 5
490 498 82
405 476 8
271 275 8
457 516 159
34 498 4
78 470 9
130 416 19
326 333 14
130 303 13
92 152 98
226 387 19
33 382 82
256 285 19
195 437 188
300 547 46
254 307 197
327 471 8
16 219 5
243 276 20
130 446 1
396 507 13
285 498 19
269 514 14
170 552 45
119 341 12
46 120 18
374 485 12
107 550 11
85 285 164
107 527 14
481 489 11
120 461 2
24 348 16
398 470 99
123 212 8
112 488 4
192 287 15
217 243 13
99 484 17
345 514 1
227 396 3
206 215 7
99 160 20
281 389 13
50 256 16
324 537 6
324 470 546
207 368 7
229 312 19
71 309 13
218 513 1
363 548 5
33 134 31
39 259 5
96 324 15
84 291 14
94 366 6
260 497 2
322 472 127
139 488 12
133 145 969
306 336 20
64 336 16
65 523 8
160 378 53
266 519 9
219 539 15
70 197 14
56 499 6
217 486 10
33 353 7
211 266 53
81 90 3
95 547 16
364 395 102
396 544 3
193 374 45
198 517 1
170 523 1
243 452 9
254 344 18
34 176 12
354 526 197
63 161 17
87 116 188
102 165 6
33 224 9
67 203 3
308 376 10
170 241 61
193 410 11
281 347 1
83 506 3
82 367 15
51 240 16
400 484 3
139 361 20
207 365 118
350 543 18
51 476 4
68 103 11
485 517 2
35 464 20
133 468 2
69 383 7
222 356 13
58 527 137
292 327 6
26 413 20
316 431 8
44 432 3
127 135 12
308 331 14
38 95 17
355 464 6
260 315 106
18 188 6
236 440 81
153 272 13
166 375 19
109 344 132
438 532 8
373 429 31
44 163 30
132 350 1
78 363 6
472 486 73
6 17 8
31 212 13
5 431 17
134 336 4
234 323 8
93 203 14
223 458 9
236 352 16
126 166 18
223 225 6
488 526 18
98 314 19
90 215 13
4 482 9
354 456 16
216 306 15
52 457 19
257 387 6
3 330 13
96 535 5
149 320 2
249 550 17
212 226 15
34 261 2
138 331 18
75 137 4
288 453 25
106 460 18
413 457 14
139 176 19
206 442 15
117 260 14
170 479 14
3 249 9
1 223 2
97 437 29
9 410 10
126 301 13
452 536 13
8 203 9
156 321 20
94 536 11
253 289 12
305 371 5
300 345 20
155 458 7
217 335 3
328 477 1
145 305 19
214 412 657
417 437 4
91 233 541
264 413 8
231 445 2
188 219 1
348 477 35
306 508 19
14 33 20
155 346 591
321 365 89
259 371 1
247 260 13
143 355 17
323 366 58
143 154 2
211 389 7
340 449 18
35 359 140
73 274 16
310 339 7
189 228 5
279 513 11
36 488 7
193 211 3
103 211 10
35 157 36
119 136 15
281 368 18
55 440 25
45 138 1
258 453 18
443 554 18
347 539 7
153 496 9
391 426 159
131 315 20
153 449 184
34 148 43
367 534 20
72 532 108
166 345 14
89 383 5
425 489 145
47 267 9
193 266 9
364 521 20
208 357 14
64 390 126
22 349 131
259 391 5
44 417 9
155 510 15
174 487 17
514 541 197
1 550 158
219 274 86
121 274 18
78 523 80
198 446 11
246 500 12
71 332 14
141 538 9
112 253 3
350 544 71
14 549 11
125 413 17
232 257 14
86 315 7
40 108 132
285 549 17
109 421 6
95 304 1
82 476 11
65 305 2
267 513 8
225 298 13
210 419 837
31 66 48
132 314 11
434 556 69
50 405 12
201 445 12
65 499 8
166 431 9
140 164 6
155 454 73
289 412 3
0 278 1
100 520 10
166 382 9
35 497 3
199 412 2
218 259 2
9 539 4
156 330 1
262 301 16
230 288 104
171 344 1
276 392 117
140 316 5
132 377 15
154 226 8
90 263 4
161 324 19
107 487 79
1 221 12
137 367 14
131 164 122
129 187 4
281 290 43
494 496 17
115 519 10
495 509 14
78 306 287
16 497 6
18 107 6
353 450 13
24 79 6
33 149 15
137 219 2
340 456 6
95 101 6
398 523 10
257 473 17
244 553 2
115 477 1
467 546 17
351 488 16
414 460 2
86 341 954
324 456 12
176 326 109
180 354 101
14 104 70
471 481 6
208 288 8
82 98 5
25 316 32
89 346 2
72 118 18
258 277 2
390 442 6
74 330 20
125 289 7
146 512 14
471 556 3
143 404 13
291 481 7
277 431 8
138 492 13
158 358 19
12 91 18
233 315 13
17 497 16
154 505 13
39 204 5
15 321 131
110 268 15
159 233 438
212 540 7
232 510 7
226 373 8
148 173 9
54 145 9
153 331 5
40 124 10
461 512 13
282 401 16
207 313 15
150 273 13
127 337 2
125 468 5
47 512 175
65 313 13
147 400 3
274 361 12
102 356 83
86 98 16
161 388 11
428 490 12
65 84 8
111 438 17
357 455 8
130 276 5
271 539 20
192 388 5
268 276 13
123 498 17
42 123 13
137 170 9
184 343 40
11 219 6
40 377 5
30 170 5
103 359 20
300 514 10
103 313 17
464 475 6
152 525 11
26 299 5
18 273 6
253 486 8
471 510 15
147 310 12
57 226 196
369 461 2
342 399 4
312 453 19
257 374 11
97 258 20
169 402 3
55 249 12
79 307 10
39 176 411
385 437 14
190 249 15
494 512 12
440 451 18
383 513 15
488 508 11
372 513 11
18 475 10
57 463 8
90 158 10
26 350 18
81 358 13
301 394 3
177 366 80
48 497 104
86 404 180
20 109 1
40 554 61
492 496 17
51 444 2
410 544 5
252 419 19
160 328 9
330 487 1
400 463 351
54 194 11
39 236 15
18 237 5
139 229 3
199 289 12
271 407 4
387 392 18
21 47 147
6 248 14
233 551 7
372 458 16
215 292 15
429 436 18
190 291 18
248 436 10
136 314 17
210 301 21
272 489 5
100 445 5
323 532 45
534 543 894
5 154 13
59 66 926
71 413 18
317 434 6
224 401 20
329 492 692
411 415 2
74 159 14
103 366 1
43 160 7
112 361 17
25 413 56
47 236 7
139 526 14
246 536 8
367 400 6
335 463 3
38 414 110
315 334 3
45 351 16
298 535 9
40 544 60
292 418 2
221 550 17
342 458 13
258 523 11
92 532 11
122 146 7
252 515 5
39 377 17
491 521 10
1 479 6
15 376 17
65 410 181
126 209 89
58 459 87
176 218 133
94 445 66
0 392 111
340 511 19
33 412 17
237 418 182
338 479 1
127 169 18
199 417 113
72 114 34
209 475 66
289 534 8
312 390 6
266 473 4
55 456 19
82 328 4
98 468 6
37 453 180
368 541 14
14 427 7
225 374 3
479 548 3
25 435 83
328 527 20
114 237 11
211 539 19
78 328 3
222 404 19
440 473 20
25 154 16
45 536 42
94 144 9
34 187 18
77 474 18
184 222 13
15 418 13
51 445 811
315 316 20
114 258 17
314 338 17
372 408 9
180 191 10
200 256 12
88 183 17
67 178 16
542 551 5
36 312 13
284 529 143
84 243 9
326 533 57
21 485 13
178 524 17
393 433 5
145 373 5
126 344 10
67 138 17
405 416 17
189 270 187
36 123 10
10 390 16
290 292 1
41 231 141
4 177 20
49 463 2
427 440 93
100 382 4
24 134 4
174 391 19
420 543 3
71 371 14
378 470 6
384 465 171
316 504 16
8 206 20
117 307 10
5 43 13
57 412 6
156 418 12
185 249 4
242 289 2
146 254 1
86 89 19
130 311 5
8 89 17
356 553 3
204 482 18
44 276 1
390 489 197
67 247 16
273 313 170
21 33 19
450 459 77
286 488 3
171 416 11
253 534 9
171 535 2
66 384 1
184 412 138
335 462 19
96 424 5
313 451 174
78 435 4
112 412 76
206 302 20
278 393 1
180 378 7
268 518 8
241 421 116
227 228 15
306 494 3
25 383 20
199 419 16
65 496 134
106 427 11
117 280 19
234 401 17
218 485 163
154 347 13
160 439 138
498 544 119
15 168 20
109 491 168
81 163 7
337 521 8
126 553 15
328 363 70
267 484 6
131 254 7
34 136 17
250 442 15
132 521 20
56 356 934
51 448 4
9 170 15
324 475 5
2 151 12
332 480 15
164 165 13
72 384 80
47 171 10
236 529 6
0 441 82
465 502 19
325 439 939
72 270 14
176 367 152
137 329 17
437 480 17
142 393 2
421 522 112
142 292 16
203 210 4
45 398 190
372 472 3
127 489 9
9 45 18
98 126 4
3 288 20
417 472 4
364 388 140
105 430 18
309 390 10
320 514 9
268 326 5
59 116 5
53 163 14
420 514 197
332 364 18
5 314 51
61 296 8
469 524 1
110 140 4
27 365 2
116 550 5
88 155 47
162 377 9
27 282 5
156 413 2
167 260 7
81 170 114
52 384 11
83 284 5
43 441 2
365 474 15
174 180 64
131 320 17
171 434 15
145 248 284
0 217 18
36 442 13
55 519 142
79 251 12
378 517 2
110 519 2
80 484 18
225 338 10
132 324 12
379 484 192
168 327 196
26 226 11
157 278 8
457 496 8
30 323 12
320 476 11
90 292 18
191 314 2
25 125 138
8 36 16
441 474 3
13 555 11
179 484 10
340 555 181
252 431 131
77 483 6
74 489 157
125 226 18
290 300 19
271 523 14
261 314 8
345 367 68
164 212 8
162 421 13
173 407 7
164 250 16
53 427 18
47 97 15
225 427 13
37 142 1
267 296 13
461 517 2
72 237 18
356 415 131
339 501 3
36 340 97
121 532 77
9 458 133
6 514 350
40 463 11
38 173 11
153 521 15
180 219 15
159 212 110
13 328 20
15 355 514
26 394 7
179 549 3
222 489 6
307 331 3
337 339 4
9 348 9
105 117 39
132 514 11
12 500 13
53 102 16
313 499 177
27 496 5
124 229 20
482 513 15
278 279 9
23 407 3
51 306 2
252 553 15
40 127 11
330 457 8
333 488 11
15 524 14
442 488 2
290 496 40
212 472 11
397 423 128
144 179 20
424 500 19
61 362 15
341 401 16
339 484 106
89 272 12
17 47 17
453 524 1
237 260 4
136 165 1
395 432 16
139 290 20
245 463 10
86 419 22
79 463 3
126 548 9
1 189 8
146 448 13
210 260 11
30 326 2
372 397 10
225 498 2
322 536 12
521 555 20
368 554 5
266 270 16
88 479 9
156 484 19
318 540 17
1 217 6
146 263 102
184 512 14
103 331 18
211 228 737
16 307 8
116 468 3
274 339 14
138 437 8
89 164 100
223 417 10
302 402 10
176 442 14
271 531 11
234 362 11
470 551 123
36 229 16
413 470 2
402 443 25
254 453 6
249 377 17
116 288 11
107 229 5
88 278 19
232 406 4
55 473 67
21 172 8
328 470 19
25 496 889
276 536 12
101 427 1
494 552 4
473 550 18
165 233 16
156 412 4
70 284 12
224 259 151
133 201 19
184 457 37
277 469 190
90 338 15
25 505 14
65 138 17
36 504 149
2 529 1
411 459 936
2 461 15
20 144 9
61 393 58
131 543 5
133 491 8
18 462 9
28 452 17
212 223 16
248 252 4
410 420 18
15 443 661
239 419 4
247 427 6
346 532 15
121 215 13
274 494 9
258 357 5
277 413 38
300 460 8
307 492 379
190 232 20
285 473 1
197 554 3
32 448 124
224 535 16
362 548 417
406 446 9
104 520 10
176 429 163
47 476 2
506 511 6
463 541 93
432 499 949
171 267 159
163 281 1
140 451 94
417 464 1
48 113 6
182 380 7
331 477 17
136 312 9
218 482 7
159 460 16
279 381 15
456 483 192
8 419 3
4 468 50
103 492 14
45 307 5
169 196 14
142 356 724
9 477 11
372 412 20
207 380 10
318 471 6
512 522 5
254 503 458
151 401 5
103 266 20
72 418 281
1 73 187
85 94 3
131 365 5
237 337 15
292 320 17
345 534 17
281 468 17
206 316 6
248 314 3
190 484 8
233 541 18
511 537 63
57 372 2
228 233 2
140 421 8
350 364 4
12 501 20
7 210 15
8 109 838
236 475 10
30 336 3
388 537 3
98 534 9
405 443 3
201 278 11
311 422 79
209 344 10
108 215 19
184 337 8
127 207 9
189 510 182
52 359 7
66 213 11
43 209 139
195 482 1
84 452 15
250 259 93
32 179 8
184 464 6
234 451 4
110 446 1
224 530 144
329 453 19
152 358 15
125 414 5
233 435 3
246 488 13
31 493 12
37 199 1
293 356 16
63 474 138
421 469 10
267 474 6
236 477 6
50 103 2
498 538 20
342 446 9
238 244 11
304 554 75
45 477 9
19 501 21
59 468 10
323 431 81
311 554 2
104 411 19
50 525 67
77 114 18
69 461 11
203 342 8
265 494 17
273 410 128
189 217 9
345 400 18
161 378 5
190 421 59
225 262 137
39 336 103
65 401 1
86 260 10
309 533 33
340 396 12
45 65 55
351 429 2
11 440 19
245 497 6
7 324 3
170 441 14
33 50 524
133 520 9
255 307 121
226 365 19
30 207 18
473 527 2
19 520 3
45 46 86
41 98 9
10 515 3
395 550 14
32 141 18
118 358 2
159 474 15
72 90 13
7 338 179
59 139 157
146 171 13
27 278 7
113 123 6
48 440 4
138 527 13
176 361 11
372 438 8
77 348 16
269 507 2
182 530 18
190 381 13
456 462 9
201 260 16
410 556 20
511 541 20
361 474 4
81 406 9
226 540 147
200 283 16
387 410 4
36 528 2
78 413 18
323 502 18
248 454 16
305 328 66
92 170 116
218 495 3
186 281 5
208 311 129
65 297 2
249 332 20
71 378 10
351 551 913
176 529 13
30 534 12
253 327 2
376 459 8
223 434 12
83 408 3
506 553 2
34 143 16
292 524 18
484 544 11
261 458 8
44 430 11
7 525 19
4 377 4
84 294 10
266 479 18
56 502 9
168 182 64
42 270 8
502 538 16
399 551 7
46 153 13
14 477 5
46 137 9
254 418 20
430 440 8
54 339 182
279 541 19
257 301 14
9 47 11
154 317 14
77 346 11
33 227 17
288 410 8
2 102 8
235 314 3
447 475 13
44 378 17
295 323 2
385 516 28
257 429 151
21 312 6
420 534 3
89 260 13
78 277 9
494 510 17
219 541 1
375 432 14
11 444 17
313 445 6
103 270 16
0 497 127
218 250 16
314 444 386
155 555 59
39 412 189
197 311 13
252 298 16
92 270 145
96 233 133
245 314 11
164 340 197
291 490 7
72 320 4
234 408 13
158 527 20
277 328 10
119 172 15
189 193 9
96 284 15
149 470 15
46 331 30
237 332 1
114 144 14
523 555 18
72 168 13
220 545 19
418 554 20
15 470 140
57 264 627
38 188 55
6 150 16
365 418 2
176 453 568
53 251 12
274 408 18
308 519 20
265 550 9
218 434 13
46 323 1
15 131 1
122 236 17
261 365 8
313 380 1
337 389 8
371 453 10
44 159 18
277 324 9
106 527 2
67 475 10
11 300 14
387 416 18
0 528 139
168 548 253
55 527 3
288 456 2
195 428 13
229 482 100
45 57 17
25 244 1
110 151 20
261 417 13
53 84 13
152 307 17
458 494 736
129 388 12
161 328 19
361 394 13
368 543 7
18 434 11
271 519 19
139 273 4
268 553 16
290 524 11
314 348 8
308 554 8
27 226 19
4 59 12
2 362 4
294 309 13
16 151 196
89 419 17
343 429 358
226 528 14
78 378 1
340 471 10
201 395 1
207 279 13
33 104 15
39 266 1
310 460 158
27 320 4
60 203 19
286 399 8
228 345 9
198 374 102
277 470 10
313 357 11
205 244 184
39 556 14
359 393 12
161 268 50
159 502 82
26 125 8
105 435 4
123 552 10
53 121 9
302 392 16
309 520 18
30 440 109
9 58 14
159 456 163
47 77 7
333 528 9
315 460 8
166 361 5
112 124 19
98 136 200
465 547 2
265 458 153
291 461 10
36 109 19
160 281 6
134 264 5
138 477 20
4 527 8
2 78 4
321 500 7
402 444 46
306 332 16
287 348 3
26 431 10
61 177 4
283 497 29
274 510 16
157 544 16
391 553 1
367 511 19
45 341 144
28 255 18
94 353 53
50 461 9
205 421 5
7 555 162
468 527 11
62 162 10
126 300 175
319 352 127
301 372 19
112 390 178
218 483 5
50 527 253
160 474 16
292 556 8
46 387 16
168 310 14
184 405 20
123 151 14
26 528 10
0 103 161
74 350 162
24 540 18
182 278 6
3 233 19
503 556 1
322 430 113
378 450 13
408 473 13
444 482 11
78 180 13
298 401 13
211 270 173
161 413 17
65 249 2
107 230 182
102 210 15
246 305 17
257 373 18
422 449 18
239 254 1
133 372 5
256 486 9
87 168 20
205 392 96
44 548 418
3 534 19
52 453 14
29 236 3
55 521 15
120 361 137
96 135 9
60 453 38
342 463 44
134 267 60
258 522 13
204 523 2
155 183 94
154 395 10
532 556 7
130 426 2
83 106 10
156 503 3
24 474 67
199 482 15
370 485 150
125 129 1
0 211 19
19 442 16
170 410 9
438 483 13
102 278 9
0 78 96
29 312 18
270 451 596
350 477 57
9 434 2
125 528 8
132 506 15
193 445 28
220 506 98
109 299 17
67 239 9
43 462 5
136 555 1
151 203 6
73 154 14
119 319 994
41 92 189
134 387 5
186 414 61
201 293 8
6 430 10
26 306 1
27 236 158
467 508 18
231 525 12
7 269 14
162 508 2
282 367 156
8 211 18
97 490 17
29 521 2
335 532 8
40 289 16
112 199 4
16 51 2
331 333 4
36 453 365
52 266 15
266 298 11
297 345 6
300 375 17
151 348 15
83 549 15
190 528 179
45 153 12
8 35 164
464 501 6
11 328 19
40 300 1
331 503 32
343 391 43
300 336 97
534 540 2
298 383 8
113 186 5
133 304 18
76 488 17
147 265 14
104 229 7
181 544 9
231 325 16
81 134 142
108 365 2
320 321 7
368 372 25
344 393 8
24 195 10
134 427 20
399 485 11
203 260 18
107 372 19
49 261 3
43 502 18
297 371 6
159 254 10
259 527 200
45 323 11
287 454 8
131 466 8
403 424 5
253 502 15
345 508 12
20 79 21
279 356 158
26 212 198
216 521 17
107 259 12
367 479 4
18 506 6
167 217 3
76 447 8
300 368 17
364 512 10
48 296 9
182 259 6
112 418 19
373 444 11
361 442 11
495 522 19
325 349 17
480 484 16
371 541 8
11 278 18
43 413 8
235 239 5
424 465 110
78 156 109
39 541 20
144 524 24
146 230 18
234 527 8
473 548 8
324 413 68
219 324 16
91 179 17
313 367 9
239 267 158
61 409 8
125 248 10
467 479 4
338 534 13
192 404 194
210 503 7
205 361 5
349 385 15
31 239 20
426 449 12
131 292 6
174 543 14
438 547 7
10 167 7
99 245 156
114 127 176
90 243 15
162 401 7
41 129 4
229 361 5
245 299 19
207 486 50
14 224 3
236 387 13
21 59 12
321 382 6
15 365 505
80 124 8
98 229 5
1 122 94
108 350 56
189 296 9
442 483 12
17 31 59
86 183 17
104 393 13
302 319 6
39 197 15
209 262 157
348 523 13
43 512 20
125 453 20
57 520 356
191 241 11
16 419 6
375 475 1
155 274 7
134 335 10
122 298 12
419 512 12
272 440 9
135 207 19
338 390 12
221 323 9
60 351 2
22 538 6
126 176 15
3 511 19
180 363 15
289 472 15
67 332 20
181 362 14
307 376 4
121 265 12
397 523 4
39 223 20
90 533 115
60 217 1
287 293 12
171 502 8
207 289 177
15 277 7
20 50 16
172 226 130
199 469 14
297 401 11
8 260 14
142 482 1
26 524 188
98 166 17
5 359 107
217 543 7
23 139 20
338 454 18
175 308 62
92 520 9
209 552 141
220 423 5
72 133 96
245 350 9
121 469 16
222 339 5
322 549 14
120 230 4
39 221 3
35 370 6
152 451 171
112 442 20
78 534 17
199 303 13
290 541 1
208 447 17
153 546 18
209 505 1
174 552 8
61 233 38
53 370 13
39 290 18
201 440 4
94 295 7
235 513 1
14 150 7
158 189 10
299 517 57
111 313 1
21 158 5
185 196 18
418 464 5
334 394 2
104 367 18
86 344 1
117 510 18
184 375 13
290 313 148
192 223 879
27 93 13
85 499 98
384 494 10
47 348 17
262 358 8
217 542 1
315 322 12
57 177 149
234 473 11
218 228 11
255 321 12
239 293 7
0 532 176
289 458 5
174 405 62
112 139 185
197 409 1
339 341 10
237 474 14
138 417 12
516 538 18
241 405 78
21 83 7
106 406 12
323 473 20
132 227 47
68 219 14
509 547 11
129 553 18
445 550 12
22 331 1
100 328 12
112 254 8
20 434 16
361 488 16
291 336 87
138 241 16
233 536 15
155 469 5
177 223 928
95 319 17
456 496 19
46 313 7
64 253 4
132 432 53
34 442 57
396 416 2
83 511 8
5 279 1
177 299 20
18 193 16
397 456 20
287 541 10
212 305 138
233 494 10
80 455 13
290 452 8
199 486 12
400 514 15
248 379 14
264 427 183
66 482 16
172 444 12
8 93 1
361 453 8
340 387 8
287 495 19
119 550 6
43 180 12
251 411 11
493 498 2
388 536 138
82 179 18
308 549 16
257 413 19
52 532 185
173 440 11
73 469 6
393 493 9
24 47 2
370 477 6
239 281 194
161 470 143
199 435 20
137 425 3
418 454 19
409 522 6
110 338 12
261 424 19
12 291 10
324 385 2
22 442 18
62 128 5
199 411 14
1 155 16
83 553 1
135 260 9
89 182 2
28 541 8
242 510 9
51 95 1
250 523 1
88 331 10
272 346 8
160 391 17
176 523 15
184 209 7
114 442 537
8 238 144
89 387 17
214 549 1
360 499 106
19 39 47
125 415 844
288 527 195
292 542 10
225 249 6
101 169 124
169 194 2
64 509 12
230 265 15
263 544 9
33 171 9
273 488 14
367 463 11
203 419 7
223 438 17
65 498 7
193 392 3
73 155 8
213 420 7
29 65 10
197 228 8
13 301 17
256 396 12
182 388 20
65 492 16
329 464 78
183 328 6
456 479 14
229 442 15
85 87 18
372 494 14
195 214 5
73 95 17
89 398 7
16 210 6
43 78 11
290 320 19
332 517 20
36 114 11
107 349 9
205 469 16
43 324 120
20 417 168
401 440 14
46 138 2
330 528 123
259 382 14
33 236 2
331 468 7
9 343 18
232 556 7
207 426 9
545 556 10
135 472 25
236 503 30
39 190 8
100 377 14
259 345 93
228 243 16
175 480 16
36 241 14
528 546 13
0 36 10
243 314 109
35 98 469
352 415 180
401 451 9
165 191 9
148 163 8
95 445 6
35 260 809
56 306 10
322 434 2
105 219 5
138 305 8
105 173 5
142 244 18
244 297 2
111 331 13
24 33 14
165 445 193
78 324 16
203 328 81
148 388 52
111 477 17
124 256 14
201 421 14
217 266 11
114 526 15
313 331 16
57 303 2
9 134 9
24 523 8
33 47 122
175 243 11
55 298 18
292 473 8
258 365 12
313 530 17
163 250 8
412 417 8
176 390 13
63 158 3
212 374 15
146 240 7
257 401 16
320 365 12
112 335 148
4 288 30
393 506 15
391 441 5
182 243 18
310 348 16
89 167 3
359 440 8
76 237 11
481 488 20
328 540 71
172 264 86
142 291 8
45 93 37
29 496 5
66 307 1
98 178 19
387 458 396
49 143 18
390 526 38
229 453 3
18 200 16
279 378 11
64 498 149
277 366 12
217 270 187
322 346 1
117 442 4
132 548 12
448 470 15
174 402 18
62 501 8
389 488 1
35 530 2
75 305 18
23 375 17
86 210 35
263 365 18
255 485 4
288 412 15
1 469 12
135 288 3
244 539 9
104 386 133
238 269 100
200 408 20
436 445 19
58 494 1
339 505 8
224 377 17
43 365 1
105 279 19
50 544 4
153 290 106
306 487 8
206 242 20
162 492 7
69 371 4
233 335 16
129 481 14
9 493 5
313 405 6
93 497 10
114 418 120
59 123 10
332 337 14
12 463 18
14 316 13
311 483 9
90 113 4
208 483 14
184 335 9
195 462 14
229 372 12
246 554 6
339 353 69
362 556 3
161 277 3
2 69 10
197 257 4
197 223 184
118 321 13
456 484 16
117 421 20
422 499 12
70 105 167
75 315 9
28 474 10
224 449 20
23 501 15
147 428 15
24 434 7
166 404 4
252 511 17
203 253 2
319 509 9
411 462 7
80 350 1
73 168 7
381 444 179
84 468 4
90 464 12
108 293 8
27 513 61
300 381 5
268 352 12
416 514 8
114 365 4
229 507 18
177 280 13
432 535 102
285 479 10
271 556 663
65 331 47
201 320 152
110 534 17
361 522 4
410 553 2
231 550 9
247 385 13
9 233 15
231 459 17
40 461 159
328 413 17
312 329 2
325 410 18
321 418 11
98 420 14
178 415 14
359 491 16
119 212 5
17 461 6
77 477 6
247 432 1
290 377 1
435 547 10
19 192 156
5 310 10
15 466 15
36 176 17
73 403 14
184 233 11
126 335 1
1 228 111
325 464 10
265 269 1
66 448 18
315 548 3
82 164 12
458 469 177
229 527 25
9 77 143
321 362 1
166 509 45
43 241 2
133 199 18
261 431 4
211 448 2
101 116 11
327 401 16
156 507 19
250 312 39
141 518 9
129 183 6
464 474 19
506 548 65
13 180 16
358 504 19
64 414 133
231 267 2
366 452 131
29 375 14
165 435 46
238 302 19
208 536 166
298 304 18
335 381 7
306 399 69
501 552 10
1 193 4
27 198 1
189 550 120
226 505 20
52 536 14
104 164 8
68 447 13
72 474 10
65 159 18
305 456 9
437 527 8
138 288 17
166 420 24
57 261 15
422 459 5
95 273 1
78 160 9
175 388 18
278 294 18
71 160 6
356 402 16
24 329 14
330 491 16
292 434 507
305 486 7
171 320 1
116 511 8
53 311 18
48 531 8
199 261 19
35 89 1
46 103 192
203 519 6
332 521 15
1 312 53
448 540 16
154 457 18
26 313 14
45 497 13
45 152 5
46 290 8
300 420 73
39 107 20
77 437 20
189 211 33
117 489 13
112 553 38
11 177 8
400 543 112
124 128 12
196 213 18
300 400 1
315 481 200
74 431 8
42 173 8
233 368 14
366 495 13
332 459 1
43 161 20
213 507 13
208 326 123
35 176 145
345 410 16
192 294 6
439 488 166
97 434 15
215 314 9
46 525 2
35 210 10
311 462 10
156 303 17
220 385 76
205 536 2
8 232 3
72 131 95
440 527 17
103 363 17
153 209 9
451 513 14
12 266 11
24 236 128
58 313 15
377 426 13
77 171 19
12 84 9
168 449 3
134 348 143
134 200 20
40 96 11
395 459 16
180 324 7
154 228 7
139 453 15
145 443 10
457 515 19
49 554 7
533 549 7
480 510 3
234 507 8
44 542 13
138 192 19
16 434 13
61 335 7
434 477 4
135 481 61
76 161 5
84 128 16
126 345 3
160 324 2
164 369 15
422 554 636
65 386 4
112 501 18
160 418 148
157 344 14
479 537 20
110 215 7
53 344 166
176 488 11
401 523 199
169 212 19
225 264 132
320 464 16
176 526 8
194 545 143
162 251 5
236 418 143
321 407 8
287 368 9
178 208 3
237 365 2
112 114 19
481 507 1
234 446 9
25 457 16
179 413 13
184 416 12
101 179 42
172 336 19
65 103 1
110 408 20
286 303 386
42 329 8
93 444 288
208 425 18
331 496 1
417 469 9
9 109 2
193 228 743
18 446 15
305 549 2
123 407 5
177 324 1
244 363 6
363 455 1
174 532 1
372 378 5
304 385 5
242 388 3
335 344 14
92 104 2
271 322 10
80 474 18
426 459 38
263 273 19
89 418 10
40 287 6
342 346 10
39 229 12
103 242 19
295 320 15
154 413 3
253 458 14
176 217 29
458 472 11
48 526 3
511 518 3
45 290 20
281 361 177
250 416 9
43 470 13
63 126 115
159 312 20
82 257 19
7 497 307
210 497 92
243 419 19
318 432 5
188 386 2
35 491 3
51 351 10
3 45 17
43 319 4
381 535 15
93 378 10
76 427 9
451 506 10
16 277 20
403 499 684
79 105 65
317 483 7
85 489 20
183 289 17
234 257 3
93 167 19
310 468 6
16 503 3
68 426 46
257 323 2
180 470 1
148 325 20
355 512 5
257 298 11
207 521 15
325 371 3
98 419 13
299 533 1
137 399 142
45 496 26
113 500 84
285 541 17
26 505 8
89 98 16
245 465 19
93 518 67
47 477 8
150 179 14
240 487 7
331 492 19
109 350 10
243 369 133
41 171 3
375 421 21
256 476 13
65 290 121
237 359 18
369 517 157
137 260 11
72 464 12
40 299 18
17 533 18
498 515 9
176 400 9
43 247 17
201 259 19
148 264 17
228 266 12
159 533 102
226 433 18
74 345 13
317 367 6
14 428 16
228 403 13
325 345 16
73 207 313
296 383 1
519 529 43
241 350 13
303 420 8
74 547 12
199 282 11
212 496 3
291 554 5
65 303 2
220 412 6
337 361 14
360 379 9
39 396 6
38 482 1
210 369 1
176 543 20
89 210 19
39 205 16
55 234 5
74 102 4
70 165 10
153 477 30
345 431 105
30 104 20
27 425 1
433 502 10
308 329 5
157 453 5
27 445 1
111 459 2
71 92 2
79 323 5
293 394 5
235 275 10
131 176 5
114 403 5
207 317 16
122 266 3
360 485 2
190 414 184
127 129 12
80 459 13
167 179 12
309 547 6
329 442 36
130 501 4
364 477 5
49 417 17
312 404 3
45 492 189
31 46 153
319 547 10
96 126 13
132 186 16
60 270 17
65 423 6
176 312 19
11 231 10
154 330 1
56 195 2
35 326 162
288 391 14
55 150 6
409 504 164
372 533 4
324 536 252
366 460 12
170 391 7
412 469 13
51 105 11
167 222 19
302 361 124
39 527 7
155 430 20
172 239 14
160 490 10
201 382 146
394 420 624
153 402 11
55 401 12
131 237 7
121 205 33
427 543 5
177 493 11
237 377 1
414 476 18
97 263 133
448 483 2
28 490 17
232 296 9
47 134 18
209 335 16
61 351 193
147 207 2
147 230 9
14 310 1
27 202 126
262 426 9
59 288 10
434 541 20
183 282 10
298 323 20
6 110 3
77 240 5
131 160 12
25 152 3
148 553 597
389 466 1
44 379 825
315 492 17
121 464 10
7 42 7
9 24 10
420 431 6
90 408 16
152 393 19
462 530 188
238 433 19
37 184 191
363 378 211
0 450 15
226 496 5
63 162 23
131 418 21
143 157 15
242 504 10
103 384 13
542 556 18
205 274 3
500 542 7
15 424 12
109 141 460
32 276 12
458 484 3
221 526 3
26 496 20
81 295 13
47 481 2
29 81 28
55 342 17
292 474 162
252 534 8
20 243 15
69 158 10
176 373 16
323 451 1
167 413 18
321 464 151
173 441 5
479 506 3
26 457 10
377 554 7
255 532 16
246 352 16
288 432 16
227 360 7
3 115 164
349 462 182
390 488 16
154 212 20
290 492 13
36 148 16
401 433 11
181 528 6
433 488 5
132 211 10
324 340 19
233 242 2
142 172 20
250 292 16
186 201 16
193 399 12
11 428 20
368 377 18
18 498 17
232 502 15
351 389 13
236 488 7
180 328 4
228 408 34
67 370 15
157 451 15
285 505 8
52 146 19
160 365 39
74 95 3
201 430 12
16 167 8
52 391 12
149 261 10
101 286 69
24 506 107
229 329 4
126 336 10
125 555 17
300 367 9
333 530 16
56 170 7
332 421 9
191 276 67
226 330 16
190 328 10
230 529 17
25 372 17
303 531 111
103 502 20
84 548 164
45 350 13
153 201 12
55 212 6
381 473 4
41 321 16
362 379 14
0 342 10
114 160 182
51 455 130
39 499 6
297 487 6
35 251 5
31 347 12
14 528 19
8 269 11
247 299 5
26 106 11
323 501 19
331 505 19
180 500 5
248 528 20
389 403 5
473 537 27
24 114 9
49 199 17
225 424 18
47 193 13
103 217 9
179 321 5
470 506 2
34 348 6
280 459 5
68 521 14
400 415 11
184 344 18
166 231 19
408 440 1
193 200 2
193 487 2
166 204 10
29 315 6
114 475 60
205 376 20
0 272 8
76 216 6
372 512 3
417 458 17
355 505 251
87 144 18
292 527 4
429 494 11
60 150 17
87 529 10
16 26 12
141 539 12
70 502 37
391 470 14
287 463 9
390 530 12
240 344 4
244 293 10
321 455 20
273 543 3
302 440 2
359 478 19
170 339 20
109 335 14
215 263 16
15 114 17
0 82 17
511 548 6
35 364 15
132 511 2
194 294 91
160 413 12
361 526 6
142 157 8
86 167 14
85 252 71
212 393 11
1 211 18
434 527 20
288 297 15
185 370 101
266 345 13
0 193 14
281 452 60
218 377 15
112 261 6
202 310 185
10 159 7
59 426 18
112 229 18
323 527 14
410 504 20
420 506 15
74 509 13
225 317 193
298 555 1
266 323 3
93 260 5
71 173 16
75 291 13
284 301 7
205 265 2
178 212 2
31 289 29
173 227 10
70 540 17
391 450 127
343 447 4
448 474 166
203 530 8
477 541 10
190 423 7
69 213 13
256 535 15
62 530 16
525 537 13
316 412 9
249 448 11
22 61 5
53 74 8
238 366 784
114 229 12
343 410 4
11 515 9
39 372 20
114 488 13
334 469 10
326 554 1
456 549 23
88 532 18
166 534 8
442 526 18
214 268 570
69 190 14
181 416 1
266 440 200
232 250 14
151 492 68
155 494 49
157 479 15
95 474 655
314 332 13
193 547 14
471 478 20
10 518 186
496 505 71
72 292 1
38 464 7
107 218 18
429 496 10
299 315 81
134 303 18
62 244 14
4 368 9
130 203 37
514 543 13
106 507 11
75 424 14
174 380 50
282 457 5
478 538 1
361 390 18
391 443 15
289 469 11
281 463 4
209 323 9
411 495 6
158 328 200
319 435 1
267 348 15
114 261 15
43 363 14
73 494 13
134 413 3
332 406 14
518 543 4
34 283 5
149 401 129
381 448 15
249 255 10
21 40 688
265 361 11
50 467 18
455 506 4
49 57 4
122 165 16
43 378 9
363 440 4
119 206 4
319 395 14
352 439 17
161 523 953
124 348 3
72 522 6
35 101 13
108 210 193
15 292 17
289 417 6
299 316 17
105 201 10
57 469 11
375 427 16
208 553 14
20 117 9
148 340 7
119 509 8
59 206 171
313 533 15
142 221 9
128 386 1
290 554 10
90 461 3
153 173 7
138 153 45
108 145 5
413 528 15
24 78 3
49 443 3
184 257 20
212 270 3
109 140 8
388 481 1
197 462 5
27 193 4
264 534 17
74 251 987
348 434 9
117 507 24
378 481 6
413 505 16
21 122 6
89 151 4
289 500 9
37 98 9
26 107 19
25 129 20
32 309 9
53 298 9
377 425 7
78 332 16
183 301 851
394 419 9
354 395 15
66 247 8
111 184 14
133 213 10
205 383 15
40 426 3
8 196 4
128 501 12
335 393 9
97 339 46
154 555 1
78 137 161
113 552 18
39 399 3
287 554 20
83 442 2
372 393 82
145 262 17
175 215 7
287 377 71
214 286 1
332 474 17
178 507 35
123 286 10
164 417 14
190 506 18
213 451 16
49 112 5
32 463 8
182 249 183
42 385 19
59 88 4
169 228 20
42 320 181
342 344 13
362 434 15
169 330 18
142 295 16
329 488 10
237 464 20
190 339 5
408 539 14
242 341 13
21 219 4
6 103 8
271 538 15
225 484 9
312 526 5
275 485 16
300 540 1
6 49 13
321 406 10
71 138 197
35 419 16
250 384 9
151 167 17
232 460 13
207 384 196
77 267 2
286 556 12
160 180 1
169 512 4
413 496 8
130 435 37
57 458 176
146 520 14
114 535 13
136 309 7
402 463 147
277 456 7
266 527 197
186 477 106
148 278 504
278 439 16
174 182 516
224 551 15
123 377 135
161 190 19
87 214 20
306 507 57
133 141 9
112 407 98
285 307 7
103 549 10
2 352 11
193 435 2
287 290 4
43 95 2
246 542 4
136 521 3
99 379 9
111 210 18
134 171 16
312 430 3
285 446 68
42 140 8
33 98 6
167 209 5
98 203 112
405 482 9
174 420 1
507 555 6
98 344 1
29 292 1
327 532 6
390 422 1
369 415 4
127 478 1
305 434 12
52 430 9
160 470 4
43 362 12
222 367 7
353 415 116
204 244 19
477 496 17
64 167 7
71 250 11
7 380 18
22 422 17
99 262 17
206 334 8
212 342 17
39 156 6
342 374 8
171 268 167
124 345 15
63 124 97
202 324 7
104 415 4
105 504 3
33 453 11
213 291 16
70 211 85
36 181 6
2 415 15
383 534 8
422 506 9
11 354 19
84 290 4
49 140 8
73 510 11
194 415 193
13 281 13
369 430 17
193 319 12
23 498 12
283 457 1
108 253 12
269 454 18
112 240 6
166 381 3
277 363 16
92 96 2
241 504 61
155 189 18
261 448 17
200 552 13
216 428 8
398 427 199
346 555 3
251 330 11
126 367 189
306 417 4
98 497 140
112 122 827
15 285 7
179 373 105
112 329 20
339 359 18
96 478 11
114 447 121
369 445 18
73 463 13
8 167 10
1 408 4
540 542 18
337 357 8
160 314 8
79 512 3
119 343 15
136 532 9
70 192 4
176 420 62
298 447 11
117 272 19
189 484 8
11 75 11
496 528 1
3 37 110
74 253 19
29 408 4
90 474 9
199 446 20
189 233 9
48 438 15
45 103 14
385 505 71
116 370 16
37 309 13
187 291 12
121 361 103
193 551 5
292 460 12
190 388 3
167 497 5
111 386 19
162 352 18
50 308 8
98 400 2
136 518 81
355 501 167
386 454 7
96 269 1
118 471 27
167 469 18
237 292 20
39 124 13
115 204 5
229 488 16
267 471 11
22 503 11
90 321 121
259 556 10
248 364 10
361 414 19
67 249 198
176 370 110
106 539 1
88 508 12
95 509 19
298 440 11
48 183 1
104 538 331
65 153 11
172 534 2
47 449 17
51 144 4
15 214 2
39 40 17
324 548 10
48 275 85
166 400 20
261 469 13
372 556 19
11 370 3
261 472 3
89 376 3
279 544 153
11 70 6
193 270 23
168 404 15
55 451 3
57 151 18
483 546 2
186 500 4
73 458 14
1 517 7
102 378 17
367 407 19
416 542 3
70 311 13
215 221 13
41 219 2
127 480 15
131 481 12
125 212 15
84 543 16
69 275 129
129 322 19
36 526 16
98 403 129
110 416 20
198 327 15
320 416 12
77 342 15
102 300 6
104 305 144
367 514 20
129 385 185
346 484 8
400 534 13
46 114 697
115 196 2
159 515 16
119 279 15
310 489 11
417 453 80
65 477 5
342 465 7
167 276 10
368 416 7
67 320 4
217 228 6
372 469 9
187 451 7
184 516 9
213 527 12
90 541 5
85 170 622
161 471 7
143 234 6
176 527 35
73 121 7
495 500 180
248 359 7
89 203 180
200 202 131
98 345 2
323 401 6
9 33 9
52 245 6
284 426 13
43 277 9
61 66 4
127 238 86
117 278 5
260 263 19
207 441 6
25 226 2
399 470 106
102 504 9
324 378 3
363 395 7
77 413 121
353 528 12
212 505 182
4 236 12
34 314 107
315 464 5
109 343 781
253 417 133
185 503 8
189 205 7
93 239 11
218 372 2
377 401 6
159 397 5
325 536 7
35 272 17
198 204 15
216 556 6
413 536 13
70 200 20
429 469 8
55 383 4
135 179 31
147 490 10
114 361 15
81 199 10
153 492 19
486 531 1
3 132 1
134 436 2
247 394 19
504 548 11
273 291 6
426 434 4
95 435 9
111 153 3
130 254 3
67 237 8
141 526 3
173 282 10
126 512 15
58 489 14
190 396 16
8 284 20
246 431 135
501 539 1
99 176 16
6 534 120
341 512 17
212 370 3
180 335 17
73 177 13
62 381 67
175 290 171
281 541 38
138 339 16
233 437 18
440 553 4
162 362 13
167 203 3
34 193 14
202 319 315
63 541 8
412 507 12
52 176 2
300 534 17
175 371 8
25 341 20
367 402 164
312 442 16
101 181 135
215 354 17
26 540 20
122 530 14
303 437 17
418 449 10
121 458 185
351 445 16
36 361 136
141 438 8
220 264 153
35 200 16
70 161 118
161 432 12
32 380 856
2 471 19
57 538 19
176 407 8
290 331 16
52 387 5
352 385 5
345 543 85
155 361 18
40 276 187
218 522 12
126 420 19
469 472 8
25 239 14
363 512 166
178 443 13
36 460 74
26 228 78
195 505 258
319 484 19
232 553 19
5 269 18
344 495 5
336 504 7
246 325 17
26 180 8
47 212 18
12 310 1
407 444 13
76 500 18
8 151 19
519 528 2
120 393 18
126 184 3
43 294 11
60 483 19
61 180 15
45 111 1
215 282 10
310 515 179
527 556 6
41 524 14
48 293 11
273 537 19
22 212 1
155 265 20
329 458 17
436 443 21
374 513 22
40 541 6
364 522 8
384 402 13
200 424 119
137 275 3
235 485 2
15 72 4
187 272 4
272 508 7
263 410 16
78 161 10
356 413 19
347 370 8
112 249 12
282 469 13
320 458 85
350 491 5
425 471 146
11 460 32
95 357 11
287 508 17
345 420 16
184 521 1
87 304 18
382 420 12
9 317 168
187 436 72
212 330 1
114 394 20
204 314 18
290 368 2
341 383 19
320 335 11
64 303 16
283 428 5
3 98 13
477 492 33
80 325 11
329 390 7
204 350 7
138 496 177
189 454 1
554 556 8
103 496 19
233 547 18
156 186 11
122 400 14
242 543 17
82 303 13
112 493 8
299 504 4
257 451 319
16 86 1
314 375 131
218 455 7
144 148 15
90 163 694
513 539 10
176 431 10
402 535 15
24 267 97
194 202 2
138 393 18
26 538 8
93 210 20
105 354 13
459 492 153
129 493 14
271 327 16
139 426 17
125 505 15
21 54 13
269 320 6
178 462 16
44 329 11
157 405 19
235 295 619
94 394 18
280 454 2
218 318 8
39 191 20
164 347 19
39 463 70
8 28 2
133 418 2
410 473 19
366 410 10
303 344 11
266 451 16
224 420 19
300 466 11
426 508 3
210 387 18
74 114 12
16 89 12
48 486 144
197 237 5
281 377 13
274 456 173
225 450 4
33 324 9
35 167 13
247 350 3
5 367 11
288 468 12
128 332 15
136 246 16
54 272 67
239 381 10
270 339 9
121 447 11
137 255 20
37 277 8
261 412 7
298 412 19
176 463 172
248 294 116
16 248 6
145 466 18
54 296 8
193 335 18
273 327 140
162 188 7
253 472 13
92 354 5
348 406 12
117 340 136
51 375 16
8 347 153
331 394 1
295 449 2
229 340 4
211 502 4
261 372 3
17 79 44
21 68 154
203 408 75
109 126 17
352 353 5
40 520 69
207 410 12
179 381 6
186 412 19
303 304 33
147 498 1
12 506 11
0 243 9
71 143 8
279 460 131
228 279 6
71 321 10
22 518 8
85 263 12
309 525 6
93 419 19
190 497 13
230 348 17
308 485 15
77 408 19
229 390 9
102 233 7
140 399 1
76 129 3
107 434 122
291 484 9
134 371 19
8 72 14
157 374 16
66 117 17
457 540 18
174 327 9
8 98 5
181 453 191
76 151 167
386 413 1
494 533 651
445 547 10
233 445 9
486 533 68
8 132 17
254 415 14
114 176 13
87 125 7
13 17 20
125 536 40
422 448 19
9 267 5
290 477 7
18 491 16
306 353 74
176 292 18
96 236 17
181 328 183
409 453 18
128 300 17
63 160 199
264 463 9
322 495 4
257 440 12
121 318 4
13 202 15
422 443 16
166 367 14
130 518 20
97 517 20
62 80 5
458 478 9
278 518 7
372 555 10
236 417 7
98 362 10
116 527 160
366 501 13
82 395 19
324 328 1
17 338 20
158 556 31
357 514 2
483 527 150
35 198 4
118 341 11
85 123 1
207 236 11
215 293 148
227 269 8
39 287 2
374 481 6
215 356 95
66 136 4
375 505 19
160 363 4
220 388 17
23 242 82
292 321 16
504 514 6
425 481 15
112 458 13
326 396 15
147 397 10
109 149 8
71 534 4
20 177 10
91 484 18
262 285 13
223 511 2
85 358 8
332 451 1
125 190 17
91 556 19
112 526 12
7 183 121
49 358 7
382 431 16
218 439 3
96 283 343
204 256 28
292 352 16
9 123 9
348 475 11
71 394 18
156 364 198
59 387 2
383 397 10
139 312 5
126 514 196
28 163 12
104 183 13
214 297 15
290 340 99
329 526 17
140 504 20
3 537 197
9 508 299
49 372 197
176 534 11
166 500 12
21 266 14
327 391 61
18 305 17
111 492 5
242 361 102
92 428 11
49 65 19
149 407 17
303 479 10
394 478 10
361 469 8
158 463 7
46 111 120
451 485 7
85 428 121
320 474 15
399 502 16
23 44 17
68 337 16
27 446 4
279 333 182
350 529 12
312 322 3
259 428 11
102 267 8
74 193 9
145 457 122
428 433 11
51 360 20
39 458 3
153 313 755
299 429 163
303 413 3
91 277 2
203 350 4
4 389 14
151 245 14
93 357 8
300 543 969
145 531 2
253 412 19
455 509 11
323 408 12
160 185 18
470 550 12
372 398 18
422 537 102
94 115 16
150 348 1
246 393 5
156 438 67
151 419 5
210 308 19
434 546 20
384 481 6
389 429 11
90 494 6
227 393 11
337 362 20
103 228 7
396 506 13
399 532 5
103 447 10
166 300 5
35 86 54
233 352 6
31 391 5
18 283 47
109 347 20
208 247 16
527 555 6
178 347 1
24 534 6
284 337 77
2 473 11
152 308 14
377 422 11
21 368 17
0 80 176
281 300 3
368 528 5
11 22 2
469 494 33
198 537 6
136 251 11
75 111 195
64 250 4
59 527 7
27 352 14
1 178 107
0 189 168
54 359 13
375 377 2
320 426 11
198 521 16
19 50 2
269 380 15
37 335 3
198 430 1
192 503 16
65 321 12
193 509 19
379 498 114
262 457 12
84 244 20
164 422 86
108 522 19
137 182 20
109 184 733
262 459 18
196 413 8
313 492 5
82 225 1
276 525 1
339 475 4
298 473 10
54 550 15
279 447 11
103 116 14
503 534 2
125 329 7
298 508 4
13 354 7
76 332 19
418 425 121
169 323 14
318 453 6
268 466 11
204 377 101
98 167 16
1 458 19
207 402 171
46 364 19
149 482 17
1 205 109
102 189 47
55 408 17
109 271 1
11 491 20
218 506 1
79 344 13
49 436 19
267 359 1
139 310 1
38 323 11
274 330 173
135 459 14
113 332 3
282 381 74
164 172 16
499 542 16
180 277 9
360 541 3
441 527 11
300 554 17
111 138 2
189 266 19
125 269 14
223 324 6
242 482 75
12 346 6
208 507 181
165 551 98
358 405 7
36 139 180
87 372 16
254 429 551
27 271 10
74 275 19
112 376 47
249 335 13
3 318 14
378 545 3
457 528 2
427 469 135
416 454 150
150 198 3
58 485 7
183 391 177
482 485 8
111 290 4
77 134 18
330 358 101
69 521 17
92 331 638
204 470 4
136 319 180
33 348 5
138 290 16
25 209 1
376 427 18
278 440 104
1 492 62
298 391 12
103 243 12
81 486 153
265 274 7
123 527 46
131 240 11
282 294 8
107 292 14
71 462 19
194 474 8
9 171 15
27 380 15
97 422 59
143 302 91
4 332 9
231 506 14
146 396 197
34 280 3
325 338 19
212 457 5
301 391 7
547 551 18
196 543 13
24 105 346
541 554 100
107 130 15
156 510 10
181 267 14
132 456 17
339 347 20
98 525 38
227 394 11
207 516 4
171 348 3
524 552 8
382 466 2
104 249 20
151 430 7
244 290 10
293 333 16
342 408 10
205 494 13
497 499 14
227 325 4
305 339 10
57 289 2
168 468 15
304 526 19
71 322 7
231 310 12
84 174 1
152 256 17
296 393 6
16 423 4
342 357 18
56 248 3
451 527 8
35 190 7
227 339 136
125 450 12
15 145 13
480 519 1
350 530 130
225 476 6
487 504 96
434 449 8
109 170 3
188 306 7
114 292 9
94 251 140
398 414 12
374 452 16
125 345 15
180 458 10
19 143 14
251 417 44
196 216 180
52 171 454
16 98 7
74 551 2
282 478 1
234 440 200
98 154 12
282 477 2
321 474 10
263 462 11
154 540 145
212 528 10
350 531 3
216 423 8
400 532 171
165 319 7
342 354 95
8 437 12
37 126 15
96 303 6
275 306 17
131 471 2
403 406 190
35 361 463
176 413 9
260 419 416
335 360 15
120 295 20
60 435 14
392 492 20
216 411 6
350 521 160
103 111 142
112 472 8
145 437 6
230 502 16
123 402 9
151 225 183
132 481 4
261 330 19
371 514 3
320 443 1
77 189 20
528 540 19
215 451 9
112 289 8
86 93 2
224 442 19
234 334 10
75 497 14
52 311 7
493 512 5
46 343 176
11 81 17
291 312 1
196 493 5
55 77 20
124 190 15
105 490 11
266 373 4
119 270 3
15 142 5
125 154 169
157 330 20
86 203 17
148 500 187
410 517 10
234 266 6
479 521 965
132 303 106
7 479 11
189 285 6
352 481 19
219 326 3
52 341 17
211 217 15
286 325 112
44 349 7
1 265 7
310 533 4
36 425 4
189 243 8
292 466 96
268 407 19
300 356 17
524 528 9
0 270 14
87 465 18
130 224 20
6 145 20
212 271 16
16 203 25
335 455 6
205 508 27
15 90 122
7 532 12
223 461 132
300 541 12
349 443 5
306 536 7
326 516 24
281 287 8
3 269 18
479 511 107
177 359 11
274 319 130
52 211 106
78 432 9
75 155 1
310 333 13
57 534 1
114 390 174
485 536 2
189 274 165
445 465 13
73 361 6
132 278 13
80 379 149
453 467 3
108 168 4
263 270 2
93 416 16
295 528 94
9 100 19
277 301 3
188 460 14
415 517 16
422 437 5
257 554 5
87 264 1
81 180 8
160 504 3
299 482 8
70 135 170
340 513 9
28 300 289
128 418 7
347 460 103
27 47 3
281 333 871
134 403 10
165 172 20
25 212 13
321 526 3
143 156 18
403 429 10
50 193 10
211 515 136
374 442 15
57 428 17
66 168 20
69 91 11
185 290 14
191 352 10
279 318 123
170 471 10
176 345 5
154 528 12
291 402 20
84 353 13
112 453 4
412 472 8
109 391 3
7 169 19
368 536 167
233 489 10
87 219 188
57 472 7
211 243 8
319 555 8
109 209 14
242 427 1
151 366 170
83 394 11
226 413 101
309 463 128
91 252 19
336 447 18
373 438 9
273 538 1
254 255 147
291 495 2
59 505 8
151 497 16
226 457 188
37 220 9
337 504 10
383 421 3
77 250 1
296 509 16
198 379 102
204 205 3
127 170 3
413 545 8
230 490 7
287 458 11
198 336 10
61 417 54
123 158 2
89 267 5
404 429 3
420 547 9
129 147 18
1 266 97
166 543 19
148 268 174
36 152 939
171 236 18
22 142 69
241 310 18
248 504 1
186 209 4
174 232 574
500 552 200
356 363 4
22 326 12
265 469 15
131 414 111
305 308 20
372 527 1
160 446 928
192 429 148
236 386 2
328 432 7
87 123 1
47 111 15
199 372 8
63 141 174
48 492 19
201 426 62
293 384 316
0 266 52
241 399 146
63 72 15
26 284 11
97 407 12
45 366 14
96 370 134
402 454 19
109 490 17
360 423 8
134 434 19
51 82 15
50 261 5
250 362 20
210 490 4
160 277 12
23 103 5
358 503 14
125 330 7
34 311 151
83 470 15
170 343 9
460 548 13
144 383 7
2 434 42
412 458 64
232 273 13
71 491 7
292 372 10
158 483 10
401 527 12
84 187 8
58 325 2
3 479 6
281 366 8
313 477 1
233 472 12
221 241 13
459 547 124
235 444 11
45 334 17
26 248 48
16 61 19
89 238 12
35 203 18
9 236 151
236 423 343
27 452 12
117 165 10
69 93 12
234 492 588
36 329 8
418 474 7
192 496 5
266 472 138
446 510 12
334 377 17
95 219 19
391 410 10
182 548 2
198 417 175
2 157 14
46 176 3
229 446 13
519 527 11
447 487 8
285 304 14
181 470 4
254 321 11
368 463 11
59 454 2
209 518 18
306 393 1
464 509 157
49 538 9
20 548 9
126 401 9
494 523 645
121 147 13
437 528 152
218 396 8
276 531 100
110 356 13
133 189 5
32 417 4
37 209 2
367 373 8
107 176 2
314 481 6
138 525 20
189 304 146
161 180 122
167 210 5
109 121 14
180 290 20
82 310 1
35 113 7
397 413 16
256 428 11
418 451 18
141 275 4
117 380 10
173 520 7
112 437 17
24 147 8
250 522 19
22 302 1
83 348 18
161 363 19
326 387 13
58 278 5
36 390 19
382 517 3
212 497 3
79 227 11
292 426 75
120 309 9
331 370 7
262 318 8
486 490 7
98 151 4
347 413 8
5 41 163
102 355 7
249 265 19
35 293 3
0 218 16
151 286 13
299 432 14
243 266 168
9 501 177
17 458 13
168 246 195
74 355 6
260 542 3
72 345 10
75 240 15
14 368 1
9 56 79
55 266 5
469 510 23
401 408 15
46 479 19
253 297 9
96 281 12
114 464 12
63 539 8
159 414 7
100 493 11
232 375 16
225 420 9
389 450 6
187 405 9
201 481 19
306 410 622
15 533 176
131 474 19
100 240 19
173 390 8
378 534 4
291 547 16
14 500 14
123 466 6
396 503 19
190 309 16
152 370 15
395 415 12
55 489 76
114 339 17
66 270 2
380 421 115
319 340 1
73 265 7
474 510 5
38 315 15
25 528 16
165 231 19
289 442 147
445 551 983
343 478 15
300 377 11
423 537 17
9 356 4
396 548 14
238 413 3
180 388 10
330 496 123
319 551 1
255 257 3
6 171 1
40 212 6
351 527 24
3 324 14
98 499 9
357 377 188
74 98 13
189 307 154
37 109 20
360 366 17
125 143 7
160 161 14
327 336 14
14 395 18
48 125 15
338 423 27
2 325 6
55 257 68
121 342 180
38 263 4
101 464 17
292 464 167
255 552 11
253 469 2
138 379 20
66 475 7
33 267 15
96 357 13
413 540 16
132 532 197
40 367 734
244 445 9
451 473 165
282 470 6
58 454 189
424 461 16
81 197 4
83 405 16
361 458 4
125 457 18
51 299 19
114 256 5
420 502 3
165 436 1
153 213 20
90 252 166
286 546 538
432 543 8
33 477 6
73 374 11
386 486 9
256 488 18
47 434 134
251 440 16
214 461 19
39 368 1
69 139 352
145 330 61
155 205 12
52 415 16
232 362 114
1 238 12
320 489 36
109 485 87
35 93 20
49 253 7
426 495 11
95 233 20
66 513 2
253 372 18
36 347 8
474 520 17
438 533 8
228 242 10
74 445 9
29 479 20
183 368 17
491 500 14
95 211 16
114 329 124
344 409 11
332 526 99
487 505 10
339 477 36
56 495 20
7 373 14
199 458 8
33 374 10
257 507 19
376 553 19
87 320 120
109 261 70
201 541 13
244 544 10
199 283 24
139 390 17
171 272 14
142 384 422
106 296 19
226 474 6
156 505 168
244 382 2
398 507 12
9 391 15
53 160 3
11 485 192
250 363 20
129 304 2
458 495 2
10 253 19
119 449 3
259 400 117
65 111 4
122 186 5
6 380 17
74 165 12
124 347 18
123 380 17
377 527 20
240 397 10
403 404 20
49 469 99
189 483 13
160 321 11
195 550 9
252 518 13
48 366 3
58 290 3
176 372 8
74 233 8
86 348 69
142 491 8
99 527 20
109 410 44
26 194 3
125 496 31
253 304 4
21 24 18
176 336 20
290 374 13
8 210 17
170 314 169
283 549 15
405 427 3
163 508 58
267 434 4
49 472 3
8 497 6
222 442 35
8 86 3
187 263 7
232 308 10
64 541 16
400 420 11
276 506 15
32 292 7
6 209 198
37 528 10
440 539 14
108 256 14
445 447 1
78 505 44
122 335 7
303 448 11
419 497 11
56 526 145
199 253 610
388 423 27
0 1 12
230 352 9
385 501 13
165 527 11
318 518 87
55 323 4
123 147 17
32 254 12
263 425 16
256 276 2
445 548 2
96 251 169
37 165 11
263 322 2
119 360 13
43 328 12
138 371 14
388 474 13
16 101 99
2 504 13
121 510 121
10 268 11
10 274 77
154 380 7
74 218 2
312 497 10
47 253 2
259 552 20
95 165 20
72 365 17
27 423 8
447 513 20
197 452 14
64 112 9
17 25 14
345 347 11
109 178 15
11 226 5
78 267 13
77 434 19
112 372 4
350 487 8
382 481 154
270 527 9
77 217 18
73 325 4
200 362 92
237 321 15
63 229 2
403 457 5
363 413 16
1 521 304
253 261 15
112 176 666
314 474 15
367 543 9
55 154 13
125 361 17
199 257 18
2 129 19
80 212 20
63 434 35
214 313 61
78 462 12
135 286 48
151 210 1
299 441 5
167 513 15
152 347 545
172 247 47
61 137 1
149 454 9
48 542 9
139 329 42
369 372 17
72 420 44
64 242 16
180 228 123
462 473 8
372 417 136
114 321 13
251 282 6
57 199 13
7 360 16
245 387 131
243 354 13
442 453 4
238 305 68
382 510 2
100 408 3
199 363 26
95 193 2
1 293 10
378 413 10
234 386 419
73 319 167
187 432 14
456 498 18
365 459 11
326 343 12
137 485 2
205 510 8
14 555 15
236 348 26
108 224 16
126 431 18
218 271 18
85 447 1
100 506 9
76 508 15
228 439 243
49 412 17
117 238 75
139 469 3
229 556 5
274 393 154
375 428 4
204 504 7
456 490 5
320 477 3
267 477 8
323 389 35
196 269 6
357 499 8
39 281 18
40 531 9
154 496 4
191 451 1
118 479 14
32 209 4
323 457 7
77 315 15
189 494 9
121 216 10
166 176 289
92 116 16
22 164 15
340 541 9
73 441 18
19 441 10
351 473 20
108 238 4
335 555 3
293 470 163
334 442 16
9 540 170
174 461 930
122 492 9
251 540 14
287 496 13
90 553 8
13 476 7
217 554 98
274 458 19
335 425 17
440 529 12
415 479 76
250 492 3
40 353 6
32 196 312
146 236 12
156 500 90
453 488 18
142 467 50
67 421 85
47 307 13
119 201 13
270 403 16
191 244 82
90 131 18
75 463 15
172 342 87
236 452 10
324 363 5
75 285 15
103 138 37
191 458 11
57 112 17
127 163 8
312 361 18
65 306 10
114 391 13
112 469 6
37 397 16
68 433 133
340 479 8
100 425 1
123 299 7
36 112 10
83 491 171
205 434 8
401 456 13
277 378 3
236 383 18
65 472 11
94 327 101
160 289 1
323 500 8
288 459 15
192 366 73
101 148 3
35 354 19
106 224 12
192 303 14
121 494 183
83 282 60
232 347 6
77 236 1
386 552 17
431 534 7
306 433 32
192 292 7
123 375 3
131 226 7
377 419 2
202 366 4
342 456 13
549 555 59
176 229 4
208 524 20
317 401 6
189 458 154
148 253 13
31 486 7
114 312 15
300 556 11
21 37 191
10 368 100
164 366 12
396 447 67
40 368 14
143 467 10
5 226 9
95 204 15
367 383 4
124 374 19
257 349 15
431 543 111
239 551 2
149 391 19
52 376 8
220 498 15
191 202 5
144 158 147
63 502 13
347 537 4
45 313 15
379 551 3
