413 3583 4
40 135 97
223 238 15
38 123 10
30 223 1
163 322 6
58 264 5
63 160 13
323 363 16
44 338 50
301 305 3
42 49 5
107 186 10
79 337 20
251 407 3
79 395 3
17 268 16
346 410 13
33 60 2
120 279 13
138 269 79
105 255 4
156 399 2
302 327 6
117 361 5
71 189 20
63 154 18
326 367 7
136 356 398
98 404 18
63 193 6
44 354 13
160 366 2
277 366 11
274 296 7
116 215 88
209 405 17
70 233 18
109 268 6
254 373 9
14 314 2
30 378 17
38 342 19
164 192 19
207 261 1
315 357 142
18 218 15
331 355 17
31 353 106
8 15 8
254 374 20
26 264 198
332 364 19
8 412 10
73 201 8
139 337 14
56 393 4
34 153 16
249 336 14
79 128 29
310 410 6
44 325 380
66 357 16
373 393 9
23 251 7
109 231 51
39 185 116
145 228 13
318 383 120
107 392 7
134 396 78
48 107 88
81 320 12
71 398 5
42 291 19
251 337 16
6 92 5
90 172 72
245 279 2
34 320 7
64 190 20
140 302 7
206 256 16
219 243 18
279 337 1
75 325 14
145 373 105
133 326 4
138 151 5
197 293 24
155 332 16
107 156 6
150 274 7
40 120 165
26 103 11
16 399 20
235 369 196
278 387 11
25 325 8
370 409 151
84 278 3
249 282 4
114 287 17
63 317 15
23 352 14
110 237 12
166 390 10
118 310 13
24 222 20
202 348 2
200 315 3
148 221 4
69 220 2
125 217 15
109 139 93
264 280 12
2 32 3
62 278 14
135 200 17
67 275 2
151 192 14
23 187 12
62 97 4
67 270 5
145 266 17
7 103 3
134 307 143
279 371 6
103 388 17
209 375 5
16 262 16
35 155 15
3 264 3
123 240 13
91 360 10
173 239 8
40 156 14
95 337 1
265 275 2
256 349 6
229 309 11
306 410 14
16 21 1
8 407 14
217 339 18
51 77 7
172 214 9
249 291 16
26 399 19
131 398 1
39 171 1
113 262 16
158 295 9
44 153 6
267 358 184
165 218 14
193 200 12
89 247 10
57 185 15
65 257 4
293 367 5
292 305 19
258 346 152
42 255 68
64 318 3
39 242 13
38 337 3
127 295 13
223 280 2
355 380 9
131 155 1
110 378 5
9 172 10
1 107 6
88 141 18
157 320 16
343 398 147
147 237 8
27 173 1
109 181 10
42 59 7
143 333 17
63 360 174
23 200 20
182 300 10
35 371 394
78 371 17
307 411 13
300 315 13
36 411 10
92 156 7
158 244 9
105 356 5
343 399 2
209 210 17
154 295 1
188 321 12
374 378 10
270 392 9
126 210 7
73 265 11
229 236 8
167 408 18
153 189 1
237 354 173
264 315 8
127 258 14
48 194 11
242 301 157
169 349 17
301 338 6
7 23 7
156 345 6
271 284 17
233 358 5
201 338 139
160 209 20
113 243 20
122 282 12
156 402 126
107 286 20
61 327 16
41 313 10
42 275 18
54 243 66
48 365 19
7 223 209
200 378 190
1 66 17
280 298 147
173 377 123
303 362 5
3 180 9
212 403 15
19 249 9
275 383 13
73 410 3
171 195 16
27 333 13
357 399 5
47 98 10
68 339 173
82 180 21
210 305 12
79 154 4
167 251 1
315 412 14
125 146 8
255 273 14
31 396 102
319 411 12
133 245 18
2 378 2
65 261 152
151 401 11
89 105 13
23 193 18
14 253 1
5 314 16
40 310 12
83 386 1
5 239 3
273 371 8
309 375 4
3 63 11
136 362 15
25 249 14
154 381 8
211 292 3
351 395 2
247 384 17
2 165 13
358 409 18
1 251 66
50 296 5
358 387 531
11 200 20
39 251 14
246 407 135
139 310 199
8 217 10
127 209 10
99 214 14
217 337 10
109 249 17
99 378 57
5 258 10
164 186 5
19 215 4
61 86 14
171 280 30
147 290 9
275 311 13
237 262 10
196 274 1
210 255 2
251 350 16
22 106 18
69 279 5
154 279 172
181 389 16
19 156 19
86 368 3
43 128 17
361 399 16
267 280 169
52 228 4
136 331 4
245 278 16
196 378 2
65 338 7
232 343 15
128 388 82
62 145 2
142 375 87
276 354 1
131 276 2
129 165 1
237 293 13
259 372 16
102 337 16
58 221 11
141 343 6
171 355 12
79 82 20
78 95 16
227 329 107
381 385 6
297 328 4
185 383 1
381 392 8
107 140 7
294 367 107
74 289 16
98 292 12
128 152 3
295 402 8
62 193 2
160 309 1
144 353 20
34 357 14
129 188 58
143 296 20
124 344 18
251 355 148
302 398 8
8 240 8
49 218 19
105 260 2
54 177 6
120 386 16
8 221 6
120 221 6
117 174 8
370 387 13
32 132 8
127 225 18
35 62 1
327 358 13
166 361 15
18 287 12
26 209 15
387 399 6
68 392 16
100 375 6
81 316 19
119 196 13
49 115 5
177 376 15
43 250 168
77 365 9
27 78 2
6 336 15
5 236 64
140 196 1
265 314 11
66 87 11
224 380 16
48 335 7
96 398 11
62 214 2
300 302 1
115 206 2
60 377 17
158 406 20
273 294 135
114 199 10
164 293 4
228 275 378
189 267 186
9 242 76
148 341 3
388 406 10
51 301 200
39 301 12
190 400 11
189 388 3
248 294 1
17 109 7
109 405 191
2 308 17
249 372 11
75 251 689
189 200 8
191 212 6
267 310 18
57 111 10
27 89 6
115 169 10
135 364 10
13 160 17
69 392 16
40 62 16
27 179 4
10 143 11
151 355 11
32 56 14
94 252 3
131 159 12
258 400 16
112 253 40
370 399 12
201 220 4
344 375 10
211 392 13
267 286 8
3 59 18
208 245 15
61 272 3
11 188 18
183 229 123
215 276 19
283 337 2
42 410 4
154 205 41
64 373 313
62 94 18
67 163 18
117 328 10
22 120 100
128 139 5
172 247 200
60 374 9
114 263 8
34 287 11
68 78 1
225 358 12
31 144 6
31 134 56
120 184 13
267 389 4
39 316 20
30 320 20
52 350 10
65 154 5
69 82 11
146 229 19
114 320 9
212 341 44
400 411 4
145 280 10
52 133 14
32 120 4
20 130 11
120 214 18
261 321 13
146 250 159
266 305 12
219 356 145
126 162 14
252 383 12
289 353 8
303 330 118
127 410 3
105 247 16
20 68 96
20 190 14
51 161 18
162 271 9
62 287 3
54 315 10
200 207 10
57 244 1
42 347 8
113 205 15
180 221 16
33 95 5
31 215 19
35 39 3
332 392 17
23 59 2
26 63 160
117 366 17
89 123 300
128 274 9
174 199 2
34 394 1
28 345 172
47 332 971
146 370 6
7 36 13
2 29 2
111 411 17
60 341 14
123 308 7
11 160 20
2 297 16
29 205 674
178 349 6
33 70 8
82 383 9
23 128 13
32 381 20
50 195 64
165 376 149
40 387 4
30 116 162
95 314 7
1 43 3
133 233 6
105 405 12
84 182 9
26 372 6
138 325 945
205 258 2
229 243 17
104 410 20
227 265 4
153 204 18
373 408 9
170 231 50
97 398 12
123 352 3
54 247 28
229 409 19
60 183 6
30 38 13
194 371 7
137 392 59
3 304 10
124 385 145
12 361 17
337 378 13
116 177 16
70 157 14
143 168 10
19 403 1
103 303 40
189 204 12
10 161 196
90 173 1
296 388 10
358 393 13
78 394 17
6 349 1
149 404 12
231 361 14
215 247 8
1 403 140
268 343 465
8 14 44
24 285 6
146 351 8
300 349 7
38 216 6
18 380 18
3 289 16
54 109 17
80 116 15
142 166 131
32 174 197
12 39 10
17 290 16
80 339 16
82 392 6
120 332 19
277 315 18
53 378 1
133 362 5
8 134 15
55 109 18
4 242 5
31 265 6
139 178 7
309 364 19
301 371 3
90 179 1
140 317 1
31 329 90
287 295 5
135 317 11
62 134 13
121 390 6
31 35 19
172 188 4
231 311 9
82 338 3
276 286 103
77 372 47
242 372 8
55 234 18
226 255 114
131 301 1
143 385 10
167 170 7
117 390 135
35 302 11
94 127 85
48 70 17
115 213 58
175 291 6
53 359 12
202 305 3
138 330 130
67 291 1
105 378 42
90 239 16
40 293 2
250 337 11
140 338 4
140 399 9
43 300 17
269 329 177
175 243 18
67 348 4
162 373 7
146 247 9
190 231 20
203 258 134
46 228 1
7 110 6
8 251 4
44 112 1
75 305 20
199 357 137
266 376 1
238 385 434
116 160 2
347 407 14
145 310 4
212 238 4
43 357 3
59 119 5
171 412 2
196 320 20
66 122 15
82 99 12
62 316 9
75 208 14
124 289 7
164 284 19
26 353 2
227 309 175
231 379 9
269 401 15
319 364 13
271 287 7
239 353 4
271 282 179
26 370 2
165 277 11
157 398 4
223 255 1
107 375 13
6 358 3
63 192 19
69 235 6
161 365 2
13 97 4
96 356 38
317 329 9
301 406 16
282 328 133
120 228 20
51 232 20
91 242 13
77 243 20
89 372 4
225 246 2
183 391 16
261 305 9
163 248 5
193 272 7
2 90 18
301 311 9
124 270 105
124 138 6
112 380 12
351 386 18
215 258 19
32 398 90
175 302 14
191 270 3
176 184 287
110 143 7
213 269 191
1 337 12
316 382 11
325 373 20
8 29 4
97 253 7
44 222 178
180 181 10
240 335 10
179 264 20
155 344 19
224 374 6
197 200 16
39 406 53
178 392 11
128 247 951
209 331 1
43 173 14
83 253 99
193 388 138
183 387 79
232 297 583
36 180 17
259 384 12
95 182 3
58 240 16
116 228 18
106 352 124
123 139 4
161 212 6
117 142 18
274 410 103
264 287 9
84 144 2
58 285 347
309 344 9
251 372 6
72 399 1
211 364 18
231 395 17
209 325 10
316 388 12
247 286 922
60 241 12
96 165 214
116 297 14
19 160 13
155 242 2
92 380 2
173 278 158
130 280 2
30 95 2
79 383 112
68 96 10
148 192 107
35 238 57
323 374 102
23 167 13
296 318 9
67 265 103
162 297 10
17 136 13
294 410 14
110 228 14
112 338 16
150 192 11
138 402 117
104 235 177
148 200 61
103 223 142
260 313 1
214 279 111
154 200 4
56 397 8
212 388 7
50 352 16
155 309 14
77 210 6
1 263 17
164 370 14
106 117 5
182 356 100
77 293 19
56 155 17
280 310 14
280 409 8
62 389 6
193 260 639
112 160 12
299 338 16
29 277 11
197 219 8
111 304 15
78 368 19
7 39 8
287 310 15
135 399 2
56 248 15
30 33 6
350 351 17
98 131 79
242 406 1
173 188 199
174 327 17
140 259 9
82 173 5
23 160 115
25 92 2
201 318 1
20 372 11
298 351 168
314 336 11
115 242 3
349 378 14
117 404 3
134 207 15
117 234 7
208 301 1
275 393 16
46 286 184
44 149 3
33 349 20
145 295 124
265 362 8
107 320 3
223 371 4
90 333 91
400 405 11
225 315 89
48 139 10
212 352 20
157 392 12
202 232 88
46 229 9
35 350 14
87 170 20
158 264 15
22 36 4
43 216 9
168 311 150
167 317 16
141 151 31
2 214 11
302 364 5
11 134 23
123 336 1
90 279 18
189 222 2
267 362 17
223 310 13
42 357 18
94 113 3
222 370 124
221 342 16
34 235 16
133 388 87
20 383 10
93 144 154
196 388 10
5 331 6
81 302 20
7 146 1
26 378 158
221 319 16
29 51 13
99 338 8
182 228 13
126 250 2
185 363 13
126 266 9
30 71 2
14 110 1
42 323 10
269 333 4
77 217 14
325 327 8
10 141 2
101 400 12
115 123 8
163 366 3
227 371 7
113 220 19
19 65 19
139 201 94
6 374 102
180 398 2
377 378 10
40 145 24
126 127 20
270 386 79
32 131 37
201 208 78
150 315 80
353 394 9
322 357 89
110 126 15
83 346 10
12 270 56
366 398 6
129 343 6
38 100 5
50 180 12
130 295 7
231 387 19
189 337 7
22 347 14
40 231 11
340 388 15
139 406 9
179 333 7
53 288 10
45 409 10
265 410 19
29 213 62
90 305 17
337 407 20
96 407 145
100 281 1
96 337 15
32 255 14
124 177 103
55 262 8
41 128 45
136 216 1
68 368 16
131 328 7
123 267 6
176 209 53
148 255 18
57 355 3
304 331 18
177 403 10
217 324 3
88 116 14
375 408 28
119 182 13
207 398 13
48 209 19
184 368 20
72 402 3
77 244 9
118 202 18
135 309 169
222 296 1
216 228 9
9 65 2
299 371 7
134 402 5
231 370 14
362 404 16
26 200 10
77 220 14
160 299 108
24 201 6
134 399 15
171 377 8
23 279 176
65 388 15
108 347 726
133 341 15
169 195 17
239 334 8
212 346 6
62 273 12
98 117 7
173 319 1
330 343 16
75 399 10
120 151 5
84 291 3
82 285 18
33 93 7
32 279 9
199 227 4
81 96 15
119 390 19
36 277 12
87 329 1
23 29 11
82 295 6
169 268 19
292 295 9
351 384 10
68 123 8
37 141 195
295 336 7
91 397 66
62 157 16
240 306 9
353 396 20
307 315 8
168 294 10
30 113 10
122 191 68
133 384 17
8 338 56
200 237 433
55 58 13
82 103 80
101 398 67
279 333 2
29 107 4
290 322 7
23 406 53
71 236 13
159 187 12
129 313 17
2 383 18
70 239 8
177 281 5
101 180 943
23 63 162
76 170 719
308 396 17
65 284 13
195 272 7
240 407 7
115 249 14
47 83 166
125 204 9
157 204 12
329 353 11
51 103 11
27 243 428
87 387 8
68 226 194
38 407 107
248 356 122
199 204 10
19 80 156
34 273 10
269 356 14
48 325 11
110 159 7
190 253 15
232 384 112
58 295 2
364 408 6
297 358 182
121 275 3
91 217 132
275 381 17
17 184 6
137 222 6
58 272 17
110 331 6
184 305 8
63 297 9
174 391 20
25 355 6
31 54 13
310 320 8
154 212 20
61 350 9
86 222 897
205 285 16
99 172 29
40 317 3
327 396 16
125 331 10
26 221 113
62 298 2
220 266 15
8 337 5
27 136 15
190 309 136
63 240 18
99 291 9
227 230 5
156 222 11
56 249 6
293 381 11
295 298 12
260 388 9
201 261 18
232 307 7
240 406 16
12 30 102
229 272 14
131 194 7
99 173 2
105 220 11
27 120 4
9 184 155
84 140 9
74 295 156
107 133 15
144 298 4
8 23 3
92 350 5
118 150 43
65 171 12
98 174 9
173 214 4
32 137 130
47 123 8
197 376 13
15 122 19
102 367 5
191 407 15
111 114 6
6 379 97
59 245 16
138 320 78
81 376 14
15 182 5
56 289 58
92 285 20
134 217 8
77 251 20
102 256 16
227 340 49
100 210 4
325 375 20
72 230 5
99 233 3
42 408 10
203 394 38
135 150 5
60 137 13
375 397 15
30 346 63
32 263 7
232 283 17
26 35 9
187 286 16
301 325 4
183 370 146
1 52 19
22 318 7
97 258 5
208 348 128
208 234 2
337 408 20
98 369 14
91 108 111
18 170 8
42 63 7
22 168 3
109 234 15
26 392 13
92 157 4
114 201 78
151 282 8
63 190 3
272 393 13
319 386 9
72 155 2
42 312 5
11 19 11
86 201 17
235 334 18
133 193 20
52 130 8
210 350 2
194 394 6
77 167 10
0 210 8
187 321 20
99 279 4
38 402 19
238 373 3
227 356 85
284 314 7
117 275 8
146 222 7
181 390 15
34 375 12
107 332 139
153 251 13
239 255 6
214 391 17
195 357 11
341 375 15
96 227 7
106 368 3
116 396 12
141 406 3
77 131 1
87 370 102
213 318 13
29 336 9
179 308 1
67 298 598
116 159 12
45 71 18
239 242 17
37 383 8
25 309 8
142 204 9
17 341 2
128 160 16
156 315 5
407 412 12
27 32 1
33 315 16
193 279 18
125 346 16
172 174 2
79 345 163
109 123 8
31 116 12
144 156 6
260 286 15
56 366 36
103 293 78
25 346 114
230 368 149
230 305 14
101 261 56
219 310 19
276 409 48
68 406 1
166 210 20
225 327 157
293 355 319
207 229 9
2 41 16
198 222 113
1 330 165
99 110 11
165 280 65
173 208 163
62 321 10
184 321 111
24 348 6
183 288 18
57 406 10
4 285 12
221 297 4
55 229 147
156 363 158
128 193 42
114 118 163
221 344 828
14 41 13
43 387 3
286 396 5
162 269 12
192 368 17
372 388 115
59 128 20
61 75 19
0 157 75
337 400 79
24 257 10
139 318 195
195 402 5
37 214 18
145 214 19
62 315 20
243 252 3
214 319 8
21 348 186
23 328 6
172 410 19
86 292 15
37 41 2
134 259 68
16 19 15
26 87 126
143 272 12
25 158 12
229 317 11
267 322 165
12 219 5
67 97 513
10 28 13
81 277 15
110 305 6
27 214 80
122 166 1
128 260 5
74 111 8
65 313 11
213 251 11
8 214 173
311 405 10
386 398 9
124 334 172
3 92 12
82 102 3
82 329 3
103 261 20
74 326 15
42 53 12
120 215 16
148 388 10
35 168 20
52 110 185
225 377 979
243 376 19
66 229 435
19 103 12
86 305 8
63 359 263
245 408 16
217 354 12
28 329 14
94 273 3
53 290 8
351 393 952
30 373 14
213 374 16
77 123 3
101 135 15
168 319 6
19 97 16
132 202 15
364 375 152
66 86 352
112 367 17
136 318 19
58 397 16
109 281 10
253 379 11
83 110 15
51 202 7
280 295 46
131 218 14
38 406 4
146 315 3
259 400 7
200 320 2
53 145 3
296 345 166
172 250 6
201 241 14
86 373 3
42 266 10
84 230 10
143 274 72
96 211 7
78 191 15
194 217 20
176 400 11
90 149 18
186 326 17
74 176 16
296 332 22
211 254 1
80 296 18
95 376 13
22 407 9
75 223 363
107 254 6
52 102 15
16 76 8
331 367 1
122 322 13
22 326 10
250 381 16
128 200 3
98 211 17
47 275 11
236 392 6
75 113 94
78 365 67
294 328 168
39 205 10
85 277 54
81 182 5
292 411 45
189 351 15
31 97 10
54 376 7
229 412 169
2 319 13
123 407 12
62 295 9
31 412 9
29 194 1
337 359 155
11 215 19
301 319 168
181 285 2
105 209 102
368 370 18
62 367 7
196 361 9
252 283 18
215 393 1
44 92 191
59 279 6
96 401 10
193 353 14
68 262 15
113 215 19
41 175 14
193 355 575
12 118 5
190 387 193
188 243 101
54 186 20
98 283 55
133 395 12
41 296 11
314 319 11
54 399 16
172 308 8
82 219 7
108 189 18
29 397 15
139 247 9
99 386 90
5 178 13
223 250 18
238 310 10
26 128 13
52 89 156
99 283 4
155 207 65
178 401 190
107 109 17
236 371 3
34 363 2
59 200 1
134 344 473
199 369 20
55 233 1
50 378 5
68 408 4
186 225 9
130 345 6
135 390 171
119 128 17
24 359 3
192 312 20
147 164 7
149 371 19
205 306 10
210 238 30
205 336 75
123 218 13
61 361 10
297 411 8
77 337 15
109 232 7
80 85 11
81 356 5
338 381 1
88 180 14
67 80 13
297 404 1
109 115 14
281 390 2
22 323 19
75 135 20
168 276 1
40 159 13
209 279 3
167 328 15
150 383 17
261 353 5
307 409 903
33 268 64
14 157 81
34 311 17
199 261 4
206 340 17
316 412 20
88 274 107
261 396 10
114 258 20
239 267 4
7 18 74
82 131 17
134 353 42
274 284 1
252 255 18
375 383 16
313 340 12
76 302 11
22 354 1
25 290 16
102 324 9
40 75 15
30 79 7
376 406 11
209 327 37
230 242 14
239 290 16
106 176 13
318 324 109
29 179 7
131 238 3
5 289 9
285 355 10
171 283 3
128 223 19
57 92 4
16 271 20
63 76 7
185 260 50
109 201 17
282 412 10
142 150 11
99 179 18
76 371 16
172 333 2
252 285 84
62 310 15
60 228 17
70 195 6
99 366 9
328 340 121
69 275 13
207 386 1
338 401 6
313 328 18
321 380 1
158 224 7
96 231 6
204 234 118
38 89 191
164 396 12
145 298 12
16 387 10
114 321 1
62 216 118
134 279 12
6 357 14
77 305 5
119 148 1
294 392 13
96 123 136
234 294 11
214 351 13
264 295 81
3 369 11
60 320 5
161 316 150
336 387 9
209 296 19
6 229 173
82 125 1
26 75 13
1 343 18
38 160 10
19 87 17
32 101 92
335 391 200
110 337 17
228 383 1
137 276 10
163 255 23
149 293 1
264 347 112
74 174 12
77 407 15
161 297 13
112 279 8
166 326 18
167 202 4
204 311 6
36 97 20
142 230 182
67 138 5
54 82 7
128 390 20
54 143 19
21 375 9
32 173 15
15 47 194
233 321 3
85 106 16
237 278 15
346 367 19
32 316 10
164 337 154
21 345 12
58 195 4
63 199 52
209 328 10
54 160 1
99 385 65
38 52 4
244 352 15
40 147 8
45 72 6
35 233 125
226 373 95
168 226 10
1 104 4
235 288 113
165 226 8
61 341 12
175 221 149
94 323 2
187 412 16
325 408 8
123 405 15
70 357 6
241 270 15
46 263 6
174 339 18
174 394 3
252 265 126
59 209 2
145 254 13
160 200 194
167 256 190
269 276 8
231 386 12
173 386 12
186 312 3
171 338 16
247 373 33
302 358 643
113 367 8
61 114 128
8 167 1
186 336 9
304 363 18
209 302 9
203 261 17
40 257 12
302 325 2
15 332 14
192 275 15
52 383 2
17 82 20
149 323 11
69 261 11
221 399 19
161 300 12
184 238 12
172 173 13
54 95 7
36 114 14
283 384 17
10 339 18
19 343 144
272 376 19
128 154 17
68 240 4
140 397 17
115 270 19
102 110 15
211 268 7
288 352 4
70 278 5
143 330 168
105 204 12
120 179 16
30 337 149
72 127 1
172 234 12
247 388 5
48 364 15
8 256 136
205 406 12
98 356 10
10 165 10
148 384 44
62 130 15
147 313 700
11 371 1
61 285 17
105 290 20
129 150 15
185 286 6
64 350 20
3 268 170
172 375 18
196 380 83
276 290 13
37 346 56
279 369 3
40 72 3
129 168 6
186 354 13
82 352 1
42 317 18
184 301 16
72 406 16
113 346 13
213 321 166
36 205 17
22 265 15
95 265 12
74 322 130
195 242 1
286 322 5
49 54 17
113 223 2
10 386 15
222 360 79
16 115 1
78 265 73
59 115 7
354 379 6
232 276 661
50 316 10
124 136 5
241 366 6
103 403 13
33 260 17
149 187 12
165 370 19
298 315 4
18 370 9
167 394 13
34 67 14
205 316 166
172 398 8
66 356 12
67 212 5
327 364 8
187 254 2
175 312 12
381 395 16
302 332 12
31 364 3
239 400 20
171 406 6
210 389 15
258 269 18
211 305 6
9 95 15
54 215 3
232 375 2
229 244 11
29 333 17
358 385 19
27 66 3
20 252 14
231 323 13
217 408 16
150 268 18
316 324 20
116 134 56
62 264 12
181 252 12
65 239 12
179 330 13
235 297 3
56 365 17
19 267 15
222 387 6
105 128 15
127 358 85
228 378 13
262 321 157
264 387 20
23 296 7
151 316 5
59 266 5
201 240 6
27 386 7
87 321 11
59 225 18
87 206 18
175 397 2
76 78 14
163 368 18
113 149 8
209 236 124
19 239 16
18 326 3
38 253 136
293 327 6
168 356 9
17 234 19
0 33 18
67 295 167
42 328 5
295 310 67
172 327 18
155 234 30
26 395 20
34 93 12
28 98 4
241 410 16
9 158 9
116 362 5
78 84 8
5 353 20
30 208 20
30 265 7
237 371 12
81 152 140
134 270 13
259 309 17
80 299 18
319 399 27
52 82 1
245 333 3
122 268 1
228 337 107
227 345 1
56 309 30
72 91 108
241 275 136
144 222 11
26 245 62
38 247 15
161 310 53
7 134 883
70 324 3
40 295 18
93 288 9
123 388 2
96 189 152
38 260 13
87 185 18
88 401 20
120 264 8
30 368 17
222 268 16
189 273 8
1 113 3
47 373 141
9 85 62
9 399 196
74 298 8
28 132 11
153 408 6
57 227 10
242 396 15
137 363 7
167 192 15
17 23 15
176 316 6
128 367 19
68 182 16
255 380 18
303 409 15
26 160 10
26 340 17
40 395 11
115 147 1
199 269 15
186 362 19
120 398 15
288 325 9
178 334 20
380 396 11
200 327 6
9 108 7
85 140 18
339 410 5
266 384 1
251 305 9
78 236 631
185 356 5
55 281 9
242 356 183
33 299 93
344 388 2
1 335 12
32 248 17
69 315 1
226 376 6
316 334 18
67 93 6
279 379 59
166 346 13
7 317 18
337 406 89
261 326 19
7 80 13
16 155 124
66 196 4
198 378 14
36 69 63
184 206 7
23 407 20
217 396 5
26 279 12
57 75 5
323 388 16
87 184 1
144 405 7
104 312 2
214 287 163
150 291 12
318 359 45
184 345 14
353 366 10
99 365 8
23 123 5
229 357 17
214 231 14
253 291 20
216 256 9
205 388 6
64 294 2
135 156 18
247 406 10
77 240 5
61 365 19
60 117 17
9 228 1
173 333 130
6 180 20
279 332 1
54 256 11
248 309 89
3 109 3
186 357 14
146 342 11
223 330 9
246 277 12
193 284 4
139 404 62
26 176 137
17 30 15
222 327 8
46 358 400
88 347 20
13 64 13
30 82 13
29 121 13
104 290 19
365 368 6
143 224 11
16 87 926
75 104 13
142 195 5
101 132 12
158 315 14
318 406 48
16 254 15
119 174 964
274 361 11
294 326 5
326 405 184
317 388 12
223 276 12
94 262 194
174 361 47
60 372 12
293 388 184
24 103 1
31 237 7
306 355 15
130 240 11
96 362 12
132 297 72
185 326 345
59 101 165
90 319 11
5 31 16
46 405 15
40 215 8
8 370 14
269 399 1
212 394 258
59 190 14
189 386 11
243 344 7
181 232 4
98 402 1
288 401 20
20 294 16
61 411 2
117 287 1
172 306 20
220 276 6
44 299 7
58 335 16
63 161 5
130 186 9
98 352 4
149 212 20
135 389 2
144 301 112
42 212 1
30 379 13
52 406 20
123 361 17
176 192 8
302 373 6
90 267 19
18 28 3
284 361 11
222 311 78
81 256 30
235 260 14
268 305 5
9 306 7
13 183 43
220 304 41
236 294 48
262 293 64
61 315 17
38 121 15
325 335 167
32 121 18
187 193 17
74 380 186
280 321 15
158 267 44
295 384 19
66 188 14
109 359 19
50 410 6
17 185 12
68 355 5
129 171 21
130 374 3
99 204 6
291 408 3
107 249 14
213 348 12
127 397 8
102 378 1
67 277 14
28 257 4
280 304 15
66 346 20
288 385 6
115 373 154
80 319 9
251 399 5
185 243 185
75 231 2
88 155 8
23 240 8
8 95 15
181 395 525
171 305 9
283 364 12
309 351 3
29 358 17
41 166 8
115 304 11
98 392 6
166 177 6
93 383 43
110 134 9
34 181 113
165 312 8
25 293 2
299 337 6
76 123 7
37 186 141
1 246 7
237 315 10
222 231 17
43 86 10
116 193 215
43 354 13
54 328 7
77 408 4
23 28 5
205 408 20
327 408 12
102 228 7
193 243 10
208 253 20
104 308 11
10 149 124
53 65 20
71 300 4
117 248 23
411 412 176
132 184 13
243 301 20
120 131 147
140 161 18
40 287 13
146 400 190
5 125 93
75 171 14
23 408 15
135 183 16
31 71 14
251 287 3
198 387 18
192 268 8
118 292 5
337 383 12
94 172 153
50 363 15
23 26 131
10 381 12
165 365 13
12 402 8
56 82 12
75 222 109
71 204 7
230 234 4
151 348 23
123 289 2
262 357 7
38 105 53
156 203 20
15 125 11
203 304 12
67 368 4
7 201 20
270 359 10
11 247 13
60 154 137
126 140 8
52 123 1
84 135 183
130 287 5
287 298 2
35 59 5
113 260 182
358 368 3
45 386 183
56 315 57
64 166 1
219 407 7
271 324 3
59 66 2
11 44 139
205 386 7
199 248 3
193 245 12
63 200 11
120 128 209
204 411 9
157 187 171
32 179 19
156 370 7
70 256 16
58 173 16
404 406 14
318 397 17
59 247 16
116 353 8
282 333 9
124 305 7
88 265 1
72 321 16
24 404 7
140 261 15
217 251 7
158 287 4
34 150 10
118 300 5
72 397 8
45 132 200
61 167 190
47 355 20
24 317 6
125 239 317
145 264 15
1 319 68
93 123 5
89 334 2
242 268 20
96 406 14
287 370 14
182 327 13
177 278 6
111 273 1
30 339 3
32 99 16
165 215 8
40 130 16
373 410 16
43 237 139
272 330 12
33 123 20
5 134 13
97 180 10
51 71 11
215 288 17
13 266 1
257 292 9
20 110 7
264 267 19
99 383 20
135 396 16
171 403 17
102 114 2
61 284 18
44 168 4
200 336 145
9 159 18
227 391 26
145 325 15
23 108 9
38 351 5
69 352 46
336 376 2
93 139 17
17 409 4
180 395 4
283 342 9
30 197 3
179 386 16
43 390 123
79 93 19
88 299 18
207 217 14
39 166 14
164 386 18
28 70 291
37 227 66
106 119 5
73 275 13
67 375 8
42 43 46
39 240 1
251 261 15
209 372 2
47 214 5
84 411 3
106 156 10
79 110 156
123 406 8
6 233 18
184 396 127
141 255 2
60 61 8
119 220 12
2 241 11
68 337 4
126 196 14
29 347 3
51 286 4
63 279 18
190 209 19
379 380 5
105 123 6
221 317 19
51 164 18
162 265 12
291 398 14
278 384 19
92 144 17
27 45 19
235 257 17
211 295 17
231 399 13
44 132 7
15 378 63
24 175 7
35 181 16
90 142 1
167 411 5
107 147 13
184 411 12
172 179 113
88 190 15
310 372 8
97 197 14
284 373 16
130 310 13
133 281 2
18 330 13
22 67 8
41 108 17
125 134 90
140 191 178
4 336 20
264 389 7
146 198 13
15 314 4
302 310 13
32 90 1
253 407 16
97 190 8
120 173 6
82 175 19
249 301 8
36 255 11
163 335 19
318 387 15
89 128 18
319 406 72
40 366 11
264 310 6
119 211 83
235 337 9
24 55 1
65 92 4
75 110 9
81 410 16
163 372 4
9 96 180
295 302 8
132 233 10
49 62 6
138 217 479
373 375 1
14 203 2
120 261 4
85 171 133
27 171 13
110 254 136
38 139 8
21 50 8
160 245 10
106 331 3
260 411 4
20 353 120
193 400 1
68 405 182
170 307 20
276 337 3
84 377 20
94 299 191
100 286 20
5 363 5
49 348 19
155 161 11
12 358 10
38 128 1
128 345 3
210 251 6
94 410 13
34 73 1
33 372 2
39 352 17
19 41 12
35 293 18
160 384 4
136 328 9
6 154 2
88 361 14
71 383 7
94 124 20
330 348 6
187 201 1
156 182 13
98 262 11
120 167 162
141 194 7
345 403 10
392 403 160
213 337 68
165 300 100
155 293 196
270 407 18
9 314 200
122 305 15
79 282 6
197 294 14
75 242 3
8 179 6
231 338 10
111 234 12
110 234 12
164 393 14
129 330 12
202 223 52
57 409 19
49 262 56
15 370 6
106 232 782
257 278 2
23 217 16
135 159 18
226 369 11
181 295 78
239 388 1
56 60 12
71 403 12
255 344 18
84 330 12
34 325 14
40 264 9
302 354 371
105 406 17
4 355 2
131 358 6
26 40 9
5 81 10
135 198 8
18 358 10
151 293 15
145 315 3
122 292 172
34 392 2
127 337 7
129 412 172
34 275 10
349 370 12
124 308 18
82 258 16
267 388 14
40 171 14
52 247 20
39 324 16
136 211 8
289 359 19
88 357 20
123 132 8
105 385 9
160 215 20
265 389 11
228 283 3
37 302 5
25 142 178
30 383 17
135 297 18
135 303 17
43 389 5
244 248 9
85 142 13
103 291 2
272 279 11
173 270 110
63 272 32
128 279 147
96 98 2
48 375 11
32 386 160
50 255 10
141 287 131
146 357 36
199 205 2
14 113 54
341 411 71
333 386 122
40 79 14
183 231 18
182 387 10
27 99 166
168 234 3
206 224 14
35 63 58
160 305 19
67 172 9
46 151 131
52 260 8
40 399 64
12 315 13
238 323 5
261 306 206
242 289 15
276 380 17
78 163 3
197 305 4
75 267 11
88 307 87
176 286 73
251 406 15
55 156 10
25 367 17
239 396 15
33 53 7
71 158 17
207 363 2
201 243 7
141 250 20
8 114 4
317 369 19
167 240 14
135 222 14
94 308 3
86 391 198
199 352 833
86 282 15
129 247 18
14 161 15
53 310 11
107 152 171
23 183 2
275 329 850
92 283 169
176 318 41
73 95 3
85 369 12
188 266 86
63 364 85
1 215 3
154 160 17
156 183 56
123 228 2
65 238 19
261 339 10
97 181 131
287 315 5
266 335 103
8 194 18
9 362 15
105 392 69
130 160 349
3 202 4
19 297 11
172 386 6
49 317 19
9 50 3
58 175 10
94 400 8
40 267 19
130 257 20
115 410 11
125 353 64
90 114 11
122 395 7
91 295 168
258 264 16
136 288 14
41 364 20
278 363 15
279 319 11
73 97 4
232 412 4
78 141 19
313 383 13
297 318 10
99 345 4
160 193 12
36 223 15
236 378 124
44 209 1
50 168 2
220 245 8
152 367 22
154 340 17
194 344 11
62 267 94
27 154 68
8 190 171
32 319 7
189 233 17
228 234 187
13 142 4
79 138 4
245 272 128
122 164 16
35 195 155
141 149 10
31 343 17
168 375 9
58 210 9
223 331 20
4 34 11
181 307 10
122 250 11
135 275 11
42 230 19
252 365 17
225 357 18
227 297 10
5 257 125
181 187 981
129 378 65
32 36 15
41 352 16
81 314 7
325 326 20
10 151 18
82 157 6
134 180 7
207 338 586
11 328 17
161 377 6
110 383 7
200 245 11
99 120 19
63 242 140
61 355 20
43 113 16
60 378 12
123 251 18
27 358 14
191 293 95
140 326 15
34 265 19
36 155 18
279 327 11
142 228 9
140 361 20
173 393 48
320 375 1
154 209 4
167 213 2
389 406 1
151 206 13
78 396 2
27 384 13
63 406 9
40 280 19
6 220 4
164 294 19
286 306 10
18 226 8
24 296 166
123 128 18
212 377 9
231 303 1
132 257 3
127 243 1
96 408 9
100 296 86
12 364 18
135 362 9
48 216 10
209 384 19
135 387 14
219 223 7
80 225 590
284 287 17
52 128 14
1 176 5
251 408 4
21 318 7
183 219 14
133 401 11
90 386 831
58 111 18
120 172 11
130 267 58
12 192 15
99 337 4
110 146 83
186 257 14
354 359 84
159 301 7
138 386 14
156 198 9
145 158 15
156 251 17
53 382 20
123 167 7
16 207 18
52 265 67
16 285 11
211 327 20
150 239 85
2 27 16
34 410 85
247 260 3
58 66 7
145 267 4
250 266 4
3 76 2
178 198 16
36 366 10
152 226 6
85 88 64
171 301 96
77 96 92
113 269 20
21 104 20
152 321 184
217 240 171
302 346 9
82 337 12
139 153 69
37 395 10
107 390 18
45 209 6
57 62 3
55 254 17
27 354 13
176 182 17
92 161 4
128 245 263
213 389 13
267 287 12
282 391 8
67 410 27
194 392 17
79 228 17
56 394 18
264 316 19
105 233 3
79 239 1
26 391 6
210 326 5
357 401 8
217 406 15
59 154 11
74 268 14
92 237 9
243 378 5
188 328 17
225 318 15
192 245 2
123 408 11
146 375 18
52 107 10
131 320 17
196 295 2
8 308 163
148 407 1
154 245 15
407 408 1
161 222 10
188 237 10
163 174 2
181 337 3
116 239 3
77 292 4
18 36 9
297 391 4
68 260 11
33 113 11
80 87 7
134 261 362
208 369 14
10 83 10
171 242 20
45 222 19
78 281 11
24 313 20
10 287 7
62 271 1
107 244 18
82 182 128
3 306 2
351 405 131
142 372 9
150 340 12
261 283 66
280 315 6
80 300 8
11 384 19
26 222 4
214 386 10
173 403 18
156 202 4
330 350 9
178 218 1
89 139 16
305 405 61
193 231 47
41 118 183
364 373 3
406 408 779
73 283 3
6 50 186
2 333 13
242 251 8
24 27 3
75 198 7
1 84 2
300 336 20
158 298 8
78 327 15
160 316 17
335 387 11
168 243 12
73 195 15
89 260 322
53 315 4
88 382 14
261 403 180
87 319 5
16 92 100
82 203 19
260 339 7
72 99 13
197 321 20
31 119 1
64 148 14
354 364 5
146 188 1
68 222 15
98 289 1
81 231 14
213 298 18
52 347 13
23 209 2
315 393 71
16 204 3
250 311 12
77 261 78
32 214 20
20 183 12
308 315 138
52 99 9
75 100 13
214 310 7
197 260 4
167 217 12
40 342 2
236 272 5
65 288 16
308 389 8
102 383 133
50 198 6
8 408 13
52 378 2
292 328 4
26 156 10
275 410 18
339 390 12
193 347 179
266 380 19
365 407 6
92 280 3
39 48 20
41 276 20
137 265 59
175 211 15
47 101 189
309 368 18
108 218 13
100 168 18
62 280 12
237 274 4
63 150 20
107 189 16
106 180 79
224 330 25
57 302 15
82 333 7
190 311 2
337 357 13
131 217 7
88 253 8
6 103 14
179 279 195
167 409 159
111 337 15
93 336 7
103 321 12
15 206 7
287 340 20
131 228 104
138 400 14
21 43 15
259 335 4
328 396 68
28 116 10
218 305 3
230 354 11
105 391 19
13 40 16
41 340 18
14 230 668
154 272 20
46 386 18
75 313 1
90 214 13
131 241 11
358 363 3
112 265 14
10 331 17
332 353 15
172 319 2
286 364 1
96 143 10
98 198 2
0 73 1
187 326 141
328 337 2
30 314 8
183 248 767
96 345 18
121 155 10
59 77 11
236 381 9
46 82 16
251 354 3
6 28 17
40 198 5
106 241 1
163 350 3
180 264 19
154 193 5
147 283 7
181 382 16
362 406 144
387 411 19
54 279 19
122 329 19
240 337 9
314 391 10
52 208 12
209 272 18
8 385 91
233 270 191
89 160 16
189 365 137
189 410 4
124 357 2
26 130 167
48 224 26
26 387 79
145 283 1
46 361 17
287 356 24
130 264 15
175 318 5
45 322 8
193 262 12
320 383 101
112 141 7
117 244 13
75 310 9
234 379 6
139 270 12
164 308 199
40 308 17
145 355 3
178 298 10
137 262 14
128 209 16
226 240 12
225 259 4
78 355 44
244 408 13
48 140 10
204 350 11
303 359 11
34 242 200
69 228 17
224 298 39
279 289 43
76 147 2
40 315 274
278 369 43
233 263 181
82 110 10
300 301 12
137 211 10
36 405 10
86 387 12
187 194 3
121 318 2
186 272 19
88 103 2
6 369 15
125 232 1
102 342 16
180 248 7
166 290 188
240 251 3
10 118 19
184 287 723
50 170 142
338 349 9
327 375 17
68 346 19
63 378 123
310 409 1
134 375 16
78 274 136
257 341 12
99 102 14
148 274 9
5 396 16
135 370 11
250 310 9
135 282 165
190 306 8
27 279 3
23 104 18
250 354 20
346 358 9
79 378 50
136 203 18
75 183 5
39 342 18
5 116 16
20 172 6
234 305 17
213 381 5
8 68 6
120 276 4
219 294 4
87 378 1
26 59 43
43 254 976
81 375 6
376 398 17
344 400 6
406 407 13
31 230 14
42 270 13
96 251 6
61 180 138
146 379 19
226 280 17
2 239 19
292 398 8
8 18 12
144 367 470
177 348 5
123 217 5
232 315 13
99 225 4
130 158 9
26 313 3
130 145 11
41 343 4
116 226 12
332 409 16
107 181 20
225 332 10
39 344 18
110 282 6
13 71 13
52 388 17
209 373 6
271 325 199
48 408 10
220 239 134
15 412 3
82 326 19
191 238 7
269 339 9
39 333 63
82 228 1
21 204 532
211 312 15
288 406 416
40 371 9
237 349 2
30 99 3
132 285 5
120 207 131
150 328 4
79 183 20
281 410 5
107 264 2
106 369 526
59 406 2
17 56 197
245 257 12
49 88 7
27 207 1
180 314 10
223 358 15
94 396 9
18 178 14
158 310 4
295 315 136
102 266 17
80 348 20
75 301 22
6 264 2
123 203 14
156 231 18
198 399 18
23 245 20
139 260 12
114 351 12
91 238 16
159 329 18
120 333 2
59 160 8
270 364 16
112 402 3
125 396 18
114 170 1
38 62 12
258 263 638
183 399 19
328 404 20
105 311 12
253 287 19
71 104 7
89 388 20
119 350 9
127 409 20
109 178 3
68 217 15
260 406 16
116 384 6
170 184 14
8 96 136
91 306 192
321 361 3
154 299 19
52 79 8
158 408 171
36 64 15
15 225 4
246 410 12
80 287 49
60 84 17
91 291 9
34 310 14
128 406 15
185 402 8
111 176 7
75 239 785
206 360 42
73 341 7
40 370 4
189 255 550
86 174 18
87 228 5
299 332 2
105 228 79
134 188 1
37 200 136
242 246 1
89 230 4
24 192 14
128 325 20
205 295 98
213 373 14
77 235 8
45 356 558
80 281 2
227 256 9
170 204 13
285 341 1
73 363 17
159 162 1
22 410 7
257 303 99
75 114 11
157 210 1
32 333 13
161 168 9
71 260 17
12 374 4
63 245 5
8 24 11
19 100 2
219 325 6
31 198 7
16 321 8
37 209 19
188 289 13
249 381 4
93 304 11
69 302 9
11 26 20
139 410 18
265 327 15
258 365 2
252 357 18
38 388 6
301 310 19
267 298 14
201 352 20
145 398 20
188 298 145
142 145 4
103 337 79
107 351 41
266 397 198
96 300 136
347 348 2
23 331 9
44 331 10
324 331 11
377 392 4
109 130 14
25 79 67
175 338 8
81 217 19
74 290 19
209 245 18
173 179 13
55 123 174
80 218 10
52 139 5
90 298 15
90 120 15
348 390 106
177 314 3
70 185 3
228 406 10
293 342 4
169 262 61
327 373 18
40 222 15
27 46 11
286 363 12
142 152 6
337 399 13
2 172 17
89 406 14
168 373 18
112 300 16
33 213 5
77 391 5
54 148 8
173 316 5
241 379 3
96 218 3
197 405 161
120 387 175
110 397 6
113 378 12
123 337 12
61 224 10
215 384 10
75 406 3
160 300 2
134 239 4
6 57 7
70 246 17
319 349 5
180 274 10
27 180 15
241 392 3
45 133 5
6 134 147
264 298 3
19 192 74
28 385 16
119 372 10
2 99 5
33 137 8
280 353 14
138 277 733
103 155 170
61 211 12
59 193 2
111 380 14
203 375 3
43 153 6
146 358 141
31 224 3
15 278 90
21 76 8
79 203 14
135 352 5
93 162 21
34 185 53
378 383 6
82 378 10
71 222 9
81 265 17
15 133 5
319 362 2
303 366 835
198 344 11
82 98 186
182 286 3
37 348 95
267 268 16
85 125 20
157 358 15
13 368 1
347 389 8
307 310 7
26 198 7
113 363 19
144 209 149
330 337 20
128 272 13
82 288 17
0 101 14
96 122 9
173 204 1
87 337 148
58 94 13
99 228 14
123 260 6
13 55 3
210 273 3
164 381 13
130 298 2
275 389 23
26 183 2
83 343 16
59 62 5
57 175 9
315 407 618
12 137 14
245 407 18
14 145 10
170 208 4
91 267 7
81 150 20
233 407 10
131 344 16
263 318 17
306 386 13
48 172 1
196 210 14
380 393 657
174 336 56
94 293 14
183 259 150
16 123 7
90 317 16
245 339 10
257 347 13
30 221 14
36 250 8
64 221 220
7 368 10
12 367 114
34 312 12
290 325 6
281 358 85
191 250 14
114 343 18
50 348 4
232 334 13
116 300 194
58 348 7
75 264 8
2 179 3
65 292 8
248 256 132
303 361 7
42 403 16
171 380 61
0 396 72
23 355 16
102 139 16
173 279 18
80 106 10
7 260 2
11 38 24
101 253 16
349 379 15
368 385 12
113 341 11
3 27 43
0 375 10
116 232 9
38 208 1
51 163 7
140 257 14
48 373 18
73 121 14
202 221 33
112 346 13
63 128 16
40 183 20
51 188 15
248 346 8
36 388 15
108 244 9
105 183 13
89 281 14
133 301 5
227 357 5
176 224 4
146 243 20
26 190 9
36 273 181
55 393 15
146 281 9
123 247 2
27 193 7
47 126 105
53 97 6
53 88 14
323 365 4
131 143 16
276 306 1
86 270 3
198 231 7
201 214 4
17 255 97
51 218 20
50 404 8
66 254 10
155 258 16
148 155 152
54 384 3
228 400 14
30 78 5
119 330 8
187 255 19
319 333 9
130 404 4
0 142 20
218 335 5
229 388 4
65 76 20
153 373 37
347 376 5
103 182 4
65 265 97
178 308 150
266 308 19
234 267 14
185 329 10
31 208 19
143 376 19
285 408 13
176 228 14
98 272 52
215 349 13
146 302 15
5 180 150
26 272 545
185 230 4
22 234 14
407 411 3
170 229 16
236 393 12
26 253 11
18 95 17
329 333 517
335 353 19
236 391 625
19 302 199
202 285 15
30 228 56
211 394 825
256 347 17
30 52 153
26 135 8
58 336 25
70 177 10
249 308 11
133 173 154
114 179 18
188 344 20
154 183 387
3 298 4
15 139 71
68 176 417
205 283 92
70 329 2
102 408 5
3 337 3
233 290 16
160 279 17
183 237 10
75 193 7
242 305 189
347 391 19
296 402 20
135 231 2
274 363 120
158 319 14
199 334 14
28 251 18
52 370 20
31 125 5
249 322 20
125 246 2
85 266 4
248 281 20
181 355 8
11 230 1
122 177 15
245 391 5
271 335 13
363 403 4
267 315 174
245 350 17
29 123 18
183 198 15
32 175 3
105 139 13
83 180 10
243 320 7
79 301 76
185 209 13
122 143 8
274 315 6
114 249 65
163 338 29
80 245 6
310 315 18
155 278 14
156 288 13
75 370 19
71 165 17
50 110 9
212 329 58
204 348 4
19 183 7
75 199 18
168 259 198
17 256 7
58 267 20
127 185 6
285 324 17
9 235 15
201 368 10
362 374 149
96 124 8
3 270 15
212 227 20
31 239 1
208 406 109
10 210 6
305 406 10
2 409 5
191 283 6
92 210 158
8 359 3
27 271 15
48 302 134
52 324 6
9 238 15
182 190 16
273 358 4
62 158 17
30 139 185
109 360 13
268 274 796
48 327 2
179 260 19
59 272 11
120 319 7
290 300 10
266 319 12
230 310 12
128 299 44
41 90 7
252 310 3
224 343 926
19 141 2
286 404 11
111 393 17
234 338 1
97 351 17
242 330 11
317 348 20
92 118 19
169 284 15
33 221 13
172 185 158
286 327 17
209 408 68
106 262 8
207 404 6
233 254 13
215 248 10
222 399 7
257 327 64
70 294 10
52 337 16
11 103 9
372 376 14
158 220 10
168 308 4
101 370 3
26 193 386
179 214 14
25 235 63
162 287 3
28 168 49
150 209 13
289 397 17
345 394 161
93 131 1
24 170 10
113 201 8
104 385 10
245 312 156
220 270 14
17 370 197
75 156 8
209 364 13
97 262 6
105 246 1
68 314 1
2 331 9
78 314 11
187 317 14
200 272 729
75 387 4
58 83 6
54 60 2
109 203 14
337 404 12
18 132 16
1 128 1
167 337 14
191 241 4
13 331 13
116 126 7
31 363 7
144 381 20
34 278 20
107 218 9
238 314 16
243 408 17
188 231 11
38 271 19
1 242 16
245 369 1
2 173 12
50 218 499
19 124 20
22 34 12
53 400 8
136 332 7
225 374 20
302 408 162
116 125 82
35 145 10
298 310 3
155 292 16
150 197 12
105 388 14
5 323 11
100 169 8
132 296 3
141 278 2
194 381 14
140 406 8
145 287 5
55 381 11
31 244 5
30 238 16
5 310 14
