453 3428 5
244 415 85
273 291 2
16 410 25
26 133 5
117 203 154
119 181 4
276 414 4
76 121 18
136 253 8
216 357 8
305 326 10
75 181 171
164 277 1
257 361 6
10 267 13
37 393 18
365 376 197
87 124 14
176 283 1
62 368 19
16 422 91
162 326 4
119 358 14
53 405 17
37 80 7
262 403 6
234 367 19
121 227 44
238 350 424
69 201 35
164 386 173
254 312 9
430 445 8
420 430 5
64 181 19
49 420 10
65 197 11
76 276 6
135 353 19
56 170 5
51 268 11
73 265 4
37 158 11
131 435 14
42 214 20
7 199 18
66 276 19
6 279 158
23 235 16
42 435 5
77 353 14
88 358 5
170 257 130
101 328 96
69 142 20
148 433 7
0 220 19
356 400 6
62 172 353
178 394 13
6 50 38
278 348 2
197 382 12
240 362 8
217 448 10
246 442 20
185 343 20
197 241 16
356 396 53
138 431 1
9 239 1
53 308 16
57 433 9
344 446 3
58 231 10
170 390 78
272 292 72
102 176 7
193 225 20
48 55 56
86 151 7
91 205 285
38 425 5
12 186 193
119 391 13
24 68 14
289 359 11
103 330 8
314 410 19
108 111 13
296 423 40
382 437 3
190 325 9
364 428 197
71 250 20
134 220 105
164 259 19
231 295 9
13 23 12
1 446 19
7 196 21
53 268 7
10 351 7
7 337 17
6 287 4
34 130 5
194 330 13
102 142 13
8 70 112
49 197 16
256 410 17
100 233 1
358 404 17
5 289 3
187 263 11
57 289 12
191 382 3
101 135 233
253 445 14
64 131 19
326 364 1
162 176 9
214 341 7
117 162 17
130 211 231
47 59 19
142 393 7
81 223 17
161 325 17
289 342 10
78 214 9
134 323 15
32 437 4
16 318 7
282 349 13
150 289 14
303 384 9
139 195 135
117 229 176
82 431 186
185 256 3
100 451 10
69 386 20
20 110 1
13 116 874
84 240 14
123 315 7
5 74 12
119 423 9
132 257 20
3 28 8
48 293 13
261 318 19
200 315 35
33 82 4
107 162 3
53 209 5
180 324 4
6 170 453
63 234 19
179 284 4
206 431 185
166 196 7
62 359 139
167 273 190
114 351 12
144 242 5
214 324 12
57 118 30
28 353 3
414 421 403
84 412 57
155 314 3
71 239 5
158 163 4
52 160 5
133 149 99
0 399 18
297 349 14
80 203 18
312 359 7
215 223 8
310 353 7
254 376 59
228 386 9
342 345 18
336 411 10
132 216 96
104 305 17
250 387 3
37 325 4
92 404 12
389 422 19
6 447 20
113 233 15
196 371 17
139 142 11
122 144 5
18 391 2
352 407 4
123 293 119
75 119 98
91 135 1
202 225 10
36 304 4
50 107 5
185 443 18
203 389 6
85 228 6
285 448 123
266 399 8
62 65 2
14 221 11
148 405 10
109 303 2
55 197 13
39 248 4
22 149 5
94 286 20
94 422 2
130 249 76
277 368 14
37 223 7
46 176 20
274 355 18
126 272 13
11 328 1
49 338 19
365 383 19
244 368 13
68 424 4
199 449 14
36 41 10
81 224 7
183 436 14
174 419 11
182 205 15
55 345 16
37 78 2
272 409 153
221 431 103
115 287 19
224 397 4
62 160 19
21 386 4
269 394 5
55 418 1
377 435 5
26 229 12
197 291 82
384 393 13
367 407 190
386 448 5
30 347 7
6 40 10
182 295 20
212 422 169
96 138 15
41 320 20
40 272 10
250 337 3
213 443 5
373 402 8
223 419 3
84 160 17
199 378 7
320 447 27
257 339 6
243 340 39
228 276 17
250 358 3
330 397 150
140 228 70
102 279 14
101 315 14
40 446 7
39 123 67
26 50 16
144 284 143
16 268 9
76 228 18
169 433 94
248 293 179
404 411 14
62 382 19
144 236 13
75 412 742
296 440 16
192 268 11
44 376 17
133 284 5
23 123 13
46 187 12
192 232 11
239 339 17
172 194 2
241 244 38
30 377 6
123 130 12
176 203 717
135 423 1
71 331 12
157 215 4
17 422 11
244 257 10
191 394 10
73 385 13
73 151 12
57 246 17
133 382 15
7 388 98
137 161 7
34 404 14
225 252 30
231 431 18
137 186 10
18 421 43
232 334 4
279 403 11
176 224 18
14 269 15
276 330 10
56 402 9
49 120 5
430 449 20
16 364 159
14 359 5
107 311 13
175 328 98
6 425 13
179 312 8
73 108 7
123 402 2
25 83 84
134 312 123
200 291 16
249 288 16
77 282 8
223 284 12
75 410 11
139 217 622
43 55 36
239 405 1
86 285 12
133 212 19
318 437 148
33 304 14
339 382 106
16 399 3
7 76 16
142 232 10
368 438 2
38 398 1
101 228 13
7 209 29
330 425 2
382 421 112
195 335 4
69 217 14
165 309 19
239 299 7
38 299 8
1 284 43
45 204 163
233 234 8
253 450 19
42 162 11
84 415 14
260 338 58
29 168 5
90 270 2
247 335 7
97 246 190
216 393 10
268 428 9
127 356 9
42 334 7
20 389 8
18 382 11
99 247 16
194 425 57
157 333 11
10 384 2
206 299 20
2 16 13
105 260 9
261 422 19
227 249 4
90 324 15
64 200 10
266 268 12
263 340 8
2 437 15
213 431 8
180 333 19
7 8 106
37 84 18
190 401 14
0 55 14
57 377 64
172 242 6
25 425 16
172 358 6
12 248 3
158 292 9
215 451 15
34 197 53
140 270 10
45 213 12
0 354 16
65 399 18
160 382 22
257 287 15
268 422 9
98 408 9
92 162 20
337 388 8
330 388 3
199 379 8
163 318 18
65 419 3
12 287 7
41 393 11
24 221 18
73 112 170
240 330 10
349 404 142
5 160 2
103 423 13
93 291 17
43 331 20
27 349 17
242 442 2
132 192 7
76 150 8
114 172 611
165 339 13
183 200 18
252 410 3
62 101 12
96 281 200
25 441 5
309 439 14
49 61 17
152 384 9
41 251 7
153 261 16
247 395 9
304 380 16
72 195 11
136 233 20
221 357 17
76 183 75
65 100 3
305 443 32
257 447 15
66 76 10
25 154 17
68 217 138
207 359 246
50 390 3
37 63 5
49 387 20
168 267 3
87 122 4
388 401 10
222 366 20
35 130 85
115 261 29
28 295 286
79 263 14
32 343 5
43 123 12
37 187 9
328 347 19
119 163 11
22 75 8
279 287 11
300 313 193
25 274 9
178 406 4
115 131 12
274 376 123
257 324 20
0 345 14
385 447 2
137 175 8
221 388 17
24 356 3
122 257 129
150 302 8
51 236 6
42 85 17
49 243 12
49 291 9
211 353 54
69 397 5
139 395 61
144 208 80
109 449 16
32 439 4
95 298 1
65 132 10
77 356 8
155 410 11
193 280 15
212 226 20
286 339 63
17 207 2
147 299 85
296 313 19
93 272 6
331 427 3
216 231 6
137 305 5
118 404 11
133 348 162
38 416 9
300 397 13
55 168 10
125 261 7
151 367 6
206 209 12
178 236 13
275 325 5
218 254 2
130 431 8
137 360 19
339 439 15
19 63 11
221 421 10
246 439 1
121 142 115
193 318 379
324 417 19
13 193 7
126 394 15
350 414 11
181 282 15
48 243 5
230 298 6
373 435 12
243 409 32
198 291 5
19 345 15
75 442 14
235 434 152
230 293 11
95 329 170
151 373 173
183 359 13
116 372 1
66 181 38
227 441 11
75 243 5
51 112 15
230 331 126
266 314 119
8 405 15
46 250 2
257 380 14
194 364 2
282 422 159
333 425 2
384 439 12
343 357 16
6 20 15
249 414 7
40 168 6
274 344 13
250 429 11
32 197 148
267 303 10
108 178 16
155 422 1
335 449 8
95 390 12
11 378 20
51 438 20
6 115 11
134 205 7
230 269 9
69 225 7
55 159 18
183 215 19
110 268 3
209 277 152
180 256 20
170 312 12
6 431 16
249 310 19
376 430 157
12 311 546
92 295 2
66 449 24
303 386 82
20 403 6
139 185 16
118 246 12
231 273 19
50 112 98
170 323 12
241 291 7
261 388 190
225 350 17
16 232 1
160 343 10
75 244 15
63 443 5
81 115 120
153 276 5
273 310 19
57 396 8
197 359 10
383 422 16
198 204 9
306 367 15
137 393 1
262 276 12
227 351 2
100 186 15
77 383 55
149 382 49
221 259 7
300 387 19
24 178 1
74 405 9
213 284 14
244 431 17
101 198 14
1 132 16
42 119 107
0 420 10
256 358 184
171 227 20
135 378 15
58 322 2
162 374 19
339 345 6
34 215 4
159 309 430
59 404 10
316 424 12
34 239 19
24 254 2
48 291 110
80 181 10
111 176 676
155 275 11
220 378 10
107 442 8
2 252 17
38 325 16
83 164 24
291 345 79
100 192 4
367 391 16
10 452 18
14 320 8
31 156 47
181 268 7
63 240 99
119 141 7
125 196 12
104 142 9
46 420 9
315 357 9
407 413 72
138 239 9
370 432 10
129 348 165
351 449 6
28 181 17
12 17 20
335 414 5
288 326 17
207 360 8
111 307 162
371 387 10
284 419 11
118 156 3
399 437 42
0 359 10
0 255 20
255 299 18
123 236 1
94 213 334
10 44 2
409 419 141
38 368 6
390 438 7
22 36 129
244 384 69
265 397 12
195 232 41
4 48 8
187 235 10
198 243 17
164 185 183
32 378 11
162 404 6
312 334 12
136 392 19
288 311 3
37 159 14
193 399 290
31 44 141
182 397 8
11 437 6
314 450 4
168 368 7
222 391 12
73 258 20
145 241 162
44 408 12
108 234 12
252 268 17
159 332 120
26 236 7
127 187 92
118 126 699
53 388 9
77 424 19
144 310 19
188 333 5
209 345 5
257 419 18
143 181 17
5 437 15
135 249 13
19 228 9
192 257 3
203 436 155
88 331 6
15 231 11
362 451 16
103 250 5
310 327 11
95 290 6
119 341 8
87 252 4
330 430 6
44 445 14
132 364 20
101 236 5
98 354 14
231 425 5
32 71 6
156 352 6
104 402 1
56 113 8
16 157 15
92 300 6
252 399 14
194 359 2
195 332 111
169 254 3
206 406 12
70 112 2
10 219 9
62 146 3
191 407 15
306 338 6
155 399 119
5 197 113
272 302 6
112 196 20
47 208 1
46 71 19
75 416 216
245 336 11
171 427 14
86 125 4
174 265 13
10 259 13
150 326 19
119 436 200
144 353 18
271 300 112
180 223 25
71 84 13
30 151 3
107 239 11
311 320 514
349 447 4
246 348 16
263 281 17
28 418 44
101 118 180
193 220 152
201 445 3
362 382 1
265 331 13
76 204 181
101 260 7
287 387 99
36 74 15
297 365 4
134 247 17
190 257 15
78 290 4
18 59 128
51 448 19
19 308 13
23 211 9
159 329 46
249 432 16
14 26 19
74 197 18
55 188 6
170 426 134
155 347 121
262 426 12
295 409 19
55 271 8
125 442 18
270 372 14
189 372 188
337 339 18
316 441 11
127 257 15
236 423 13
237 282 17
370 404 7
117 260 11
92 105 67
170 291 18
127 132 11
65 284 5
417 418 20
257 320 18
376 448 11
250 430 5
164 180 114
81 331 14
62 74 8
320 326 2
211 235 7
132 183 19
192 419 15
214 349 122
236 414 72
257 409 11
63 252 17
296 360 10
135 363 9
100 271 15
295 407 5
48 250 107
45 297 71
157 218 2
411 437 18
315 393 10
238 273 1
85 99 18
410 422 17
52 394 15
200 333 5
123 135 3
245 330 4
149 421 11
166 346 85
263 381 19
77 168 5
237 362 2
198 251 15
62 123 12
226 230 15
273 404 18
217 269 163
214 394 9
32 62 5
33 146 10
287 323 11
140 376 2
33 204 6
53 147 16
237 393 8
91 276 11
133 421 3
333 436 15
186 261 15
194 383 95
22 182 8
96 233 160
183 194 9
218 428 16
341 412 3
100 257 15
52 258 4
1 90 4
70 284 12
159 204 12
125 437 18
170 433 12
338 448 14
112 303 188
31 233 13
29 371 5
140 192 13
158 447 37
57 263 10
68 261 3
373 443 16
55 211 14
71 193 9
149 286 3
69 158 11
340 415 440
200 282 163
193 422 7
75 323 35
219 391 6
143 421 162
52 431 11
75 246 16
51 253 6
217 421 176
1 250 15
45 407 7
7 289 20
208 378 13
310 359 19
164 358 2
115 257 16
154 264 18
129 242 1
59 412 2
217 382 20
35 227 17
79 260 17
88 441 5
90 187 9
108 168 10
410 424 17
114 370 14
392 424 12
112 244 14
213 382 20
121 183 8
209 337 7
186 374 7
100 111 5
126 216 6
3 30 9
96 369 12
197 219 20
145 146 20
22 185 3
62 197 15
76 87 12
146 330 13
294 405 19
169 384 8
73 323 10
278 309 2
115 447 13
45 200 2
19 263 12
43 445 5
152 213 54
177 419 34
140 389 2
423 434 501
168 263 14
105 358 8
101 316 11
11 420 8
241 420 10
162 349 9
266 451 16
295 411 6
431 444 12
80 432 2
84 188 14
10 201 159
288 322 9
265 337 72
201 203 15
192 223 170
187 246 10
196 246 333
177 378 2
129 143 5
76 176 17
234 407 8
115 230 11
190 251 20
157 200 11
82 435 2
43 97 6
8 116 43
153 237 5
257 282 2
120 384 11
214 404 8
53 387 14
185 206 95
337 379 29
173 285 7
343 359 6
91 279 18
235 319 10
201 438 579
244 303 15
214 370 6
161 439 144
6 285 164
4 309 3
142 424 6
59 370 1
252 437 121
322 452 31
1 49 17
101 259 20
112 371 11
120 378 14
10 182 19
242 411 19
73 98 4
318 422 9
257 364 10
75 393 1
39 265 27
6 247 15
16 155 152
18 183 15
278 279 17
106 391 3
215 409 7
211 414 113
16 41 9
252 266 14
62 291 4
208 318 4
293 326 19
51 68 78
2 136 10
53 401 16
76 173 7
89 419 7
105 377 6
213 257 135
246 391 14
173 186 18
187 442 10
130 419 3
166 278 12
104 121 15
174 195 88
282 360 528
101 263 796
92 122 24
181 297 137
22 67 18
225 314 78
66 183 6
33 167 4
167 433 113
193 308 3
137 298 17
26 316 108
157 451 13
366 393 66
6 257 7
292 360 172
99 436 90
137 168 4
76 316 17
123 235 7
170 287 11
87 288 92
243 293 412
49 241 14
48 241 13
267 281 14
26 228 16
234 288 13
62 437 11
345 420 8
79 364 1
48 57 2
40 346 68
149 249 9
23 227 193
152 206 103
234 290 10
87 265 12
8 172 20
207 306 33
257 279 9
19 111 14
187 250 3
382 404 17
323 337 75
180 310 8
53 222 4
235 303 12
186 417 6
142 157 48
10 286 7
174 427 192
153 267 7
65 223 2
50 337 6
35 124 5
23 310 21
338 341 1
65 257 81
275 391 125
213 340 17
170 337 36
70 103 12
147 279 16
219 374 9
77 179 20
62 210 17
198 241 1
108 321 10
37 75 17
106 277 52
124 274 16
236 312 9
202 313 3
99 268 17
214 358 12
246 309 5
294 378 11
62 75 18
249 315 16
69 424 13
200 443 60
149 182 1
1 40 15
97 349 16
34 218 13
139 301 158
0 384 16
2 225 11
271 400 15
75 439 11
202 309 4
70 139 10
186 265 3
66 352 18
159 187 7
170 171 11
175 320 2
171 268 14
26 89 19
189 385 68
168 328 16
210 358 128
37 401 15
314 318 20
135 211 18
95 245 90
12 63 9
71 418 10
34 366 17
76 110 15
2 282 186
75 343 20
90 236 16
248 329 36
121 219 17
318 328 2
327 382 2
166 398 3
252 326 12
55 255 16
257 261 2
42 59 117
34 233 1
262 264 8
115 406 941
40 108 20
273 409 3
264 401 6
179 321 6
10 115 4
318 399 141
237 364 9
206 265 7
306 416 92
163 320 18
17 267 3
104 130 58
257 340 90
132 286 8
299 452 13
286 368 15
285 371 5
59 423 20
39 79 11
34 291 15
193 268 5
112 311 9
107 156 170
116 270 3
62 195 10
276 347 148
208 274 6
219 314 2
112 323 144
231 347 13
99 444 88
102 238 1
399 422 6
231 257 4
34 342 20
24 152 7
278 357 4
44 120 10
327 431 23
239 249 19
117 172 6
135 227 14
207 230 121
364 439 17
4 345 1
30 137 10
160 197 12
273 340 8
213 243 128
161 290 7
227 283 9
249 307 124
48 390 17
176 451 20
4 135 11
164 375 16
23 353 6
151 164 181
312 350 9
28 450 2
315 348 11
42 404 18
55 403 3
260 429 17
15 239 13
23 421 6
296 439 17
57 251 19
214 393 15
129 300 3
117 388 9
57 267 10
50 115 2
32 441 115
140 304 152
49 296 14
75 199 6
101 423 15
74 382 1
408 437 15
234 421 16
109 386 7
73 91 505
37 303 175
21 266 17
243 282 588
31 427 16
114 336 14
195 381 2
190 388 15
21 24 5
50 329 4
250 425 5
280 351 2
74 426 2
0 34 168
26 73 2
38 400 6
282 402 13
238 342 1
225 422 14
217 232 19
112 279 3
252 422 2
306 435 8
39 281 4
135 258 12
309 343 16
12 49 11
16 355 55
314 399 2
390 422 4
74 75 82
58 446 5
102 263 7
412 423 11
243 420 11
204 359 11
214 297 148
56 386 1
34 241 1
143 304 2
125 236 82
187 445 6
217 424 9
386 388 576
101 358 15
228 358 35
88 128 179
162 218 17
107 324 15
141 285 1
182 233 198
227 235 14
217 276 6
123 324 17
35 217 8
392 400 18
152 404 5
16 195 7
262 296 1
44 246 4
214 236 10
10 119 156
124 237 2
73 137 524
74 378 1
77 199 11
11 62 17
154 441 19
72 249 11
370 423 2
147 258 20
227 377 13
252 314 18
262 386 8
55 236 43
206 445 23
197 198 11
3 80 15
2 318 11
439 451 14
211 282 15
228 425 6
156 250 14
100 434 5
5 192 142
134 337 18
413 428 156
2 155 12
111 451 11
100 145 56
0 206 18
311 330 185
78 410 5
174 220 13
303 442 5
131 401 1
134 328 7
153 425 17
165 384 6
32 359 16
247 414 2
254 395 5
374 423 2
257 337 12
365 407 8
115 170 5
439 442 17
71 290 73
242 428 36
381 424 6
155 225 3
134 445 4
331 344 6
87 284 104
38 436 6
312 396 3
378 439 14
230 391 17
119 349 10
233 429 9
219 230 2
176 318 540
197 437 19
36 363 8
212 367 12
243 345 14
336 441 9
216 439 15
216 246 10
108 232 15
27 342 17
165 296 18
122 369 4
193 271 17
391 431 13
72 444 15
30 199 15
102 445 2
157 177 8
232 302 154
101 125 934
81 108 13
35 168 5
55 243 9
275 320 12
170 239 8
155 310 55
60 180 12
213 409 16
20 395 195
57 268 10
6 426 17
393 442 12
102 178 18
24 142 15
283 432 19
32 427 20
21 68 6
374 432 8
187 353 2
210 427 10
220 446 19
62 423 9
37 400 9
123 124 126
277 381 165
95 413 18
84 388 19
120 437 772
243 385 2
402 436 5
230 302 25
89 199 1
239 446 1
153 336 6
56 247 165
253 340 72
215 383 10
34 243 20
48 198 16
115 337 19
279 323 108
138 424 262
111 312 305
285 293 66
47 231 5
28 437 79
117 244 4
303 439 8
257 344 20
209 388 14
153 434 3
239 361 16
111 150 6
158 355 7
53 449 161
330 419 4
142 448 118
316 383 2
249 257 1
219 444 9
191 417 45
18 275 14
109 276 4
74 213 182
257 284 12
409 431 19
209 401 9
151 160 18
140 154 3
217 405 7
23 289 95
121 194 16
154 310 12
244 328 752
119 316 12
148 443 6
222 417 12
198 420 1
119 412 144
85 374 17
42 277 50
279 337 20
225 399 3
341 358 18
283 421 92
17 379 4
131 214 9
175 204 14
113 409 13
75 297 16
119 206 18
341 370 47
381 410 19
124 293 4
249 393 20
72 238 871
30 271 7
119 157 17
32 160 2
274 389 20
216 244 12
127 192 19
28 218 18
71 187 7
75 446 2
31 189 20
14 209 192
18 405 181
90 267 14
399 410 45
120 403 4
55 160 27
316 369 39
26 110 2
54 189 20
21 296 2
75 404 196
193 246 199
95 287 12
14 288 4
27 59 15
144 227 18
173 421 3
70 269 17
104 227 6
88 292 2
38 295 4
84 402 194
68 152 12
135 243 14
246 360 10
210 380 35
94 178 12
133 193 2
15 337 9
287 370 140
59 358 9
50 447 20
167 351 19
82 317 161
260 306 8
145 451 19
332 378 2
372 395 17
246 368 47
235 310 40
6 239 191
243 273 5
275 316 10
139 232 12
208 385 11
75 423 144
48 450 24
12 289 6
9 284 9
213 244 59
123 211 6
362 375 7
333 434 16
226 402 116
30 228 182
314 315 10
123 310 481
149 217 11
251 344 2
40 394 10
257 446 14
201 350 496
16 194 82
128 287 3
126 268 7
202 218 5
368 390 7
326 436 6
68 303 6
134 369 16
330 394 8
97 100 14
162 166 6
34 49 8
340 409 10
113 237 86
244 246 15
37 260 19
200 319 3
159 384 136
155 266 820
160 400 111
25 133 7
241 278 8
19 211 34
32 174 20
12 205 4
102 391 16
127 444 1
193 418 14
136 145 2
6 160 112
68 397 7
105 132 5
172 392 19
273 376 10
40 50 5
136 137 5
64 86 18
219 275 8
159 342 14
70 102 5
246 384 6
90 164 12
32 182 17
114 151 7
266 394 39
306 429 6
139 316 17
153 398 2
52 202 4
114 285 6
374 405 10
132 215 1
41 362 2
60 164 196
266 303 14
149 369 10
133 450 9
19 85 4
179 208 8
40 287 1
244 342 17
261 279 5
110 314 17
69 296 7
106 337 16
84 447 425
5 213 147
393 400 1
59 349 9
177 212 14
133 409 7
19 371 6
18 93 5
132 422 3
239 406 2
175 235 11
211 342 12
85 358 13
119 331 42
254 440 11
192 317 1
271 420 8
433 447 93
135 183 13
7 330 18
138 274 7
7 66 15
155 342 8
94 146 8
4 233 58
56 237 183
139 433 12
348 366 6
98 420 17
46 213 7
17 209 6
159 429 1
69 152 13
267 431 3
225 437 17
16 252 6
23 205 20
170 447 17
228 271 11
256 263 17
145 329 8
142 296 3
50 123 9
282 407 12
2 314 89
40 127 19
344 417 5
19 388 16
251 423 12
111 159 4
68 349 14
184 390 127
73 328 15
193 266 14
181 365 9
239 245 2
53 369 152
118 340 19
279 335 278
280 438 4
102 151 19
128 378 9
49 345 18
246 322 3
222 428 9
47 405 113
48 126 160
15 109 13
86 91 145
133 183 15
297 412 17
142 217 12
66 194 10
287 337 1
35 320 14
216 384 5
125 143 16
27 322 154
65 127 5
288 314 6
334 448 15
257 438 12
242 419 10
301 394 13
134 420 113
8 334 14
68 359 15
142 195 11
84 159 60
106 108 449
1 364 10
343 407 9
35 346 10
40 447 167
179 344 17
75 89 20
160 331 5
212 389 13
198 326 192
32 111 4
68 448 17
7 344 16
64 180 6
303 393 71
184 379 12
112 134 12
218 450 13
26 170 15
323 376 159
262 338 12
110 262 2
160 359 3
87 226 96
187 244 120
168 289 15
60 93 5
114 377 14
96 165 18
40 170 18
328 362 142
125 135 68
23 103 1
227 232 16
26 358 165
141 382 17
97 307 333
236 352 148
243 291 11
172 228 47
74 76 11
308 444 11
112 287 19
112 339 19
243 442 6
104 395 16
15 56 15
262 422 11
162 370 7
255 383 17
287 342 20
47 93 17
50 323 4
62 91 140
112 447 976
22 93 12
187 393 11
40 373 13
11 343 1
125 126 5
258 326 11
130 227 19
161 404 11
65 194 17
187 303 19
95 450 14
11 277 18
124 245 4
133 276 184
319 357 10
0 241 12
24 84 7
112 199 9
348 355 24
214 420 18
19 350 20
268 410 11
276 425 5
272 322 145
366 368 2
73 432 13
155 437 17
50 236 7
321 423 4
39 153 17
220 232 12
69 221 11
69 368 56
140 406 2
2 266 5
136 222 9
172 210 15
349 444 64
6 446 151
118 368 6
53 311 86
8 107 14
16 139 20
43 281 66
127 223 190
149 276 9
46 75 5
162 341 7
79 96 23
148 368 4
27 216 16
7 183 30
240 434 15
11 197 102
184 220 7
153 392 5
291 372 11
199 279 6
217 316 7
213 231 37
50 324 6
27 256 5
396 418 10
123 144 7
46 140 9
7 276 9
4 380 20
170 374 12
153 266 8
286 443 15
211 221 11
284 325 9
210 386 13
183 421 158
158 422 10
343 437 4
4 35 183
42 164 74
141 215 32
126 417 12
75 216 5
326 390 11
145 258 20
29 210 17
239 248 187
155 318 4
284 360 158
57 328 134
162 331 15
40 47 1
62 343 6
210 316 18
404 412 8
9 442 8
246 434 3
164 362 4
119 233 9
94 122 62
24 386 1
31 253 14
165 229 11
29 67 2
67 265 9
239 323 11
185 407 16
199 300 175
127 284 17
76 370 5
43 152 1
228 364 7
60 98 6
149 242 3
51 431 7
261 449 168
332 447 15
361 386 1
305 329 16
15 422 34
294 432 15
66 228 10
236 316 13
95 183 14
217 367 5
61 180 15
359 442 14
100 127 723
165 218 13
57 327 4
402 452 40
51 142 13
5 121 14
45 353 8
38 226 784
74 143 6
10 91 8
74 167 16
178 354 3
422 437 599
373 401 19
68 386 16
131 421 19
67 147 143
79 402 10
300 409 19
347 392 411
6 323 1
48 440 148
178 207 4
163 377 13
88 298 114
316 378 342
263 314 142
199 266 13
243 244 19
238 384 80
2 422 3
147 235 3
130 353 13
125 245 9
24 282 599
23 131 6
49 357 93
204 344 76
211 435 18
192 288 19
159 174 2
21 151 16
24 316 906
108 383 74
43 172 84
54 188 2
5 382 53
121 417 10
48 420 14
113 296 18
114 291 14
67 406 12
348 365 20
139 160 7
101 162 20
123 165 9
14 55 44
278 299 7
189 268 8
186 277 851
152 341 5
279 447 9
118 319 8
180 358 1
94 255 5
65 192 20
144 315 13
18 91 14
16 225 15
31 61 3
124 416 9
105 163 605
199 413 16
40 257 14
336 397 9
159 246 11
225 318 39
167 394 161
103 123 14
0 274 20
51 69 43
38 265 4
23 269 7
37 283 17
141 307 5
135 389 16
39 410 9
103 388 16
115 239 52
135 187 272
0 213 17
32 382 4
0 164 3
156 337 12
105 168 19
276 406 12
130 393 1
171 294 134
50 257 19
39 354 13
81 210 156
143 335 15
313 355 125
67 218 8
109 131 16
255 284 55
252 318 10
79 279 4
227 310 113
38 319 145
154 422 19
278 297 13
71 191 11
70 91 17
183 382 5
169 291 76
197 438 4
42 370 9
7 194 500
60 184 14
26 68 13
211 227 10
161 260 16
270 392 11
185 287 14
139 162 9
360 451 16
151 371 1
19 223 3
107 334 3
270 390 9
287 391 11
253 426 16
75 79 4
233 240 13
27 128 18
179 262 7
23 135 18
263 267 18
40 385 2
173 196 5
169 382 16
193 410 14
268 274 17
335 405 18
113 239 724
318 364 17
156 342 145
168 181 7
54 137 13
183 276 8
104 310 18
194 314 50
235 249 16
293 424 7
196 235 83
147 286 150
95 195 11
161 195 12
350 429 19
197 386 5
26 313 2
81 400 10
8 167 2
20 208 6
338 451 19
290 338 67
257 358 14
197 343 7
162 449 949
112 446 13
191 402 11
316 358 11
127 215 14
278 360 18
16 305 6
148 236 8
5 343 10
57 177 3
190 311 6
358 423 144
400 404 9
90 127 153
65 215 7
37 244 20
68 347 13
74 437 15
141 370 2
169 328 20
142 386 2
40 337 3
116 345 1
135 235 433
279 436 597
123 202 20
55 420 131
9 309 5
177 337 15
51 217 150
169 423 17
128 142 4
257 431 115
121 276 16
154 420 14
297 331 1
214 412 6
0 49 917
322 323 155
90 177 18
135 229 196
42 341 10
73 178 9
243 310 137
392 447 1
38 125 19
16 179 8
149 159 7
383 390 4
120 202 13
51 437 65
191 369 1
133 217 3
174 315 19
34 192 20
112 115 79
36 204 106
104 169 6
256 414 8
239 384 17
53 214 12
16 193 3
92 430 10
358 443 13
17 317 11
97 431 1
76 232 2
277 318 11
2 334 115
78 281 60
276 421 14
130 315 5
30 46 14
62 414 2
249 260 16
180 353 2
184 373 14
146 270 7
66 81 2
281 333 3
121 359 7
115 185 18
244 273 11
210 423 1
328 392 11
281 443 159
25 418 66
93 361 2
134 206 144
2 193 16
119 306 4
46 409 8
118 121 5
169 434 13
299 395 140
75 384 8
26 224 76
10 313 2
40 323 5
122 239 14
143 371 5
368 391 20
54 212 7
100 228 10
317 347 16
132 444 122
17 129 754
228 323 5
50 260 19
285 366 5
389 442 2
139 298 20
214 247 7
193 310 19
96 386 11
227 272 5
74 343 5
247 399 2
89 270 12
323 367 5
17 19 3
164 312 100
110 444 22
210 228 7
294 319 194
115 164 20
257 273 17
42 248 259
15 110 13
164 188 4
42 125 5
89 449 12
172 246 20
277 298 11
75 341 19
15 284 20
49 138 7
6 28 15
248 366 7
377 388 2
233 410 19
276 277 18
119 297 14
231 243 13
343 382 14
296 448 4
75 187 9
27 255 13
183 217 14
97 289 2
103 315 20
155 268 18
207 379 15
279 339 41
31 170 5
375 390 124
79 140 7
287 447 140
265 358 15
192 215 18
70 263 8
156 432 155
233 353 165
245 435 8
53 108 4
116 319 15
138 292 3
152 417 16
103 310 14
306 372 10
125 397 14
125 171 1
176 207 19
1 82 7
239 337 4
74 310 20
115 220 119
169 296 27
89 413 16
332 415 15
91 217 20
75 382 3
103 344 196
67 352 12
174 377 15
65 446 311
337 401 14
333 342 20
60 360 32
255 381 11
41 179 12
48 345 43
19 98 11
192 345 19
217 240 12
23 104 9
152 319 10
45 187 33
134 385 160
185 272 13
143 443 14
75 359 8
69 290 7
209 409 12
160 437 15
104 123 16
141 159 15
174 268 3
31 65 1
114 296 108
411 427 2
211 326 6
344 429 8
101 168 12
130 135 177
210 236 19
272 407 9
418 438 3
215 329 1
197 243 14
42 358 13
81 230 17
288 331 145
80 230 7
54 216 65
189 245 6
0 243 14
285 435 17
83 218 20
261 302 191
411 421 139
328 390 10
35 293 10
40 154 9
6 339 20
306 451 15
17 68 164
55 357 14
28 236 19
302 357 4
305 388 19
23 249 10
111 305 166
214 254 20
41 108 11
7 359 164
406 415 4
189 401 18
161 327 64
22 119 3
23 378 177
157 187 19
14 184 9
108 314 5
47 146 11
65 425 9
166 320 148
120 404 8
220 248 13
74 392 13
67 360 167
118 168 33
5 75 25
61 174 16
353 427 93
103 431 5
227 296 30
75 437 7
48 49 5
37 246 9
50 424 970
59 267 5
4 232 11
181 210 10
266 318 2
220 415 11
64 388 17
266 326 2
298 449 928
37 439 20
190 273 17
267 328 42
1 275 724
16 437 19
235 297 7
293 325 2
75 94 19
177 394 15
134 185 20
349 358 16
321 425 142
211 249 18
282 424 5
68 124 11
413 434 12
105 135 8
295 317 19
108 435 12
359 425 11
51 386 14
60 302 12
108 404 16
263 307 7
87 415 15
393 439 1
35 222 19
210 393 18
176 218 2
112 173 61
44 355 8
346 399 126
18 133 13
144 211 18
144 249 8
165 366 11
63 373 9
118 263 16
146 300 20
315 317 19
87 244 7
23 291 10
201 233 111
5 62 6
73 302 13
153 277 16
65 292 85
378 417 13
282 359 17
68 451 14
137 335 13
7 228 14
72 272 17
26 389 155
70 441 16
162 214 12
355 376 6
66 258 14
433 444 20
66 383 231
86 211 12
32 75 2
143 176 10
42 278 2
119 326 18
375 444 13
265 405 10
80 388 9
159 303 37
67 252 150
36 47 11
230 429 184
120 356 2
27 417 2
367 369 7
21 217 7
36 75 8
297 370 311
209 244 20
91 405 1
75 160 17
70 167 73
68 270 16
11 269 8
1 226 9
120 322 7
192 423 2
22 360 15
112 210 19
56 234 20
130 235 2
98 431 13
244 409 5
308 331 7
115 369 9
250 270 364
403 421 192
171 263 19
267 285 13
15 397 6
75 162 12
227 353 7
255 374 12
85 425 10
396 413 9
84 260 15
5 11 11
75 367 5
349 392 15
270 432 8
167 418 13
317 383 2
37 195 259
34 345 118
93 274 6
49 55 131
343 378 7
170 284 110
60 364 127
167 370 13
159 313 12
104 328 5
426 440 10
35 280 11
17 94 12
349 370 11
105 175 14
83 439 14
229 333 120
18 344 6
295 309 1
142 294 6
21 176 4
130 415 4
340 431 7
113 417 194
195 227 12
118 167 8
91 167 4
46 77 13
6 337 13
215 419 1
37 196 88
220 253 18
268 437 18
295 385 10
351 441 17
66 326 18
278 443 9
8 105 9
64 231 18
138 429 12
225 410 8
53 69 9
297 341 5
60 408 11
17 123 12
73 413 91
18 359 20
137 247 14
50 207 18
115 339 2
110 408 2
142 339 15
273 362 11
183 206 634
205 359 14
304 390 14
197 378 6
1 184 4
316 386 1
16 102 19
337 446 4
414 432 8
383 438 941
235 272 36
287 431 20
284 431 15
282 429 10
96 360 20
185 379 8
115 198 5
268 318 97
359 391 13
56 189 11
226 447 10
129 188 139
42 423 11
142 158 84
142 316 29
138 188 20
85 198 13
14 104 15
7 311 2
263 308 3
263 287 1
183 240 13
194 419 16
22 403 10
359 437 16
78 233 15
158 382 4
3 158 7
52 171 17
157 210 11
287 413 16
60 311 13
55 198 16
99 293 14
379 385 4
344 381 12
127 401 20
155 252 7
12 110 169
66 359 16
97 369 12
103 178 8
33 216 19
15 339 2
2 148 128
185 220 2
223 287 14
45 428 17
105 419 9
195 216 993
114 254 19
118 328 9
5 411 14
86 182 12
349 423 5
258 438 10
154 412 4
307 404 4
128 200 18
33 217 13
43 306 108
296 386 5
268 314 10
157 227 17
148 232 140
114 379 5
24 284 15
103 211 10
70 305 18
353 411 5
118 267 137
136 360 18
143 246 7
80 192 15
21 154 70
213 299 6
371 435 18
149 183 129
53 190 15
103 214 4
309 397 42
264 404 13
34 55 6
86 239 12
58 106 11
124 360 4
44 319 16
172 305 190
187 387 16
19 147 9
115 279 1
146 250 3
4 18 14
44 145 2
176 287 3
91 379 12
216 414 14
120 371 7
26 101 15
40 339 142
376 451 16
169 325 19
90 360 1
26 72 17
301 404 9
59 341 41
263 368 1
58 99 12
102 164 57
60 415 8
318 341 200
91 133 7
37 442 3
4 173 94
200 277 9
42 80 1
275 377 6
244 340 2
282 292 768
41 198 7
209 359 13
57 368 10
35 253 6
117 297 162
234 359 10
103 235 20
99 230 10
56 340 19
183 425 18
272 283 10
81 133 9
202 429 16
198 345 11
104 135 20
47 50 13
218 283 18
50 287 18
43 417 17
37 216 2
201 276 14
42 297 14
70 129 11
401 428 4
261 344 163
104 353 12
123 356 8
11 382 16
37 384 17
6 184 9
5 359 2
70 232 183
339 407 1
224 401 4
172 236 14
145 218 3
136 447 9
195 423 7
151 175 20
131 348 20
254 404 2
75 197 7
196 279 2
24 217 17
91 196 17
391 429 2
34 432 92
126 264 18
137 210 981
125 349 9
11 206 14
75 378 10
236 257 19
50 118 192
121 330 13
109 288 16
118 355 78
133 334 152
171 399 3
61 322 20
90 283 998
128 301 10
246 394 183
29 233 15
19 413 79
156 380 12
63 144 18
50 126 10
31 260 10
65 268 57
322 349 91
105 261 1
387 411 8
34 112 8
25 182 4
157 388 10
108 294 170
101 147 11
108 439 61
123 282 77
330 359 18
42 412 1
29 275 145
22 226 13
74 359 19
155 361 3
102 425 18
135 310 10
276 338 11
84 314 567
174 261 55
34 68 7
147 175 10
222 305 6
11 32 18
25 174 11
323 413 5
328 440 131
43 191 16
21 448 8
69 253 6
190 229 4
23 315 13
190 421 2
211 315 10
72 182 12
187 410 8
12 319 6
299 443 19
239 330 10
384 442 18
323 446 17
100 215 64
175 232 9
68 244 35
187 384 15
91 149 11
28 269 3
143 325 5
1 97 18
32 409 2
79 95 103
69 233 1
6 409 19
341 349 14
296 316 32
228 435 10
160 161 10
308 399 19
57 168 11
273 441 678
112 170 6
6 112 2
52 159 5
83 144 12
279 340 9
16 190 5
55 241 19
50 230 65
146 370 118
15 59 50
141 367 9
218 355 20
86 185 2
91 183 12
29 385 11
64 439 150
38 443 3
355 390 1
276 343 3
46 270 4
76 306 6
293 408 17
174 196 14
216 442 1
101 318 673
124 304 20
162 240 127
310 315 15
51 316 149
92 133 611
99 435 5
5 363 11
363 425 17
225 268 10
228 359 5
95 200 2
121 361 19
159 410 17
174 263 10
357 430 41
321 352 18
308 424 53
291 331 15
47 263 19
169 216 13
76 425 3
93 227 154
23 127 657
159 393 177
58 382 12
49 198 20
266 422 3
139 205 9
119 265 17
133 266 7
40 279 6
62 163 2
88 404 12
9 20 735
325 348 1
241 310 20
11 75 15
34 208 5
416 431 5
287 339 150
123 166 7
296 367 194
63 424 17
75 370 95
311 332 19
147 220 6
118 416 17
249 439 2
171 400 8
263 328 3
76 168 5
75 303 5
20 86 17
284 342 18
8 41 456
410 437 5
108 147 2
378 437 18
230 424 9
18 149 4
272 321 113
170 397 5
350 380 4
245 339 6
44 215 4
147 322 3
283 401 15
5 426 12
16 213 19
328 368 11
225 266 14
138 434 7
80 319 6
43 118 3
8 98 6
8 433 1
146 247 19
162 412 131
48 353 1
128 234 5
59 119 2
29 432 13
92 386 39
337 414 3
84 255 20
265 439 13
153 227 5
237 427 6
152 373 16
93 154 134
73 198 10
210 241 7
103 353 13
149 251 2
102 232 2
120 134 1
67 287 63
92 204 13
119 404 135
53 191 2
301 323 2
175 326 11
11 89 11
190 337 7
77 297 19
215 348 20
190 263 195
293 443 9
14 283 17
16 162 1
334 358 9
44 124 14
211 310 82
370 412 11
371 389 12
243 419 198
231 409 14
95 356 19
51 424 151
311 401 9
73 262 12
145 353 7
243 257 9
103 249 5
124 148 17
130 427 20
235 416 5
114 392 18
32 49 145
164 194 6
166 190 1
30 314 7
69 329 6
256 439 2
296 378 116
111 203 18
150 215 15
81 450 3
67 219 5
62 378 13
290 419 7
177 443 146
290 322 873
119 214 5
214 367 16
284 294 10
132 425 139
181 295 12
26 423 169
75 430 17
40 239 187
261 432 18
245 394 2
228 330 1
33 245 8
266 410 3
247 294 162
197 420 17
122 174 14
270 411 152
383 423 5
38 437 15
213 368 9
85 243 15
20 133 10
48 157 7
429 436 29
51 109 17
69 134 18
105 266 10
43 360 8
18 451 203
103 135 36
242 424 17
9 175 193
264 450 18
241 390 309
94 156 34
395 399 1
239 287 12
226 259 6
86 257 4
191 314 3
91 172 1
269 380 7
310 382 8
11 160 13
1 12 2
101 176 6
51 231 15
104 235 14
171 191 9
236 358 142
105 182 13
56 298 3
42 416 10
105 241 8
295 434 16
181 271 7
359 378 19
76 348 11
122 127 16
112 257 14
225 418 159
114 126 13
60 265 11
159 216 7
99 292 11
210 405 2
111 202 15
69 266 15
154 449 323
66 309 16
269 278 184
287 430 15
172 257 19
189 231 16
410 442 12
294 354 10
44 293 8
64 136 13
286 306 13
80 342 11
101 368 15
259 344 16
119 417 12
249 360 125
64 415 10
204 290 379
150 398 8
34 82 10
176 196 3
73 376 15
415 428 12
213 214 174
190 285 7
80 179 100
122 445 14
34 198 1
95 143 8
257 423 12
193 374 7
359 382 19
193 273 24
76 330 19
251 327 7
122 401 8
202 448 14
23 144 5
149 373 2
339 409 3
232 260 4
59 240 7
128 146 18
87 430 161
50 339 16
244 355 16
85 314 18
246 393 210
212 417 7
181 333 7
232 332 3
72 187 6
0 291 162
13 373 5
161 172 129
92 163 5
69 415 31
41 98 36
176 333 136
38 276 16
50 170 13
0 197 3
33 360 71
58 235 7
17 146 16
404 423 36
119 363 20
69 86 16
159 442 5
241 345 5
276 359 5
7 242 18
378 382 13
154 179 17
246 303 3
22 233 9
154 257 18
88 368 19
35 135 198
348 399 75
76 194 19
114 159 16
69 316 7
339 446 4
131 141 89
23 380 9
97 295 15
11 359 20
329 350 12
300 317 147
315 322 18
235 315 739
18 217 4
34 187 79
18 271 11
273 365 38
23 26 140
189 346 17
350 444 2
224 389 2
135 144 907
33 354 12
446 447 4
51 180 3
170 446 8
76 93 3
241 326 15
297 397 199
201 421 122
84 451 16
97 179 198
348 396 6
77 118 6
298 377 142
86 284 3
70 131 1
290 325 99
152 420 177
18 294 107
180 283 5
246 289 10
105 221 15
43 127 5
240 418 7
121 425 14
35 75 9
132 289 188
129 421 7
52 147 14
97 157 12
172 342 57
158 267 17
63 274 895
218 394 18
360 432 104
11 320 7
3 333 13
2 268 14
155 191 1
34 394 75
76 359 5
68 209 19
159 439 6
68 142 190
175 244 9
103 104 7
23 130 20
161 428 14
358 370 20
40 112 4
53 95 7
65 379 29
63 206 11
9 200 122
104 249 6
86 147 2
182 425 3
175 307 2
5 254 4
100 223 13
16 330 6
249 353 7
66 299 14
33 393 11
246 300 8
50 446 20
16 314 15
113 304 13
50 279 13
74 160 8
97 260 58
24 51 92
179 415 12
158 315 7
197 255 18
157 232 18
197 345 11
66 218 6
34 100 2
54 171 18
267 360 5
121 284 20
43 178 16
87 197 13
122 336 7
107 423 4
330 382 9
144 235 19
393 417 19
52 273 1
105 344 11
280 292 13
394 410 3
44 310 6
168 415 6
215 317 16
161 381 15
83 274 9
229 405 13
298 325 13
118 254 20
122 253 355
90 356 7
245 337 824
135 315 6
262 354 37
132 284 17
37 190 154
61 108 109
231 244 7
231 384 12
65 154 19
208 231 2
267 305 18
139 227 3
285 287 14
6 418 13
41 170 11
337 346 5
340 348 16
75 358 8
345 428 16
26 448 19
342 382 1
103 143 95
337 447 84
239 447 132
369 407 5
271 416 6
315 353 18
199 385 14
192 284 43
210 217 9
95 173 6
314 422 150
221 396 17
108 179 12
45 188 19
190 452 3
57 387 3
136 285 17
184 395 13
41 279 24
96 440 9
197 421 13
159 244 20
16 227 20
157 195 19
92 390 629
51 365 15
28 412 89
168 258 4
50 239 5
50 267 17
198 222 615
339 447 12
27 443 171
44 402 6
114 311 54
350 363 17
42 425 14
39 383 7
131 423 1
15 345 6
52 170 18
254 271 9
172 442 7
208 290 3
286 305 4
184 298 64
178 422 6
21 413 10
94 315 8
210 418 13
280 369 2
91 421 18
52 218 6
37 302 171
215 257 89
21 353 16
50 361 148
102 231 14
7 425 19
131 303 14
200 235 10
39 103 6
132 241 19
33 176 153
302 437 18
219 267 12
128 431 130
116 418 114
341 423 8
136 384 156
324 395 2
291 422 11
26 90 2
175 288 1
60 356 1
18 62 7
143 311 2
11 13 5
24 231 9
8 293 14
240 312 74
47 283 84
311 337 612
75 349 19
341 404 8
279 446 18
0 95 2
300 362 14
192 205 129
325 332 8
124 346 2
145 260 28
89 214 19
182 192 2
245 363 77
5 378 124
443 450 9
90 160 84
33 224 12
5 32 18
112 239 16
70 430 18
33 387 14
440 449 13
74 81 54
7 401 14
63 293 19
11 29 5
217 383 2
366 375 74
302 356 18
108 328 550
207 443 3
208 302 14
208 367 3
141 163 16
140 437 19
4 249 13
184 280 3
259 413 62
66 425 8
270 387 75
25 167 18
19 161 5
54 74 9
233 451 8
8 229 32
92 435 17
160 378 13
292 325 2
205 346 8
54 407 7
244 439 1
257 323 12
117 176 20
216 380 1
227 335 8
397 417 11
194 228 9
92 235 4
154 389 5
259 317 20
323 447 20
20 232 54
117 264 18
65 85 18
80 276 18
406 434 4
64 442 19
18 340 50
239 279 102
14 86 10
94 429 12
162 443 65
265 326 5
21 93 16
230 253 18
91 382 11
54 173 13
58 75 3
183 228 8
192 258 11
140 424 1
34 48 14
80 178 12
162 423 15
24 69 5
126 197 12
173 397 5
116 342 3
101 322 18
346 449 15
170 279 18
239 257 17
39 232 13
165 177 31
0 198 19
16 339 5
358 382 126
142 227 13
83 145 165
158 311 332
112 337 16
78 313 7
91 242 5
239 429 162
231 260 4
107 294 5
189 431 6
23 172 13
56 205 17
103 368 2
158 345 8
68 316 19
