482 3071 3
240 443 14
332 386 163
15 236 11
163 314 13
153 244 14
327 480 10
220 294 129
42 323 5
261 351 1
215 268 10
269 437 19
163 262 8
192 351 4
76 79 7
18 145 174
174 211 18
48 225 20
435 449 14
286 344 9
82 274 16
30 196 82
73 210 16
165 395 1
286 462 7
180 181 73
398 465 33
178 447 13
191 244 4
248 460 4
178 255 10
149 478 9
159 256 7
65 94 18
370 378 16
16 357 70
44 268 5
246 456 19
19 92 13
8 73 20
322 429 159
146 329 9
108 242 20
53 229 13
112 212 13
142 453 171
205 459 20
14 70 16
248 430 3
32 141 12
410 455 17
67 278 5
197 297 3
38 92 9
251 323 18
160 265 118
44 112 6
394 421 13
17 158 5
392 406 9
29 128 7
353 421 3
50 77 7
92 480 11
160 315 6
9 27 2
379 412 1
151 374 77
59 194 20
103 331 17
373 440 14
418 467 2
93 220 68
124 481 193
31 66 188
278 435 11
250 253 5
76 116 11
161 308 190
5 316 103
10 192 4
187 240 16
130 175 45
234 267 16
37 46 8
225 420 13
121 294 2
343 398 12
55 124 2
30 335 14
67 148 1
227 431 20
407 429 6
136 255 1
86 337 2
285 333 101
274 394 5
122 413 4
303 436 4
247 258 10
220 316 16
94 143 18
157 418 7
359 438 17
78 450 8
183 361 13
240 269 19
131 146 9
308 374 19
27 173 1
333 404 128
81 162 9
316 456 13
168 260 6
41 250 5
177 272 148
101 472 15
301 433 3
30 299 13
400 459 4
39 184 17
17 156 18
297 310 3
137 371 9
37 193 8
151 455 10
161 454 9
122 288 2
2 196 151
44 208 513
195 396 15
170 305 19
73 467 125
193 411 12
381 421 7
89 367 8
345 346 289
151 454 18
13 61 7
41 81 7
56 224 19
47 100 722
48 197 10
150 324 1
113 207 157
275 346 21
386 457 4
83 227 884
16 79 192
41 103 68
247 350 450
277 341 111
107 110 17
70 389 3
140 322 11
37 50 85
184 229 184
203 251 15
87 268 11
84 405 15
70 182 2
2 76 3
209 397 1
196 474 19
131 289 200
173 195 2
202 418 2
453 454 12
12 212 6
337 349 19
161 169 4
369 439 13
110 290 103
64 73 2
105 464 13
125 155 167
124 289 4
174 430 132
67 458 133
118 247 9
310 389 7
124 250 62
426 468 12
61 406 20
46 148 20
116 462 19
321 328 66
2 16 156
86 96 12
219 248 432
117 243 11
6 107 14
155 242 4
126 188 12
82 459 8
107 109 11
316 432 15
104 145 118
74 262 17
30 306 15
205 463 10
323 481 3
106 155 15
317 385 18
157 361 140
77 145 1
24 180 16
343 453 933
23 161 8
274 392 16
271 351 11
53 475 17
339 473 11
230 258 4
0 152 5
39 318 2
241 429 14
122 458 142
222 255 18
249 357 4
122 426 7
234 450 14
185 347 13
115 274 3
41 151 9
199 259 1
77 241 18
93 400 26
46 72 364
341 407 9
151 213 16
218 295 9
255 388 17
322 363 3
32 284 11
38 230 4
91 311 6
105 223 142
85 400 18
83 176 1
6 16 15
86 413 17
64 460 2
154 393 10
71 93 9
290 347 65
7 434 3
246 258 9
31 269 2
378 440 1
253 462 50
25 103 13
14 207 3
45 372 7
130 464 14
118 120 254
287 453 18
87 241 2
184 372 20
57 125 634
118 148 5
124 387 12
175 338 1
136 402 108
153 189 20
169 459 799
55 387 18
41 110 11
172 340 5
7 30 17
2 460 16
115 148 20
291 372 11
114 245 182
21 215 6
91 328 118
116 481 10
77 305 4
161 200 2
188 245 20
154 346 15
44 252 8
66 352 14
4 152 1
151 179 5
29 188 10
142 264 12
252 256 193
201 338 12
7 370 15
399 467 14
226 288 5
36 55 6
63 235 18
14 388 6
210 241 158
169 435 16
282 338 6
46 354 14
5 35 15
280 398 11
9 468 20
164 287 12
73 248 7
3 21 13
72 384 13
0 251 4
243 303 12
121 315 18
28 138 140
160 248 20
96 115 11
88 124 4
59 79 5
152 293 73
136 452 6
387 462 18
388 410 16
369 427 21
8 50 81
130 378 14
179 446 2
69 150 20
11 153 7
5 458 12
119 132 5
422 443 1
116 187 10
14 270 15
59 224 12
93 106 17
386 433 7
60 188 2
239 245 4
358 381 16
60 295 1
15 104 15
46 444 17
195 227 14
190 351 139
319 421 1
250 388 10
250 312 15
67 394 7
91 392 15
132 167 2
201 234 8
60 340 5
120 129 100
45 229 12
116 272 87
396 417 19
210 446 9
390 481 15
71 196 15
55 228 5
355 443 18
205 266 120
363 383 17
19 103 16
249 399 19
385 446 2
72 436 13
170 433 6
139 259 14
30 292 11
276 451 3
61 462 18
56 81 2
166 475 468
82 287 9
128 294 10
174 304 20
386 469 20
110 323 197
199 427 18
370 398 10
215 312 19
242 244 14
210 246 13
26 336 160
79 224 15
91 306 16
268 341 19
297 379 19
228 235 3
93 358 5
211 298 14
199 444 5
170 314 19
153 450 79
93 370 1
5 243 7
121 169 4
75 317 9
252 367 17
14 128 11
9 340 281
112 404 20
7 446 3
259 274 10
189 235 1
4 360 421
196 276 7
48 148 414
59 135 8
371 406 74
62 74 6
229 285 19
74 461 13
281 447 18
248 308 15
104 356 7
7 93 154
139 480 18
214 463 11
117 287 10
176 451 4
403 426 4
50 355 3
61 332 14
16 70 3
200 323 121
108 232 12
10 451 18
205 283 14
204 247 3
60 259 4
75 292 5
96 197 20
23 289 2
89 231 13
151 251 18
262 299 16
382 480 20
222 373 920
419 449 2
412 418 879
218 456 2
58 127 19
255 431 17
12 293 22
236 260 78
33 427 72
181 405 152
68 270 10
288 458 2
113 281 150
177 206 18
210 481 17
175 464 6
51 374 8
8 256 6
225 285 2
73 114 1
26 167 14
180 421 20
224 424 18
139 408 127
133 316 11
236 360 1
48 140 6
265 347 9
192 411 2
460 478 19
37 425 10
193 469 6
72 172 13
93 265 4
209 345 19
23 201 6
158 407 29
205 295 16
11 16 115
101 428 6
160 376 2
186 339 18
309 392 3
74 381 5
270 320 18
357 372 3
122 395 19
13 119 846
293 309 1
316 365 58
46 465 1
73 428 7
58 205 165
16 339 19
184 382 50
8 100 12
35 329 17
90 394 18
239 456 17
186 389 154
160 388 14
216 400 11
288 471 18
109 281 79
250 315 14
126 255 19
176 195 15
246 314 18
104 187 11
180 430 4
45 83 96
161 261 133
148 150 9
100 416 8
204 459 2
177 254 12
130 323 14
13 350 1
272 306 272
52 315 18
69 202 15
8 366 11
279 350 16
5 61 3
79 91 14
377 388 20
66 357 5
247 423 12
194 458 20
223 389 12
68 320 9
342 401 19
252 400 12
202 370 10
263 366 16
305 320 6
192 442 3
273 460 5
171 311 107
30 121 15
222 445 19
66 451 5
104 410 191
327 448 13
248 333 42
33 319 31
149 333 8
65 325 17
132 302 16
63 148 11
358 391 11
127 189 16
3 435 9
155 193 181
109 159 19
76 281 19
371 437 22
112 228 14
19 119 95
132 457 43
161 375 16
38 480 1
84 449 17
223 316 7
47 313 172
91 224 11
49 93 18
69 411 10
45 265 1
29 328 8
180 460 16
96 361 7
136 293 3
153 370 2
313 464 19
4 293 3
60 394 3
45 213 145
89 98 1
200 450 71
94 434 9
163 295 19
267 361 10
2 38 798
9 11 18
226 413 5
31 277 14
173 417 19
275 352 7
99 207 5
6 464 10
382 445 1
100 110 13
8 13 7
250 374 190
134 341 5
161 266 10
21 338 60
104 307 18
4 171 7
3 389 19
172 218 15
368 386 14
299 349 8
184 419 20
333 460 185
142 461 4
64 322 8
195 314 13
196 457 6
270 366 14
132 342 18
35 95 10
276 319 17
160 269 18
216 339 9
323 450 161
60 181 1
396 434 6
125 178 388
151 442 19
225 318 6
305 402 9
218 237 13
173 375 3
279 402 5
168 409 9
114 343 10
150 258 18
153 251 8
378 413 17
273 309 6
215 314 127
312 340 7
53 110 551
10 193 16
162 471 6
244 455 14
22 314 8
89 227 16
210 357 153
273 411 8
58 255 5
141 334 15
8 447 6
402 461 12
13 161 16
290 314 18
5 453 20
112 260 10
93 378 12
196 223 6
162 244 15
113 257 13
26 362 6
322 407 231
45 170 18
349 396 4
376 472 7
257 271 11
46 194 10
66 436 27
199 446 17
47 307 20
83 474 4
26 241 13
53 64 11
115 288 15
77 270 10
175 181 127
99 419 3
201 437 3
173 214 6
207 391 68
240 390 5
142 395 6
116 362 90
111 434 11
96 277 6
188 394 14
165 221 2
237 290 10
243 396 7
360 438 6
292 455 250
136 144 4
61 454 8
57 406 1
226 393 1
264 370 2
351 402 4
73 460 19
77 384 17
223 447 13
8 42 18
30 165 20
80 466 14
259 289 623
152 386 14
414 445 14
438 470 10
24 118 11
233 389 130
64 187 18
12 402 19
199 211 15
280 417 7
374 443 20
139 435 2
174 481 15
227 239 12
175 446 6
180 248 10
154 180 1
51 472 1
70 240 14
196 316 128
104 352 65
196 219 10
169 437 14
63 333 9
63 94 4
249 407 13
156 384 17
14 101 153
351 356 20
77 390 6
343 423 141
145 410 8
98 344 4
239 438 10
203 280 18
252 257 173
84 183 8
242 425 5
156 387 10
283 393 6
259 340 7
374 401 13
291 347 658
127 211 14
50 106 49
2 96 166
59 271 15
207 239 8
71 434 10
25 116 18
302 315 13
49 180 88
295 300 20
25 302 17
143 169 20
351 417 11
130 333 17
32 179 7
145 151 9
103 162 67
175 197 25
134 315 16
332 449 1
153 155 13
217 250 8
50 72 16
220 306 1
252 291 11
79 444 564
125 194 2
9 67 2
89 304 7
134 473 20
289 433 2
133 202 9
349 433 11
173 270 4
374 468 13
25 228 17
335 336 10
156 455 38
398 453 22
262 382 7
333 345 20
158 383 18
134 183 20
14 48 17
338 418 102
349 435 5
137 410 16
230 469 2
7 399 112
265 270 9
169 197 8
113 422 9
243 352 14
203 246 16
98 135 14
17 360 8
49 134 1
190 208 20
87 193 9
39 79 6
40 340 3
34 436 18
155 290 16
158 168 8
230 375 10
131 287 16
130 460 70
210 459 2
408 440 4
10 88 3
49 380 5
82 324 18
112 340 9
267 407 149
19 229 18
6 422 17
158 339 10
51 151 6
61 94 10
140 283 5
298 357 11
80 147 120
333 446 10
317 458 56
96 158 17
149 456 1
90 388 4
114 352 17
187 249 12
322 346 17
363 394 19
316 378 20
72 467 3
289 396 110
366 448 157
152 479 1
134 269 11
99 284 72
52 245 635
64 225 17
109 168 18
21 314 3
116 249 15
429 440 12
238 259 5
205 343 11
50 127 669
64 333 7
52 77 4
196 394 11
0 81 9
103 435 82
378 398 9
242 411 10
44 259 11
4 184 14
81 258 88
321 427 24
241 295 2
61 189 19
125 263 6
276 317 12
33 165 15
220 257 11
393 446 1
92 378 1
207 215 18
316 398 103
361 404 196
343 355 20
385 398 7
14 238 3
54 173 8
161 229 9
170 290 7
90 178 401
165 346 13
247 315 3
216 391 8
257 384 3
195 375 13
156 368 12
159 441 16
55 103 16
316 356 5
345 371 2
309 361 10
201 291 14
51 383 3
126 191 101
5 407 1
370 385 13
392 449 18
45 184 2
241 301 19
82 340 17
421 481 17
30 109 1
91 309 459
72 318 8
172 372 28
120 362 3
160 346 13
155 351 4
325 398 6
7 385 8
244 458 6
196 314 12
71 378 3
138 341 12
56 248 11
306 469 165
134 282 10
461 469 792
225 369 19
15 198 10
151 250 18
262 396 1
23 360 12
201 446 6
231 433 14
75 336 671
155 260 42
32 355 176
153 378 498
103 462 15
116 124 18
355 398 13
113 392 20
204 229 19
475 480 199
430 460 60
114 299 18
200 260 12
179 311 1
342 347 11
1 149 2
62 352 121
130 430 7
130 446 6
123 480 1
188 196 17
340 454 18
243 413 4
148 237 8
27 288 117
304 371 9
242 264 16
52 363 72
257 294 1
75 76 18
25 41 2
1 296 11
64 248 46
460 464 2
251 461 10
281 417 15
18 152 14
55 239 2
112 218 2
9 398 13
134 146 12
52 207 3
242 351 19
251 295 7
91 377 18
92 426 72
50 406 890
222 396 12
109 311 19
4 333 3
28 183 16
208 408 6
270 404 6
77 445 16
33 320 4
204 310 17
314 334 23
87 334 16
219 404 187
247 361 6
165 377 82
389 442 6
18 415 6
137 400 16
256 374 10
122 468 17
57 458 15
57 321 10
299 337 186
103 387 15
1 114 14
78 439 5
59 91 6
71 249 5
284 330 18
228 381 4
333 348 16
37 102 4
130 161 787
101 198 16
16 375 2
223 391 69
187 406 11
2 172 193
228 250 5
250 390 38
165 324 29
67 407 19
91 257 16
282 473 44
241 270 265
86 309 7
45 239 3
331 450 13
234 403 8
343 429 18
218 318 174
98 200 17
210 419 1
213 421 14
8 216 2
4 305 1
109 430 52
113 222 19
188 340 20
288 467 6
177 432 12
379 386 18
190 209 17
71 370 131
56 127 20
170 440 20
158 474 19
53 292 3
33 179 16
235 386 8
123 269 12
215 470 9
209 415 7
1 231 20
26 444 17
147 304 15
19 45 3
94 248 2
219 273 162
109 136 70
124 446 21
388 415 3
223 455 16
162 319 17
279 378 18
275 376 2
71 350 4
25 112 11
200 234 175
294 306 7
170 197 7
106 156 2
149 457 16
298 309 2
78 353 781
265 290 18
187 362 8
231 418 7
93 398 18
91 380 9
39 426 17
296 454 13
250 462 4
312 329 4
36 259 1
61 63 4
184 265 3
7 365 159
63 178 13
11 138 189
86 330 10
35 438 2
23 153 91
24 368 2
90 234 90
58 309 19
172 409 3
83 402 15
5 282 17
407 453 17
163 261 18
101 220 15
152 428 3
156 179 19
124 330 11
39 360 5
206 273 726
14 50 12
54 229 3
168 369 11
265 438 18
21 35 11
224 306 164
300 428 1
59 287 151
92 232 459
120 128 11
179 455 190
359 384 8
184 302 15
332 406 407
251 290 16
139 196 17
169 449 13
71 153 1
386 404 19
12 354 16
50 366 15
394 448 137
9 164 15
266 462 59
99 163 1
103 407 3
163 244 1
158 260 13
129 238 1
101 304 6
160 435 4
209 217 4
277 351 20
149 473 1
34 293 5
183 396 13
284 290 47
83 151 18
415 431 17
304 415 8
98 147 6
30 312 70
106 351 7
116 164 5
7 160 12
11 176 1
77 324 4
221 480 8
106 240 16
302 348 10
217 322 6
5 355 132
105 234 10
190 235 114
175 333 7
229 372 16
207 366 23
434 446 463
274 372 17
72 455 17
409 432 20
188 339 726
317 388 10
153 234 184
15 390 14
18 463 141
228 253 13
187 332 76
2 313 145
224 411 6
55 89 17
346 428 2
21 196 3
241 481 97
429 454 12
58 396 9
108 449 17
125 379 56
46 171 14
56 222 5
138 435 7
32 276 94
187 456 18
76 306 5
52 459 13
190 340 5
170 212 18
2 343 11
270 459 2
75 332 8
419 464 4
145 384 9
44 161 30
210 333 3
174 179 10
188 353 11
259 394 1
71 85 17
1 9 9
238 268 10
182 277 78
201 449 741
102 122 6
58 462 17
170 347 14
133 327 9
340 375 10
38 232 15
6 11 5
33 380 11
79 87 1
270 417 10
199 470 12
158 476 1
61 161 98
294 334 7
116 268 17
378 460 2
48 161 10
20 203 13
54 289 48
181 246 4
7 460 106
254 415 12
197 331 115
252 274 110
92 318 16
52 270 14
79 157 15
9 426 6
197 225 8
60 428 7
92 122 18
237 332 19
209 271 2
379 427 7
25 428 89
189 430 16
94 277 8
296 385 3
73 333 60
116 449 3
15 160 171
232 468 17
122 134 8
28 40 5
36 394 45
65 119 13
86 251 1
80 447 179
430 464 11
164 309 2
11 341 52
290 306 7
93 395 17
46 471 11
54 204 1
347 393 14
153 331 14
271 275 2
255 428 19
296 465 3
249 325 18
146 337 11
197 423 18
21 207 3
133 355 1
202 444 112
280 380 2
180 314 8
305 319 188
193 341 11
2 139 20
209 294 14
294 333 10
257 387 1
101 446 20
1 340 16
46 196 1
136 364 11
123 243 4
74 172 2
111 253 19
148 149 14
61 444 15
175 366 6
213 334 6
41 55 2
202 337 458
106 307 295
148 443 591
3 62 6
319 392 19
24 419 8
88 246 16
247 300 4
150 160 29
283 407 12
3 246 15
220 240 13
17 112 5
113 199 184
462 473 8
45 392 5
30 243 4
379 431 182
146 413 2
129 175 4
45 405 11
53 429 18
67 103 9
107 411 16
21 296 17
104 460 5
180 210 13
75 459 52
299 392 11
51 77 8
297 464 8
287 409 9
89 251 6
106 402 14
261 377 4
75 376 31
53 289 6
215 457 28
375 466 17
101 267 18
151 253 11
101 285 67
253 387 4
114 335 15
77 215 17
302 412 19
319 322 3
57 195 15
4 106 1
159 369 4
105 248 8
146 307 13
144 307 8
38 457 1
25 318 25
111 407 173
186 215 1
61 296 20
102 285 9
319 371 63
446 471 12
86 230 5
367 476 74
366 421 1
48 188 3
249 285 19
260 337 475
290 291 11
294 459 110
169 338 16
64 85 8
282 302 12
239 277 135
47 198 3
88 393 15
62 277 18
79 172 2
70 471 8
135 194 3
130 133 12
86 479 152
254 390 7
74 246 18
79 412 6
87 462 17
48 285 1
65 228 6
441 463 51
47 172 16
91 220 10
157 362 3
60 82 115
40 350 6
232 459 195
152 281 479
12 191 164
322 451 16
336 449 14
107 460 919
116 151 2
115 252 15
184 290 2
330 448 18
391 452 15
145 258 13
189 391 6
30 199 13
53 446 15
26 386 19
410 478 13
161 285 16
455 475 20
25 305 167
164 181 12
311 396 8
406 449 13
137 352 1
223 444 9
79 129 10
2 274 126
73 312 19
114 202 20
229 241 17
236 404 18
161 225 12
3 361 18
147 199 6
122 140 6
34 446 18
11 57 3
33 281 324
29 135 38
197 249 860
213 243 107
103 151 8
23 376 5
248 319 13
271 414 7
64 180 423
46 390 4
209 432 6
55 377 2
56 108 16
63 138 12
234 323 17
172 259 4
343 474 194
96 321 2
175 236 10
260 405 16
257 325 8
208 248 156
381 384 18
159 432 2
96 152 16
428 481 10
331 373 11
16 60 17
160 421 172
302 479 19
196 340 19
68 276 65
316 370 8
271 473 139
36 440 1
74 269 112
99 266 5
46 117 174
191 421 7
285 341 5
25 480 8
228 462 19
121 350 2
417 439 3
143 271 9
77 224 77
82 188 19
214 332 2
53 412 3
2 282 11
82 394 3
18 108 11
215 402 14
235 296 151
220 224 15
208 448 74
288 349 13
218 424 5
142 393 13
71 202 58
109 234 47
11 375 92
2 340 20
73 130 92
117 127 11
67 343 5
26 254 10
207 349 13
70 126 19
10 128 11
394 396 2
41 228 16
197 327 16
165 329 4
71 398 1
50 256 69
211 445 19
372 383 86
94 296 15
240 321 14
271 359 5
79 447 4
139 201 2
152 297 15
232 239 15
160 164 12
49 176 12
13 132 8
91 271 17
106 108 17
297 419 8
281 406 13
79 438 12
30 414 7
46 396 79
241 346 69
114 259 199
280 387 20
115 345 4
23 79 105
65 207 15
10 235 4
129 391 15
228 277 5
3 255 11
164 479 2
176 328 927
153 438 8
53 225 4
445 481 12
69 222 161
115 317 3
249 392 4
76 337 130
194 478 13
145 345 15
55 316 19
5 343 1
60 104 16
60 175 6
187 392 8
353 395 179
151 462 12
142 389 17
9 326 16
197 223 11
61 248 76
64 430 13
434 439 6
381 387 14
245 464 16
181 341 15
299 472 9
51 384 18
204 298 6
98 283 532
206 405 4
196 259 11
29 123 12
142 435 7
333 453 7
63 415 87
279 313 10
214 278 110
112 113 5
60 172 11
398 458 10
146 414 17
405 447 7
296 453 2
16 379 3
57 63 270
133 305 18
93 327 10
16 65 19
285 340 10
224 274 4
227 321 4
280 378 82
79 271 16
25 184 15
95 367 11
200 340 7
47 159 5
18 147 14
332 392 11
34 113 13
80 439 5
64 307 16
314 476 13
70 454 5
137 215 6
127 308 4
68 180 10
392 477 16
205 232 13
60 95 19
106 456 7
289 429 3
97 370 65
244 296 15
346 374 13
143 210 93
270 428 11
175 460 12
268 436 20
138 173 17
369 392 17
336 338 1
6 138 5
76 187 51
66 331 4
107 260 9
21 457 1
87 253 9
271 294 2
453 458 11
153 323 5
7 71 143
124 253 20
360 460 19
194 470 3
374 456 15
301 335 101
121 340 167
178 232 19
105 250 6
284 285 45
173 176 51
82 162 16
70 392 17
186 259 5
208 459 16
78 213 18
15 251 127
177 332 50
205 251 19
245 258 11
206 232 20
151 314 13
158 401 9
129 252 10
263 286 14
57 72 11
195 341 12
62 163 17
195 469 17
100 383 10
384 388 13
383 422 17
359 376 16
172 274 1
248 446 18
215 275 10
379 401 18
165 353 5
38 262 13
40 225 1
153 294 1
105 413 10
263 436 2
292 297 878
156 347 9
47 386 12
129 375 12
205 270 2
170 229 3
127 179 4
164 229 8
31 318 1
182 364 153
68 228 4
172 300 20
23 45 11
87 110 14
435 459 83
51 455 41
59 183 9
179 352 5
32 307 6
104 478 474
19 56 1
323 331 18
83 364 12
120 205 10
159 197 3
171 401 159
147 166 13
39 411 13
177 256 7
223 281 10
10 424 12
200 330 10
82 172 171
10 106 18
202 248 5
182 380 9
22 481 187
78 194 26
123 372 14
94 189 13
17 104 20
260 430 11
12 114 1
50 258 46
93 280 3
410 436 19
59 306 15
2 150 7
416 448 9
54 372 7
177 284 2
248 464 14
193 231 144
10 367 18
52 55 84
314 443 2
168 290 17
449 459 13
98 309 15
8 389 4
42 69 4
288 366 18
127 172 15
121 219 118
355 468 19
247 337 20
125 364 6
76 332 4
232 269 12
73 175 6
34 404 6
288 377 2
19 215 4
252 259 7
12 34 5
58 421 146
152 176 115
25 124 12
10 351 716
274 340 145
61 453 147
264 324 6
144 460 3
339 368 198
121 151 692
1 409 18
64 175 6
355 457 15
30 223 15
135 215 15
76 406 145
34 324 32
364 421 9
174 292 4
103 288 18
130 180 16
229 290 313
116 250 2
82 153 17
28 443 2
79 352 1
206 236 10
333 430 14
24 300 12
344 423 8
254 387 5
207 314 11
104 235 20
95 248 5
121 200 7
10 108 16
140 159 6
74 434 15
413 479 8
176 375 81
57 107 19
24 377 19
31 118 67
232 338 15
214 301 20
30 467 9
62 316 14
125 259 13
106 360 17
391 434 3
57 235 11
65 266 14
13 25 86
25 454 9
77 274 27
12 248 12
57 189 20
41 462 1
62 300 15
205 441 16
90 247 3
86 125 17
31 457 14
239 348 2
231 410 16
75 173 12
123 331 124
213 322 48
32 348 18
280 307 17
6 248 180
139 274 10
152 359 3
21 246 10
73 180 10
91 113 15
46 467 14
53 180 9
157 266 11
86 276 156
77 151 6
193 351 12
338 423 8
141 189 16
230 400 156
417 459 12
280 430 12
0 188 192
138 451 1
18 295 3
322 391 2
69 356 5
139 164 13
64 299 13
175 180 19
46 172 19
184 347 20
272 357 8
172 464 73
138 356 22
2 342 8
215 266 9
155 258 6
204 210 115
60 432 9
22 289 15
314 393 6
269 343 78
137 305 11
387 409 12
175 248 4
162 384 15
239 347 5
196 246 2
47 398 158
316 340 9
351 367 5
229 289 113
405 463 5
70 352 7
284 291 184
161 417 16
302 475 10
249 322 8
94 129 9
48 169 20
294 458 6
215 387 8
138 169 10
106 411 20
185 393 5
134 167 2
188 472 15
108 333 16
45 116 6
225 307 15
80 350 1
180 271 9
14 457 5
16 383 20
103 116 2
117 314 14
1 250 13
113 376 19
208 259 20
261 325 1
240 275 2
102 249 33
42 178 11
265 372 55
350 426 1
188 456 2
355 403 17
399 407 20
369 449 11
368 453 6
253 407 12
255 351 4
145 374 8
259 400 119
208 462 15
205 457 18
152 372 2
134 252 12
183 316 17
121 149 12
36 89 13
197 285 1
52 152 114
59 220 197
299 474 19
152 403 8
51 153 4
131 463 17
7 398 9
384 476 19
366 478 84
132 211 7
58 78 9
34 296 101
205 304 9
44 473 20
212 274 427
11 352 12
60 214 3
296 338 4
92 366 9
47 468 15
116 245 2
155 253 19
216 460 9
390 399 7
303 361 125
6 173 189
175 210 13
145 156 20
325 400 10
429 435 4
159 293 78
159 349 8
130 234 6
332 347 2
117 179 178
338 478 6
240 285 17
144 235 17
136 379 96
421 460 14
40 296 1
64 389 18
339 427 150
182 241 16
163 454 19
45 363 20
14 468 85
34 86 10
118 196 19
273 409 11
231 271 1
108 164 72
53 161 27
275 444 5
118 334 19
407 454 17
252 346 547
222 294 5
314 438 2
99 389 14
281 292 13
187 267 2
123 458 16
39 235 11
151 387 7
53 456 4
223 474 4
19 378 7
210 268 7
106 193 7
222 377 7
139 188 13
130 210 8
7 298 46
251 300 12
0 27 191
125 240 1
227 437 1
181 369 16
241 459 9
69 332 6
81 439 11
178 444 16
255 408 2
179 384 4
285 457 17
231 455 10
87 411 11
149 356 12
51 54 18
97 458 14
138 197 73
220 271 8
188 303 8
93 322 2
249 474 8
156 266 20
255 289 18
12 83 19
317 323 10
349 361 7
126 406 662
11 35 20
144 376 7
384 455 4
28 324 932
33 286 7
77 428 116
100 406 9
183 445 11
313 407 4
352 370 7
108 424 11
58 456 83
77 255 6
23 146 1
210 248 18
9 309 3
72 265 2
251 449 18
184 291 9
287 361 17
87 333 301
116 387 14
11 395 107
253 413 17
6 71 4
170 372 10
21 377 7
18 405 1
128 146 15
65 165 10
173 334 338
251 443 97
33 479 8
271 282 187
17 212 1
186 277 5
77 156 147
40 124 6
195 305 7
51 447 5
11 196 7
120 393 15
196 207 10
24 303 3
251 398 1
207 246 603
303 389 6
58 339 159
47 300 12
73 78 36
425 470 8
138 205 106
104 412 12
115 220 7
251 281 19
162 342 8
77 449 18
207 304 189
43 45 8
187 298 4
134 257 4
255 278 12
240 460 14
113 269 9
60 161 7
11 173 160
62 430 11
288 418 4
176 443 9
251 417 894
352 416 20
300 441 13
112 175 13
31 350 14
180 333 5
115 162 3
415 458 19
37 316 523
226 269 5
139 218 8
341 458 18
194 250 14
278 474 16
86 110 104
217 427 13
156 354 4
125 210 2
61 116 7
175 430 18
191 257 167
30 326 19
316 376 38
318 443 3
141 457 5
211 252 1
429 457 2
223 460 14
314 381 7
52 449 6
19 167 9
255 383 24
157 439 1
286 394 54
149 421 14
172 201 15
343 384 18
123 350 13
69 290 46
131 280 53
163 267 14
453 465 31
59 294 12
60 77 6
70 369 12
154 235 165
67 205 131
373 465 229
116 253 5
135 414 15
281 324 160
119 306 11
30 222 9
4 22 1
6 41 107
429 459 376
198 395 11
91 294 503
164 467 17
135 413 2
428 459 14
200 407 4
94 157 20
364 369 398
200 331 7
337 435 16
225 355 2
152 355 12
218 394 13
91 145 8
113 309 12
66 200 145
79 257 2
131 315 6
7 280 64
209 407 14
71 213 49
340 394 8
55 248 14
52 429 19
366 409 9
8 144 7
328 449 19
65 367 14
186 356 11
340 386 70
155 475 19
110 410 3
59 143 2
104 134 19
97 432 6
286 449 119
300 419 15
71 385 377
93 439 15
77 435 130
16 195 9
155 357 15
51 179 16
37 251 17
301 440 7
144 363 4
173 300 3
188 259 47
268 450 5
130 458 6
24 161 11
325 405 90
135 253 196
26 153 18
59 124 192
91 350 19
440 461 8
136 202 9
405 474 6
398 406 72
111 124 18
267 471 12
409 417 12
145 430 13
79 342 15
170 291 8
188 194 14
71 316 4
12 292 13
103 433 211
50 304 7
49 62 16
146 404 116
339 406 176
192 193 13
110 424 13
260 334 10
224 257 10
77 315 19
23 70 20
41 309 13
261 329 98
128 371 1
64 210 415
125 340 18
346 383 15
201 231 19
224 271 6
390 392 17
82 259 9
56 317 192
37 41 11
157 454 18
17 472 14
182 460 17
53 285 6
70 322 3
229 371 3
49 242 3
251 385 12
81 431 144
382 438 19
387 445 3
316 336 67
16 341 4
108 204 14
2 60 9
10 321 159
316 446 11
229 347 18
172 470 19
56 307 9
95 216 832
357 420 8
25 402 11
23 346 77
307 439 16
74 226 19
288 395 198
30 234 2
172 418 12
333 400 15
276 457 7
150 264 1
384 410 16
27 112 14
112 442 10
164 458 14
23 357 19
54 443 7
2 131 12
55 205 167
230 437 4
249 449 2
115 466 12
74 480 20
123 391 19
341 423 135
277 398 714
93 385 20
221 275 12
64 454 19
216 298 201
2 358 184
80 171 115
25 143 17
82 317 18
79 220 294
91 360 49
15 371 13
29 192 8
6 20 10
67 453 5
45 86 12
57 94 14
5 194 178
154 481 6
76 449 7
174 277 4
340 453 5
382 464 3
61 187 16
18 259 37
407 418 521
324 389 1
411 457 3
113 378 4
68 237 8
293 386 17
89 457 13
59 257 4
160 401 18
378 385 5
194 460 14
190 204 8
80 332 11
205 242 20
78 212 8
376 465 10
158 315 343
167 384 5
186 358 6
86 91 8
27 133 16
70 428 93
369 406 12
2 188 20
110 221 36
186 262 1
147 270 12
178 426 14
304 308 152
342 444 8
130 331 11
230 340 14
23 94 170
118 178 1
64 446 139
24 338 14
241 435 155
77 289 103
332 369 15
260 392 14
48 362 20
4 249 13
94 396 3
92 113 7
50 119 12
121 163 175
197 433 180
109 370 3
280 316 19
180 292 7
68 258 6
58 337 18
33 465 18
260 349 145
73 327 16
325 327 2
412 420 16
55 250 9
243 272 12
314 415 9
225 395 14
244 440 17
387 476 104
219 346 4
246 457 16
430 446 125
178 238 39
25 151 19
216 306 3
96 250 12
135 355 18
277 447 1
371 455 8
210 460 4
114 279 1
287 291 16
396 478 9
303 455 7
74 186 18
210 428 17
115 469 1
32 33 6
31 58 13
90 212 4
301 409 4
322 448 162
228 387 5
281 393 5
291 421 11
200 293 15
31 78 17
10 444 12
407 474 16
79 479 5
180 446 170
167 339 7
114 480 118
124 403 3
196 215 7
184 310 9
58 94 6
371 448 28
324 364 13
377 427 10
81 171 12
61 392 10
94 235 7
103 244 2
291 365 8
251 338 15
147 256 45
41 387 10
432 474 14
328 474 7
113 319 17
259 341 4
64 464 20
284 294 18
17 62 14
305 314 930
41 329 13
173 341 17
11 14 1
446 464 10
249 406 14
252 444 12
323 479 3
196 366 168
271 420 14
146 284 19
353 365 86
262 438 1
10 242 20
301 437 89
78 235 3
147 174 17
341 385 16
91 463 8
42 306 17
31 33 10
323 332 5
235 267 4
19 250 20
77 104 7
315 383 3
129 336 10
257 306 19
178 431 8
229 291 6
30 206 27
151 384 189
41 436 12
30 192 10
290 372 169
328 341 15
270 356 3
359 467 4
52 428 9
241 257 13
378 461 137
139 158 10
61 465 7
145 167 9
134 447 16
172 188 121
169 205 5
120 252 9
27 460 12
165 231 150
92 285 164
297 447 38
283 460 19
52 241 9
1 418 9
102 296 2
429 481 18
446 460 148
175 191 639
101 362 7
35 36 100
178 436 10
41 243 4
69 270 17
102 360 1
104 156 11
196 393 134
224 294 15
52 211 6
56 210 14
64 387 5
398 407 63
340 463 96
61 369 11
378 446 19
329 426 10
340 440 15
192 331 18
328 375 60
394 456 6
292 479 14
237 272 14
205 257 6
152 242 18
222 406 2
405 431 12
351 411 344
90 298 10
5 480 6
0 97 19
21 190 12
36 271 16
370 473 7
299 384 13
22 307 10
28 29 11
393 403 20
70 386 10
253 341 2
194 318 9
93 436 109
28 216 5
148 420 14
62 158 50
30 441 76
18 264 36
348 397 6
97 191 3
117 358 129
60 274 14
2 386 16
189 469 6
343 458 35
101 430 16
55 378 17
49 288 10
199 317 17
407 458 6
149 295 17
153 398 20
5 198 53
375 428 68
45 201 12
32 404 4
212 439 11
450 467 15
175 404 10
2 259 19
179 458 3
169 225 18
197 229 158
311 439 7
203 469 3
60 429 10
108 269 131
156 428 181
164 439 20
289 366 2
23 294 17
243 266 3
370 446 4
123 302 9
151 410 18
19 174 13
0 135 15
56 242 1
94 384 8
121 312 14
66 346 2
322 374 13
6 375 134
67 417 85
220 374 18
45 429 127
5 86 9
276 356 502
26 480 14
390 435 11
246 270 4
15 464 19
134 238 5
189 296 15
170 225 15
217 429 77
274 338 9
191 425 5
106 113 6
310 405 373
86 359 11
235 367 12
33 414 15
153 385 5
130 248 6
88 265 10
73 201 14
127 441 219
48 53 15
61 74 5
15 460 14
368 446 5
56 261 3
64 130 4
135 270 17
77 280 979
388 407 20
169 249 5
328 352 20
108 155 19
347 386 19
178 207 15
190 256 14
160 250 44
52 210 166
7 128 6
180 464 10
77 481 20
11 317 8
93 316 17
154 277 63
186 409 7
93 252 8
63 341 11
439 480 19
31 132 80
73 430 9
72 468 3
291 333 8
125 156 9
444 472 14
376 427 74
134 156 7
316 385 94
77 410 17
21 112 4
35 469 20
289 310 17
120 297 2
329 350 7
104 305 13
153 200 1
140 398 65
112 198 97
92 316 7
145 455 13
57 61 13
296 399 10
250 437 14
13 55 2
79 394 16
187 449 11
43 280 15
23 270 19
320 354 3
126 237 62
19 153 8
325 354 20
61 361 377
61 215 3
42 390 4
116 228 197
122 212 197
386 428 14
209 253 1
350 360 13
173 392 6
336 417 11
15 48 2
91 270 3
400 439 4
37 72 13
355 391 17
21 247 20
100 295 7
210 430 4
158 192 9
258 430 13
246 277 7
305 476 13
223 298 8
145 172 19
375 410 16
36 434 3
80 271 7
147 370 14
17 135 18
106 192 395
329 418 15
62 175 8
5 398 14
183 187 200
95 339 19
43 289 195
370 439 19
29 288 14
365 472 13
280 385 24
25 452 28
48 229 1
324 463 11
68 427 17
287 425 18
311 454 7
4 365 13
19 105 59
91 381 10
55 151 75
38 467 17
205 449 3
117 254 4
37 369 134
1 117 17
116 392 4
425 437 99
61 249 4
214 411 3
43 296 6
64 435 8
356 374 19
151 340 9
44 459 12
10 155 67
179 410 20
106 242 14
103 124 13
352 456 20
25 387 15
163 473 8
333 464 8
58 388 1
141 336 7
274 326 7
5 439 12
57 132 17
258 462 12
204 269 2
246 326 64
132 391 17
39 364 47
106 137 3
62 276 2
22 58 89
1 264 4
52 60 18
157 194 17
216 222 1
284 444 74
20 84 794
36 161 18
80 325 10
94 454 143
151 260 151
46 199 3
121 158 9
266 288 11
102 104 194
207 318 183
63 293 76
41 356 4
298 467 4
75 411 6
88 145 11
35 353 1
41 334 139
232 466 1
371 372 4
25 462 1
257 367 189
218 317 16
195 328 19
280 370 10
44 53 3
229 319 2
246 256 254
99 113 2
151 328 9
452 457 19
118 183 126
103 218 14
55 452 161
287 365 16
5 302 76
253 370 3
207 227 928
193 417 9
25 106 18
355 458 166
182 219 569
355 407 10
17 404 6
67 299 11
224 266 10
11 195 15
88 386 8
79 306 9
343 407 16
11 332 197
176 341 17
184 316 11
48 89 17
210 429 12
172 389 106
226 274 10
251 389 5
74 307 18
193 370 121
36 77 7
227 344 176
220 329 8
60 435 11
6 13 4
263 365 5
339 343 4
299 362 137
160 309 12
38 182 94
239 448 16
251 370 1
81 207 10
102 304 14
293 373 18
123 351 927
142 288 167
75 161 14
7 378 846
71 327 7
291 454 7
29 148 13
96 284 16
49 207 4
41 253 12
39 160 7
28 251 15
263 383 17
117 451 13
116 160 1
14 117 137
141 151 1
83 349 10
110 231 12
151 185 18
125 442 13
103 228 17
54 262 18
155 192 161
221 224 16
24 40 12
263 303 1
13 247 35
77 401 7
103 330 4
73 464 134
131 264 91
116 406 17
167 251 8
7 153 13
60 459 14
23 130 4
1 120 14
93 446 905
179 266 6
196 209 11
176 317 11
233 371 5
192 242 16
153 280 19
137 459 68
31 249 10
118 476 10
52 435 19
143 161 2
336 369 16
249 354 88
92 452 9
118 452 11
39 294 4
126 147 20
343 356 6
58 172 10
205 435 13
289 343 3
175 269 19
279 444 154
27 246 6
72 102 13
190 359 17
76 369 4
58 96 15
139 394 5
19 416 9
112 288 132
198 303 1
433 477 13
428 429 9
176 252 964
369 385 19
223 466 185
33 421 13
25 300 20
15 21 2
368 373 1
153 165 40
3 105 6
3 131 1
124 166 8
11 328 18
60 139 15
85 392 13
198 383 20
314 457 3
4 321 18
239 423 62
57 296 11
135 216 15
274 342 3
263 332 151
305 339 5
159 352 633
263 308 14
287 443 17
327 380 16
287 292 12
59 96 13
101 221 10
89 321 5
104 384 9
298 431 12
270 429 1
247 470 8
14 226 7
61 76 2
16 96 2
155 411 16
355 453 11
91 416 20
291 450 10
66 278 20
336 383 15
2 82 7
213 351 11
52 481 324
45 291 19
255 415 6
116 332 919
67 355 2
16 164 19
207 457 155
37 271 20
124 265 11
281 290 19
175 320 14
415 450 73
257 310 11
310 311 8
248 261 10
287 465 9
24 94 13
174 413 134
18 72 1
130 477 1
327 346 8
152 342 20
14 123 19
282 325 10
46 140 9
172 394 16
2 379 13
55 116 5
77 179 13
216 480 4
100 458 11
265 464 5
102 116 8
18 73 1
251 280 16
85 347 14
215 246 10
286 470 19
183 216 2
153 316 7
120 325 15
361 447 6
25 55 6
204 460 4
59 256 11
76 392 11
90 243 9
49 410 3
188 401 9
22 477 16
280 394 10
77 459 130
51 104 53
51 156 12
241 428 11
5 67 193
206 235 11
190 357 14
93 324 9
147 241 3
184 392 142
301 448 11
179 374 19
41 116 7
26 284 185
339 355 13
79 429 6
312 421 12
247 351 1
153 446 11
252 459 182
9 360 1
6 341 3
50 357 19
304 473 12
374 410 58
145 150 15
178 427 14
26 475 19
52 476 11
79 294 13
95 452 1
229 462 18
307 331 6
241 430 20
23 96 768
128 398 7
15 242 13
169 407 17
6 90 15
155 337 18
22 194 16
217 238 8
173 292 13
27 73 169
67 398 14
14 454 10
102 353 18
355 437 18
338 461 15
195 247 3
2 394 111
52 431 3
49 268 121
161 446 11
251 446 11
7 251 15
210 464 174
365 439 20
291 346 3
136 218 1
7 316 150
117 216 173
11 289 102
151 228 1
187 369 16
137 325 6
246 392 12
282 428 17
341 375 5
21 461 5
184 459 19
79 324 5
294 354 163
74 414 4
302 455 1
61 449 26
124 151 1
8 142 27
6 195 15
22 89 32
67 457 20
56 68 19
185 228 361
156 297 7
210 270 12
297 356 12
130 450 46
0 182 7
338 385 8
397 440 18
162 383 19
132 263 13
195 226 19
252 301 3
61 387 861
282 347 17
21 106 11
170 265 7
24 323 3
5 327 13
46 244 7
55 76 10
