685 4156 3
271 451 18
308 501 10
501 671 19
123 492 13
68 399 114
399 633 17
487 588 11
400 649 158
404 495 3
153 482 90
333 585 11
485 532 20
115 663 8
422 533 8
610 628 471
414 570 15
19 23 15
373 659 20
304 629 10
355 545 17
48 49 13
130 677 15
0 238 2
174 579 7
526 678 13
41 427 13
2 403 166
119 432 7
28 478 2
136 356 4
37 333 20
116 664 14
68 80 16
456 525 2
326 484 17
104 319 3
596 610 141
512 624 9
374 541 6
246 514 8
232 606 69
20 80 12
297 480 14
68 223 8
265 643 6
160 396 83
53 284 18
264 322 15
293 448 12
409 597 19
516 583 12
394 410 4
217 420 151
42 174 39
185 296 9
142 145 2
99 623 18
171 644 20
450 676 73
53 320 9
99 550 10
7 435 10
77 193 108
123 272 12
76 670 154
20 480 70
225 593 31
461 658 8
123 145 17
299 542 19
397 400 4
306 387 4
166 278 6
105 176 3
113 169 20
87 139 6
433 520 16
502 664 2
360 428 2
417 424 6
353 445 19
77 675 2
446 571 11
403 542 19
54 147 14
13 464 14
309 656 20
154 668 10
487 632 13
42 207 9
517 581 4
118 385 12
266 514 143
241 637 2
24 110 4
320 631 6
548 595 20
391 643 17
403 464 18
135 570 185
345 520 8
96 624 196
194 366 17
606 624 13
182 454 18
436 642 15
43 681 19
485 576 9
495 679 909
308 394 8
213 499 19
53 535 10
128 147 8
116 185 7
108 267 2
224 533 10
253 420 72
24 139 11
288 416 19
642 669 7
268 324 9
251 441 12
321 419 16
100 578 19
56 122 19
232 468 15
403 440 3
561 635 20
91 342 12
89 675 2
3 567 120
185 537 153
350 591 8
223 531 2
106 498 2
433 527 14
55 385 15
341 514 4
413 537 161
534 670 8
187 247 146
83 462 14
206 636 2
601 604 10
621 644 10
160 594 13
35 471 144
330 630 5
57 373 10
67 289 17
95 213 15
17 427 16
408 568 13
341 421 10
220 224 7
99 547 7
106 462 6
355 420 2
533 567 18
515 558 13
185 648 20
310 496 10
141 202 6
577 591 218
28 538 4
3 224 18
209 473 5
16 84 170
13 367 12
446 564 8
144 630 8
124 276 9
223 608 12
158 517 109
10 334 18
4 652 18
106 173 11
194 236 12
217 536 15
387 391 189
89 440 9
294 505 11
253 506 3
442 641 7
561 663 17
474 669 7
214 582 18
345 455 4
138 322 178
614 651 11
519 520 9
148 584 18
196 540 15
272 452 198
299 334 3
537 587 7
3 102 13
183 192 4
298 618 2
65 164 9
41 114 9
421 639 5
560 597 1
487 614 8
361 634 1
27 644 11
273 457 8
63 652 14
266 634 5
226 544 353
114 142 2
34 671 1
297 658 11
164 671 7
392 513 9
253 356 3
415 682 16
313 497 16
85 574 10
382 386 193
145 317 449
178 269 6
62 629 13
543 586 1
207 293 6
56 224 49
103 122 16
392 602 167
79 667 4
110 285 20
206 632 19
480 610 19
234 355 3
190 641 17
323 659 12
178 673 14
385 625 22
284 667 17
636 644 3
108 393 18
550 583 16
248 514 1
133 595 428
34 90 11
137 440 135
387 509 2
478 525 2
361 562 7
148 205 12
492 522 1
59 647 97
324 439 5
24 411 57
442 612 16
572 672 4
79 429 15
85 454 72
499 521 12
546 570 7
109 149 12
34 207 16
550 669 4
175 618 10
29 100 6
45 663 96
175 327 6
175 363 19
6 214 20
249 299 5
251 443 19
99 479 17
295 441 162
157 642 4
74 410 195
454 639 14
456 569 197
145 389 10
343 610 1
44 179 6
149 503 17
54 382 18
22 202 12
224 578 15
105 518 7
233 656 18
51 197 3
350 413 3
19 183 375
130 433 12
247 562 8
445 499 32
88 611 15
82 285 133
119 664 8
294 331 85
173 680 19
95 511 109
275 397 18
166 624 18
441 574 3
488 527 140
55 115 9
446 478 3
188 250 233
470 482 10
119 287 4
155 487 93
485 621 630
15 69 17
63 650 99
187 433 14
148 295 12
167 644 17
310 516 190
99 669 92
353 619 14
409 520 455
132 620 9
308 669 12
529 632 15
98 160 15
177 508 14
110 607 16
422 474 18
69 280 9
274 510 1
116 659 15
139 528 58
71 247 12
147 606 20
44 676 13
362 669 11
234 682 3
493 578 9
82 377 12
250 460 12
431 554 6
327 389 9
165 556 277
242 620 8
139 492 13
91 408 2
267 316 90
217 377 11
144 506 20
169 317 20
278 533 10
147 554 11
183 452 2
7 63 18
48 315 173
118 445 16
534 628 19
24 122 34
45 679 1
265 299 17
441 457 20
119 632 13
245 593 5
109 338 16
320 452 9
177 362 186
305 674 18
48 582 7
49 484 18
52 87 20
55 179 17
151 569 18
312 474 6
417 493 11
153 659 11
145 215 13
334 584 7
71 124 7
59 572 3
26 144 8
495 575 4
211 278 8
171 392 74
219 285 1
194 596 3
189 387 8
38 45 20
251 635 11
71 572 11
10 227 14
255 262 9
201 463 17
44 422 14
395 426 16
144 317 12
361 490 12
225 252 13
227 575 10
408 444 46
189 288 2
127 254 2
119 568 19
116 644 599
77 94 6
415 618 13
96 531 20
349 360 7
254 501 19
66 139 18
125 179 19
502 670 12
40 347 10
29 305 563
54 69 60
137 403 4
170 628 16
98 485 192
427 474 12
7 482 95
241 387 169
373 534 11
416 463 6
208 623 7
277 526 3
114 443 16
481 541 45
315 431 15
471 608 2
351 571 20
22 527 2
139 515 14
136 420 18
95 445 49
247 387 13
433 678 63
284 316 15
99 611 2
146 494 13
451 454 4
284 440 14
253 632 3
28 137 12
140 432 1
275 388 13
293 346 96
254 545 10
140 491 505
53 167 5
181 667 6
179 356 2
387 472 13
626 631 677
402 541 32
143 627 4
139 580 165
269 349 20
273 680 842
274 529 14
531 629 479
29 432 3
300 400 420
294 596 54
324 548 7
180 343 8
390 442 17
218 514 23
431 511 9
149 288 2
60 157 19
285 666 10
342 402 128
255 515 484
77 449 5
151 181 132
319 441 20
560 571 161
205 447 5
185 575 2
142 467 11
501 655 8
25 280 20
260 575 181
245 275 18
336 509 8
105 197 11
16 45 8
484 538 19
342 571 5
12 600 9
116 638 19
16 160 15
373 421 1
503 634 5
260 542 19
69 230 15
529 602 17
106 681 4
463 484 12
209 460 508
112 413 10
195 202 4
267 619 20
228 480 4
287 320 3
356 420 4
24 112 9
469 677 12
242 498 28
74 521 20
51 288 2
577 605 21
6 386 12
3 398 15
524 533 5
555 680 5
212 307 13
268 321 51
4 464 19
139 495 7
34 244 178
276 325 1
300 313 314
478 559 12
8 151 11
95 479 18
225 577 123
108 137 8
119 303 13
457 612 1
9 643 25
170 584 1
234 575 15
275 304 133
165 574 15
29 83 11
139 506 9
233 342 3
89 534 26
132 203 75
267 376 2
19 114 16
317 657 3
42 591 14
53 114 16
267 529 14
138 217 111
42 57 4
199 529 18
303 457 14
427 567 1
99 109 181
173 409 5
225 362 20
286 519 14
289 585 4
132 517 2
39 304 182
527 615 13
327 665 20
124 489 20
245 363 4
446 498 36
448 496 13
437 454 1
269 376 13
44 376 31
169 498 9
48 436 128
225 611 153
166 274 64
217 320 2
11 676 8
225 657 48
373 448 14
287 652 1
12 330 11
299 315 10
173 420 3
107 671 5
137 185 9
377 676 10
426 453 7
143 315 18
65 335 96
46 541 3
178 608 5
285 313 12
174 269 14
132 447 133
61 62 19
67 255 20
97 449 39
295 300 106
570 636 32
115 561 17
19 429 14
605 623 10
19 165 13
137 648 12
187 206 14
75 239 10
184 240 6
95 499 13
250 502 7
5 638 18
181 260 109
338 432 17
141 261 17
61 531 10
249 427 11
167 188 1
103 495 2
76 329 5
128 384 10
55 364 10
177 400 1
58 599 18
320 487 154
99 138 2
5 55 934
469 544 19
137 239 13
99 113 7
179 221 18
303 314 63
386 456 10
144 156 11
195 441 12
13 286 19
92 111 106
395 443 18
184 286 158
24 144 10
43 543 3
332 525 18
166 572 13
272 572 10
95 140 8
462 565 6
236 680 3
171 503 10
379 640 194
312 422 6
49 432 19
39 475 1
86 118 16
197 218 12
56 326 17
506 639 20
588 658 3
312 546 19
194 563 11
7 463 20
260 681 186
480 644 1
132 323 12
379 420 8
486 535 15
5 168 11
153 275 18
68 311 16
193 446 20
80 630 19
108 162 4
105 631 3
355 542 12
442 453 17
412 623 2
261 619 154
295 310 826
271 304 149
73 658 48
135 664 8
5 337 519
488 663 2
195 612 1
91 516 11
336 572 84
376 491 11
380 446 63
314 456 20
377 542 10
195 219 14
44 426 20
189 403 5
382 664 2
241 634 24
53 111 3
142 301 2
100 257 182
333 556 11
137 376 8
204 536 3
287 295 18
240 479 12
161 591 11
4 189 8
190 605 12
30 521 16
464 516 20
247 495 16
324 327 2
254 327 11
134 433 1
44 65 14
83 127 97
311 572 16
555 622 84
169 321 7
69 405 15
111 228 9
92 504 12
49 590 20
375 589 1
180 316 5
59 487 12
108 197 47
286 599 1
422 547 4
234 430 1
52 418 11
76 240 20
329 537 7
7 451 13
512 640 12
211 384 16
35 90 6
123 508 17
118 294 18
67 157 16
69 553 19
252 495 9
439 480 6
89 118 127
144 448 11
105 150 7
100 565 1
138 492 17
475 664 6
300 545 15
284 335 4
439 472 16
246 338 20
296 311 3
39 73 5
138 581 79
259 500 19
467 602 4
430 539 10
0 240 4
294 419 2
448 502 11
352 568 8
35 109 6
250 376 9
53 550 15
14 207 18
511 610 15
179 574 164
318 546 4
376 645 3
444 572 87
345 401 75
550 567 70
254 677 5
407 539 5
31 466 6
261 353 1
28 429 11
121 587 141
198 223 11
145 253 16
198 666 31
135 516 6
234 542 17
38 681 4
367 496 18
34 493 137
566 670 14
26 226 2
452 659 197
51 491 6
519 562 11
17 671 15
501 608 95
115 187 15
49 209 14
39 52 13
65 391 5
295 633 114
338 500 8
41 102 2
303 350 15
122 288 2
4 146 17
263 316 84
136 253 75
9 431 13
5 346 16
183 594 18
467 562 17
79 186 9
79 98 15
96 457 18
79 124 1
212 223 14
133 419 2
383 562 20
20 592 722
125 221 13
511 585 1
167 311 102
377 558 8
91 447 19
132 239 81
608 639 18
505 653 13
255 658 8
280 285 12
393 591 188
333 539 20
509 604 12
23 500 4
125 358 15
97 191 12
326 440 718
381 656 724
292 624 881
32 77 24
362 412 115
112 466 19
34 295 146
147 477 320
1 326 6
18 268 6
72 370 14
243 395 3
511 641 14
462 675 18
282 427 2
228 269 13
363 652 10
351 675 17
593 662 17
234 603 12
82 608 349
197 661 4
50 101 194
154 385 13
40 486 19
26 295 9
187 520 14
19 380 3
463 679 188
75 287 16
366 382 92
167 445 17
462 463 7
453 522 14
193 525 11
245 398 12
123 509 7
195 246 27
359 450 19
288 353 1
501 577 18
65 475 17
213 490 64
82 606 184
179 447 8
131 342 15
193 277 9
409 658 15
13 320 11
329 347 6
4 629 10
16 488 4
27 516 3
118 164 20
45 224 4
609 671 20
441 506 5
277 382 16
361 617 13
283 475 5
371 525 5
1 616 20
400 435 18
30 481 13
459 588 58
320 389 15
284 317 19
516 528 14
506 591 8
74 661 15
158 204 5
312 608 15
223 549 8
80 233 182
194 394 5
390 665 17
441 621 18
197 517 179
56 355 4
309 586 13
34 246 7
449 682 81
328 681 6
113 420 14
342 354 801
185 579 7
487 563 58
172 381 13
207 531 11
327 468 17
127 358 116
372 603 19
227 355 27
16 519 3
355 634 38
443 545 52
348 361 14
191 471 3
429 525 14
279 618 15
238 451 3
384 429 9
366 554 20
64 82 2
381 459 7
270 337 178
89 360 13
359 586 47
162 202 135
69 567 4
80 343 147
144 591 18
251 661 93
3 322 16
420 514 229
103 437 19
506 546 12
53 140 11
452 665 12
84 277 20
225 253 50
175 549 91
53 664 7
87 114 10
22 615 20
170 465 3
210 517 1
146 280 13
272 587 5
102 623 90
150 391 1
345 510 9
403 603 11
51 505 1
72 303 4
29 168 7
224 331 10
451 589 19
225 386 10
0 170 9
508 603 2
101 428 19
164 345 99
106 642 16
598 663 20
529 655 34
572 623 4
189 547 8
395 434 8
28 424 14
247 655 9
64 411 16
85 383 7
281 527 4
2 392 9
212 372 67
11 621 20
170 455 13
17 593 18
278 303 125
366 629 18
77 562 12
180 298 52
296 673 132
118 214 9
376 451 674
446 450 12
168 543 20
102 474 7
453 681 19
173 450 14
218 554 1
163 343 20
87 626 55
60 680 199
436 472 10
193 606 7
105 163 12
115 527 5
173 566 19
77 124 183
193 531 20
187 488 12
495 584 11
47 539 30
462 584 15
52 301 175
177 379 7
120 300 13
471 531 11
96 137 158
208 298 18
553 592 10
366 667 17
60 667 135
121 193 98
19 650 19
75 464 16
58 348 9
309 508 10
222 672 3
78 268 12
176 567 5
272 494 3
532 534 14
300 357 5
79 486 9
239 464 8
151 189 20
214 325 62
245 355 19
349 449 18
446 476 17
494 662 17
56 477 7
439 465 14
14 136 3
21 557 7
55 437 20
44 613 100
147 340 175
134 496 13
44 628 2
18 237 2
483 527 1
257 627 10
249 302 79
257 268 13
283 331 16
88 666 162
93 582 20
222 447 16
381 514 9
465 613 16
200 569 120
126 173 108
50 453 197
187 638 1
103 446 16
41 45 12
440 542 15
68 483 88
204 596 20
63 403 20
351 383 8
434 457 7
288 355 14
543 560 19
108 303 6
445 675 11
258 383 4
179 618 10
97 523 1
475 578 14
411 554 14
0 553 12
129 397 7
361 505 1
317 508 15
18 279 7
21 489 13
38 501 93
227 256 645
259 629 8
354 400 6
16 675 15
414 647 13
246 500 12
90 217 107
479 595 18
144 647 299
393 659 159
61 608 17
56 388 1
545 623 14
150 370 13
257 284 18
178 501 3
105 270 18
73 235 12
86 208 4
197 591 97
130 515 16
536 583 63
151 178 63
356 565 9
408 486 12
324 566 1
12 265 17
39 576 17
422 550 17
14 253 7
15 164 198
112 538 20
115 268 3
5 341 16
216 452 150
85 228 1
431 582 179
449 494 20
215 280 9
181 545 116
17 493 10
173 561 17
253 403 11
48 663 20
62 205 20
307 315 11
189 431 88
360 579 12
135 315 6
559 663 4
89 426 19
31 41 3
140 342 18
255 364 6
102 427 16
29 345 20
287 532 3
115 241 7
39 549 17
222 420 2
245 296 16
5 670 15
226 294 14
448 660 6
221 223 6
172 622 10
316 455 9
148 598 18
213 605 5
166 420 12
340 481 12
420 542 5
433 446 177
445 571 155
211 521 8
498 607 10
20 275 82
83 121 3
357 591 16
52 182 6
47 584 8
150 317 112
139 392 19
414 533 335
33 561 18
118 355 19
47 86 241
96 417 9
193 650 11
148 593 18
344 592 6
482 607 8
659 670 179
464 548 12
332 420 89
28 515 1
1 559 2
18 601 24
213 214 18
253 647 11
307 632 11
143 428 6
85 595 15
89 188 182
446 513 108
47 153 1
103 344 7
257 611 1
426 510 5
31 282 18
94 618 140
32 390 5
142 187 7
107 148 10
343 569 12
118 675 13
401 679 12
247 390 20
357 462 10
187 281 19
408 550 12
115 433 10
534 632 6
84 292 7
85 290 11
186 441 20
414 562 3
108 648 8
225 614 14
180 337 6
14 232 2
235 304 690
408 533 13
294 675 4
118 571 149
80 128 13
242 664 5
16 154 17
576 634 12
0 458 11
101 239 20
317 371 26
178 572 18
398 582 11
96 314 184
0 260 13
33 616 12
39 664 93
479 490 58
27 312 5
384 530 15
185 591 19
449 527 12
79 360 11
133 215 177
256 662 19
141 669 13
125 164 82
326 539 134
257 480 20
305 612 137
226 485 16
119 170 13
155 262 16
122 147 19
548 655 14
247 353 9
250 678 1
370 652 11
277 384 4
267 348 2
116 554 2
571 675 47
71 274 3
208 603 5
181 302 2
30 253 13
662 665 6
36 427 18
254 389 8
322 673 15
167 249 4
312 408 7
244 288 16
61 223 14
25 248 53
84 602 12
40 582 6
206 252 11
466 471 2
42 477 126
4 436 6
72 484 18
296 500 20
308 438 53
203 268 10
71 151 3
131 143 19
294 445 20
165 192 19
119 442 11
403 595 9
203 328 18
35 611 13
224 420 10
118 360 9
108 185 12
288 547 20
196 283 8
9 681 14
24 443 7
256 362 2
8 644 8
558 566 866
419 668 7
113 610 20
116 147 976
509 673 2
83 253 1
106 517 11
69 117 4
55 515 1
331 385 181
240 249 13
502 608 3
66 268 19
348 468 2
116 366 7
281 433 93
568 618 200
65 434 14
324 384 4
160 395 200
350 669 16
544 666 935
210 644 39
84 252 11
511 668 151
411 429 9
201 441 19
591 632 12
88 422 15
211 489 19
17 304 3
79 538 19
68 549 113
97 210 5
298 308 11
578 647 45
258 514 7
465 518 17
377 386 16
265 402 5
241 246 178
81 665 3
164 669 13
495 545 18
247 414 12
469 669 18
169 222 1
38 493 51
104 298 8
147 382 109
203 461 169
79 244 1
13 110 10
131 245 14
312 567 1
45 620 19
23 73 1
261 527 52
334 606 5
427 616 196
35 283 5
231 559 18
22 102 3
56 616 6
21 495 178
229 509 14
277 653 5
124 166 2
483 588 2
140 189 7
90 132 17
350 525 14
335 451 1
321 640 130
62 457 11
328 599 5
176 472 5
167 477 2
10 144 1
95 556 14
35 434 3
247 490 11
83 141 1
320 462 19
87 635 10
127 175 17
255 602 1
9 57 14
38 282 952
213 291 41
453 478 5
18 55 13
351 559 8
215 396 8
454 480 15
301 602 95
40 436 18
135 684 29
264 511 10
159 518 4
385 514 8
116 475 12
165 496 14
216 639 7
353 662 10
84 295 12
569 588 9
256 547 16
90 282 14
108 565 16
26 624 14
206 361 9
109 668 7
553 657 78
110 314 16
326 623 4
211 573 7
17 579 9
221 339 1
263 466 67
485 671 18
177 317 73
181 217 198
232 302 12
573 581 16
66 431 12
137 591 16
260 592 11
336 382 8
323 582 18
295 540 19
336 502 420
557 593 16
74 130 183
336 409 11
96 440 18
512 573 132
362 585 9
84 562 3
61 232 5
192 207 7
513 630 4
458 584 4
44 464 3
181 192 5
196 663 1
419 491 44
499 599 123
535 562 18
365 460 895
171 647 122
20 666 20
659 666 3
591 621 5
45 92 1
351 353 16
289 349 20
623 636 8
147 475 1
300 379 13
25 284 17
240 324 14
440 459 20
99 474 8
33 421 12
400 402 6
358 673 14
74 538 3
284 347 114
319 338 7
312 427 18
237 297 9
281 561 5
386 681 9
14 345 12
203 630 490
270 446 14
557 619 7
3 312 5
52 88 6
173 355 18
537 637 12
217 310 31
146 583 191
231 641 60
171 539 9
76 253 1
485 640 3
41 669 9
102 115 4
33 376 15
291 450 3
416 475 16
141 533 5
102 245 93
464 511 16
133 560 12
41 263 179
284 349 7
68 247 161
165 463 19
393 655 7
114 211 3
470 597 4
417 422 18
8 616 1
540 622 7
188 345 14
140 448 12
73 136 6
9 32 24
214 455 18
187 527 168
105 343 20
120 615 10
319 680 16
218 339 3
126 301 7
332 614 179
3 408 93
99 427 3
177 422 13
208 514 15
94 347 1
431 579 12
193 664 8
286 569 20
42 78 10
237 433 17
123 542 4
476 523 15
17 434 102
112 151 17
24 226 9
214 625 12
272 317 13
440 603 11
63 291 19
164 527 7
123 467 144
290 471 18
475 658 67
263 536 168
364 371 6
288 549 16
102 408 61
45 237 15
166 397 14
137 295 16
18 336 1
112 431 14
247 296 60
337 628 96
119 393 10
21 484 19
356 672 6
156 600 7
258 311 11
374 604 7
95 563 144
42 426 6
215 431 148
526 662 8
161 495 49
143 654 7
206 265 16
296 518 19
258 631 11
630 632 165
454 580 17
433 667 6
294 548 2
409 443 16
39 446 8
434 530 13
319 399 14
96 392 13
55 146 1
197 199 151
347 369 1
308 446 150
274 543 19
374 595 139
322 647 18
66 621 15
309 503 10
177 416 105
180 371 2
101 640 398
202 345 16
3 669 19
515 540 4
106 362 926
632 637 9
228 613 2
102 567 16
11 587 340
117 570 9
324 516 3
277 449 17
373 594 20
187 541 5
209 303 7
132 611 20
320 552 114
64 681 49
251 648 20
416 645 12
14 356 19
47 87 1
194 486 7
482 493 14
34 413 11
178 366 15
258 430 14
307 629 8
124 137 3
240 580 17
275 438 7
398 579 13
452 453 12
314 324 8
118 353 19
96 234 2
404 480 4
147 497 14
113 632 15
382 475 11
238 329 2
3 533 15
29 551 12
2 38 9
222 253 12
212 398 18
248 361 18
308 650 12
88 238 7
366 556 15
459 580 40
179 581 14
28 616 4
635 682 17
266 581 4
434 650 610
591 647 101
258 411 15
238 483 6
93 225 13
140 150 169
197 359 13
475 570 1
247 547 19
121 339 18
395 501 17
49 562 9
149 209 1
104 508 19
118 607 20
111 375 8
230 321 20
29 111 178
29 309 3
118 260 7
334 626 20
141 598 1
66 351 11
590 628 12
296 594 15
545 673 19
173 366 13
321 489 10
481 538 8
94 348 1
158 212 109
105 284 20
303 647 726
157 344 78
446 552 42
405 542 18
89 680 993
322 392 14
575 615 9
84 86 7
499 675 376
172 583 15
218 676 4
326 404 15
256 420 513
99 102 4
496 612 6
303 575 6
30 185 149
172 463 19
294 497 19
84 607 12
70 290 91
75 92 5
375 663 11
392 668 11
87 509 17
64 641 5
23 269 8
119 350 19
24 270 8
549 671 6
105 308 6
27 465 10
314 593 64
309 337 184
112 307 19
121 276 8
336 366 19
26 88 16
368 563 16
73 492 13
357 623 13
100 436 55
182 607 19
194 381 13
3 397 13
311 510 13
19 238 190
328 551 120
191 636 180
397 546 852
37 556 14
270 323 6
359 481 55
145 416 12
71 549 16
207 572 14
363 578 6
449 501 18
589 618 9
103 263 20
591 648 87
619 623 20
677 681 6
103 219 698
252 414 16
317 602 20
11 201 15
494 600 6
116 385 18
138 272 3
195 487 4
346 648 4
72 145 6
19 555 10
146 389 107
413 514 5
28 518 2
41 550 9
156 477 12
51 124 13
522 553 9
87 507 9
423 595 17
507 511 5
129 648 18
389 574 16
285 391 8
17 239 47
200 338 17
260 271 106
35 129 5
488 561 3
20 494 14
531 608 17
138 317 10
131 334 10
344 556 14
396 463 16
133 137 9
145 635 13
361 655 8
338 416 10
31 543 12
306 380 13
315 634 171
20 610 15
159 645 11
433 472 16
264 528 12
158 367 111
285 669 18
115 568 20
158 286 1
460 521 949
435 623 3
98 441 14
184 187 831
156 505 20
185 379 8
523 605 5
50 254 1
46 673 10
344 639 10
13 287 12
43 679 187
19 126 16
475 615 8
230 370 4
147 596 4
531 549 1
195 405 14
72 585 18
318 532 17
147 215 20
505 570 20
405 476 2
187 414 6
32 299 6
187 252 12
149 385 22
105 298 1
36 618 19
66 245 12
198 384 15
615 616 15
508 652 10
382 452 7
153 439 13
568 658 183
421 648 11
363 445 20
41 290 17
417 453 20
212 490 45
609 639 11
187 561 14
33 166 13
110 322 330
143 635 11
56 443 6
179 276 11
399 478 10
331 407 5
297 568 19
400 420 128
259 422 19
84 247 9
274 280 69
106 644 10
120 325 10
31 310 19
336 475 196
252 341 6
304 555 16
48 299 20
263 623 8
309 428 10
109 281 19
422 427 19
47 380 18
512 604 20
143 367 8
350 509 13
582 667 14
132 676 19
252 562 2
219 676 20
346 568 7
28 658 5
413 437 7
9 438 180
13 75 133
475 491 745
250 260 15
373 452 16
100 535 1
276 437 20
222 622 12
34 121 10
474 533 5
171 373 12
151 297 5
445 590 3
124 666 3
146 401 20
350 609 13
28 66 20
547 643 18
36 175 18
399 474 14
117 121 7
274 652 3
230 477 127
133 532 956
162 452 8
16 681 1
80 322 7
143 658 6
293 463 5
90 201 16
280 295 182
38 116 151
546 656 13
285 613 52
10 203 14
288 308 7
279 320 20
408 669 11
328 415 8
102 550 56
256 586 11
215 410 3
278 335 18
550 556 59
185 602 12
29 75 12
329 433 12
198 531 15
180 271 13
291 411 2
501 667 13
130 481 13
296 660 59
345 380 2
303 632 18
12 393 8
530 651 20
92 297 15
515 579 20
303 605 15
51 429 123
167 683 1
251 363 14
45 396 8
172 232 36
3 675 13
292 410 20
566 671 2
60 597 6
130 148 14
192 591 116
213 675 17
392 599 8
312 533 11
116 189 62
68 479 15
2 385 20
73 358 18
31 76 2
177 492 4
184 307 10
432 587 23
146 339 15
142 389 344
28 476 968
411 436 11
266 531 8
208 608 3
6 49 3
147 566 11
252 461 501
48 653 98
36 236 9
98 670 16
98 384 17
490 562 8
13 101 11
350 630 12
65 326 18
529 542 166
525 649 9
126 652 126
247 288 11
107 129 821
638 640 194
141 564 191
9 357 7
287 473 20
103 154 79
306 329 8
260 339 12
478 566 8
552 575 9
193 656 58
336 664 2
518 584 3
395 495 16
173 440 10
28 200 15
618 634 12
371 387 6
166 210 5
187 663 7
451 506 8
286 494 6
531 670 6
110 306 83
16 67 3
453 588 15
186 226 58
42 366 5
596 633 16
7 130 1
227 611 188
74 334 12
14 672 6
173 662 5
287 488 1
225 445 2
142 466 1
130 646 2
420 524 76
13 295 2
242 333 10
51 508 8
429 515 16
330 599 17
518 626 14
15 665 17
411 459 12
359 622 1
141 620 5
171 561 11
98 502 125
565 609 1
196 294 8
373 571 19
398 632 14
187 313 19
93 221 9
270 650 11
483 661 162
421 649 188
128 283 10
307 556 2
96 595 116
115 363 7
473 505 703
117 376 2
412 550 20
72 556 1
224 280 14
345 384 53
288 455 5
19 46 180
65 505 19
107 654 16
350 632 91
155 271 165
283 605 1
208 664 4
28 568 145
108 157 6
208 645 3
376 528 157
43 175 12
43 334 105
366 502 1
352 597 165
160 591 11
446 486 17
360 573 17
20 633 10
95 295 2
234 403 10
95 351 4
621 677 110
63 204 15
75 640 19
182 466 4
121 661 14
491 509 10
83 313 12
401 429 167
156 240 11
11 388 14
95 303 6
601 623 7
478 501 3
173 209 13
324 639 4
65 229 11
212 258 181
45 635 13
421 635 15
422 508 8
21 460 10
183 537 923
355 383 14
318 628 135
270 383 153
181 577 17
225 636 13
204 598 4
23 617 132
73 374 11
459 494 6
433 585 1
63 550 7
36 620 3
68 415 20
413 509 19
74 562 3
350 647 12
325 608 19
258 275 2
565 591 14
162 438 87
36 508 59
224 612 18
84 490 11
17 44 18
39 421 14
76 524 180
228 285 41
89 126 5
337 486 18
287 518 4
220 659 13
616 661 143
93 442 10
24 127 11
39 366 10
60 346 602
219 283 13
32 624 8
593 657 675
134 625 18
308 580 18
341 530 182
92 251 179
67 637 7
253 672 14
120 242 18
122 253 18
424 602 15
211 672 167
295 561 179
239 672 1
444 493 2
514 633 12
232 299 15
147 664 14
104 392 5
48 187 11
546 579 15
317 383 15
87 532 6
412 488 14
182 524 99
552 614 18
392 608 10
39 572 2
3 294 7
99 226 7
57 299 17
280 407 2
250 668 186
382 596 19
330 676 2
332 450 7
98 174 3
169 526 104
540 644 17
420 440 19
153 373 8
493 520 41
21 509 14
251 660 16
119 647 13
505 507 2
70 349 9
380 621 116
123 138 9
300 626 17
138 386 5
255 538 18
16 351 102
10 343 16
270 286 9
366 430 5
92 285 18
397 678 2
365 389 6
252 339 6
9 226 19
284 618 2
136 211 92
150 590 6
95 118 18
14 540 12
27 440 12
200 619 5
502 671 124
277 331 20
3 422 3
373 536 19
336 397 20
187 210 4
157 454 11
358 375 4
366 383 380
421 438 4
304 477 16
97 150 13
123 336 18
83 144 10
272 611 12
631 680 20
350 419 164
73 490 1
22 640 8
219 651 181
417 469 17
60 290 19
268 351 126
82 524 16
391 526 7
33 343 15
182 482 15
108 546 2
448 678 5
40 280 19
396 411 12
121 360 16
278 647 18
118 213 5
201 294 14
206 495 644
196 574 4
38 127 16
372 592 8
147 260 2
107 150 98
85 145 10
279 411 15
142 575 105
293 641 16
199 418 19
19 523 16
93 609 6
102 669 13
107 177 179
444 641 7
281 520 17
312 550 6
491 630 18
384 666 167
259 462 14
148 571 6
139 498 12
81 319 12
374 643 4
179 551 4
3 41 1
184 327 13
474 550 18
129 672 5
370 566 19
114 620 20
179 445 20
107 179 191
121 141 3
72 398 12
310 571 8
150 336 16
141 402 3
206 673 9
253 591 7
150 356 65
108 537 2
214 353 12
539 577 10
5 212 18
366 475 1
393 568 7
6 297 16
178 631 17
160 583 25
219 292 2
110 595 10
231 319 48
206 247 15
294 616 9
16 353 20
53 343 8
324 464 16
488 520 8
340 580 198
35 389 15
51 184 24
397 485 6
127 634 1
186 577 121
34 626 12
354 641 18
425 616 17
286 382 10
236 655 38
579 683 8
324 617 7
112 311 9
143 500 865
4 137 17
61 124 20
87 126 7
107 474 19
525 541 9
212 399 19
364 441 2
118 576 29
107 221 14
567 669 16
233 542 9
457 563 3
405 507 130
309 371 7
121 521 9
372 458 168
182 519 12
494 616 6
1 455 15
158 325 13
122 638 153
331 560 19
16 445 5
372 493 16
119 305 125
258 284 17
266 596 6
96 173 3
249 589 5
586 668 13
359 651 241
331 605 2
406 456 4
106 398 11
264 546 2
408 474 18
10 285 3
140 447 152
342 347 5
10 467 167
390 433 20
334 524 3
319 595 10
420 534 10
578 636 13
137 624 17
561 612 20
396 506 96
25 482 18
378 656 12
365 585 164
278 506 1
155 230 2
528 556 18
19 389 15
463 505 25
22 161 7
246 420 1
32 572 19
110 417 167
73 348 20
87 636 20
146 376 2
41 312 20
232 638 13
351 657 2
145 162 6
101 195 8
328 380 13
166 285 14
149 376 16
304 415 19
362 508 16
49 367 16
188 620 106
55 513 12
105 446 17
391 499 14
16 294 19
64 484 18
300 337 18
246 270 176
198 382 1
57 118 6
104 447 6
258 415 19
92 618 7
36 67 1
119 253 125
237 424 20
330 535 15
224 366 157
295 394 12
420 679 17
107 676 2
587 633 17
287 640 6
213 514 9
312 452 5
198 549 8
303 630 144
215 528 9
25 34 9
54 459 19
49 684 11
250 568 19
271 556 10
415 444 17
504 624 1
132 192 13
554 664 13
577 635 7
96 403 146
74 493 17
234 420 17
158 684 17
175 472 4
562 674 20
193 270 5
537 604 108
157 188 11
54 599 3
90 596 570
157 610 67
271 371 5
382 448 2
270 274 17
238 613 20
44 365 8
307 352 18
66 237 4
585 684 58
533 669 15
118 412 6
270 276 9
14 86 9
52 227 5
234 302 11
24 170 45
46 465 138
238 610 12
115 188 185
145 177 7
37 380 345
332 571 1
0 422 17
336 448 8
40 299 5
25 428 3
38 635 18
24 566 28
130 145 4
87 358 18
62 672 3
156 390 135
173 486 14
542 603 19
187 495 9
28 301 294
272 492 196
361 683 20
78 245 1
92 680 50
10 520 10
309 555 13
491 654 17
489 684 13
45 350 8
315 332 15
235 544 7
1 306 5
15 20 17
128 417 5
151 458 9
551 680 9
101 350 3
231 553 13
112 546 118
450 499 6
89 369 11
66 76 6
351 445 9
157 595 12
537 651 17
204 601 10
506 524 11
118 424 12
250 613 8
258 294 19
57 491 6
426 662 79
133 469 192
62 215 4
194 510 9
461 635 8
626 678 19
102 291 14
530 548 164
143 304 5
137 595 9
144 253 16
459 551 177
97 540 66
230 351 14
251 323 1
102 422 70
30 490 15
248 528 12
248 662 20
150 176 131
14 579 4
672 683 13
5 473 17
123 684 20
47 531 14
108 591 18
121 669 13
3 580 4
207 464 1
240 387 19
245 576 180
110 631 17
4 347 19
49 394 7
408 567 68
256 505 5
157 672 2
49 437 14
52 177 12
302 569 8
49 592 65
162 535 9
154 325 6
293 557 19
187 413 2
124 550 762
106 570 10
77 279 102
426 600 13
137 533 17
84 206 50
164 422 5
239 640 77
138 177 43
534 597 13
510 523 12
42 633 183
263 485 726
198 542 193
117 203 14
10 668 5
376 516 20
135 579 16
210 606 11
137 373 106
123 347 13
423 572 15
456 606 18
280 586 1
504 537 6
65 256 3
152 629 12
575 622 6
416 492 4
97 658 111
398 623 2
152 648 60
33 137 19
174 416 18
244 592 17
52 609 17
181 399 18
7 424 1
363 479 10
274 301 158
96 458 7
200 385 16
239 320 184
95 652 14
63 408 3
353 603 11
274 367 13
14 420 13
307 314 88
142 508 9
373 418 8
299 404 12
282 582 158
262 578 185
278 630 12
65 579 36
129 423 5
210 530 10
305 373 20
101 464 7
647 680 97
20 363 19
111 637 19
387 605 8
129 295 284
161 394 4
419 610 4
47 364 5
62 581 5
317 492 13
262 495 146
164 579 9
427 521 5
375 625 56
142 457 6
187 616 5
128 488 102
295 669 7
227 232 8
386 670 10
352 466 8
20 549 1
33 253 189
136 672 488
428 614 125
232 422 1
247 356 15
369 401 8
67 656 14
375 606 136
447 597 18
122 637 101
73 193 7
13 554 19
321 504 8
24 26 16
442 478 1
16 118 6
184 267 20
147 636 3
39 347 20
196 637 126
88 546 20
380 534 9
103 587 14
118 392 14
97 380 13
116 448 3
373 455 12
454 681 27
324 676 2
99 312 3
369 574 18
58 607 13
373 543 8
20 225 15
22 454 3
66 608 145
454 485 13
101 246 160
445 461 66
319 617 2
456 677 172
89 428 9
35 354 14
366 664 16
251 473 13
69 167 97
270 487 12
136 374 13
414 495 7
472 653 15
157 324 6
53 500 5
556 636 20
461 656 7
464 680 7
178 204 19
361 495 2
100 378 10
60 546 3
216 299 129
215 436 5
149 319 20
437 502 12
104 567 16
37 377 103
242 433 183
240 508 5
83 170 3
313 456 9
45 94 16
649 673 7
144 429 5
45 182 9
284 379 132
319 354 146
152 617 13
96 121 17
337 520 19
220 644 13
156 566 90
84 294 10
10 266 3
279 289 18
201 255 121
160 362 17
19 185 63
596 624 3
28 190 15
20 55 15
35 364 6
187 490 18
67 482 8
96 420 92
44 249 305
451 507 4
17 61 9
234 503 11
148 333 18
469 511 10
483 567 18
119 244 4
41 385 11
68 455 14
227 650 16
53 437 9
339 365 70
52 558 4
458 682 20
192 234 2
450 645 16
312 525 8
3 474 5
602 682 7
115 186 13
307 641 1
292 627 16
286 296 16
532 626 17
75 297 5
410 484 7
536 588 16
137 552 13
590 622 14
98 375 140
39 116 5
187 361 3
440 543 180
158 640 5
295 316 4
251 603 138
511 684 3
399 402 12
354 536 9
52 262 7
447 515 15
142 622 163
66 571 2
215 511 9
147 448 161
244 553 13
214 675 123
39 247 9
3 427 16
191 510 100
461 620 17
96 603 5
329 620 20
131 133 4
73 105 16
377 668 19
450 549 8
114 221 20
20 385 1
163 661 19
362 463 6
228 548 4
218 317 64
113 513 5
440 625 1
82 502 1
288 360 25
466 505 12
171 430 5
46 656 7
213 638 19
109 611 7
66 674 6
370 669 66
300 634 154
85 367 17
19 51 19
211 462 9
302 530 20
369 490 9
4 395 20
150 514 20
87 226 5
211 460 18
410 523 4
236 278 14
14 261 2
113 323 5
134 664 115
207 255 124
376 470 6
244 256 20
138 649 103
224 339 141
173 234 12
324 595 14
252 490 15
18 386 7
28 228 17
119 479 12
350 434 9
137 308 41
103 406 19
271 514 3
128 287 99
92 518 4
60 211 19
188 450 20
85 568 18
21 461 2
28 328 32
532 629 14
115 520 13
258 372 12
38 441 12
46 379 1
56 504 12
158 365 2
105 143 11
327 329 1
452 615 16
16 214 11
400 441 179
14 322 8
374 407 12
281 547 6
84 187 11
365 580 192
264 505 15
344 503 22
479 635 17
359 452 522
204 446 5
249 254 1
173 180 14
281 510 190
116 645 13
9 521 18
71 174 5
49 218 10
92 265 4
38 61 15
366 662 16
276 607 181
52 468 10
513 569 642
179 242 13
56 156 8
437 471 186
265 379 6
128 435 107
10 374 143
327 386 190
82 304 13
263 434 2
591 630 178
234 440 11
101 320 15
294 504 8
41 664 9
320 329 125
86 195 12
248 357 16
410 655 19
293 588 1
407 619 4
83 486 16
213 643 4
221 508 13
255 333 3
533 550 5
564 661 17
360 461 16
119 278 9
370 473 115
202 319 18
142 528 72
284 502 19
221 362 15
252 403 12
116 502 10
102 311 11
159 497 17
13 32 1
461 626 8
240 441 122
430 484 10
403 420 20
170 517 153
62 602 9
375 585 6
2 662 5
300 649 7
166 287 20
253 350 17
44 151 14
42 68 9
531 653 72
68 513 12
129 650 188
239 352 9
207 500 5
195 406 17
1 132 192
191 243 12
38 504 1
556 668 5
133 684 13
79 337 19
373 562 145
123 530 11
61 322 1
112 224 6
115 524 197
483 518 17
274 593 5
518 648 3
507 682 6
41 567 16
223 288 3
118 578 9
135 553 4
39 147 13
246 318 3
102 312 16
511 513 8
9 358 5
85 450 15
103 186 12
244 330 1
40 203 19
344 386 10
266 614 12
138 406 96
50 186 27
297 502 4
278 591 7
7 148 3
280 568 7
94 381 106
117 528 12
99 503 11
52 211 12
263 626 19
59 448 5
153 514 2
3 550 67
604 629 3
301 616 132
56 103 15
53 183 12
287 464 3
106 488 20
433 561 3
13 108 2
119 547 13
245 599 9
76 162 3
267 442 8
32 254 17
183 498 175
208 400 11
148 533 7
110 490 5
82 633 19
355 403 16
281 319 17
65 198 84
220 655 20
153 648 10
262 544 12
143 640 54
550 555 9
131 495 5
10 681 6
282 336 18
433 533 18
393 459 133
154 389 1
115 584 18
240 312 3
96 542 13
163 330 2
99 533 169
4 74 5
218 475 15
394 498 16
28 671 4
67 310 15
60 115 4
274 407 5
247 264 9
236 354 6
32 91 6
571 618 15
141 351 156
87 109 129
42 79 5
284 453 8
322 572 15
47 259 13
339 353 10
325 395 1
264 343 16
88 125 7
110 406 169
520 646 1
49 547 15
102 533 16
281 663 94
190 587 460
123 541 14
103 255 5
96 110 5
224 230 15
223 681 101
19 638 5
206 562 14
1 44 15
42 682 176
41 422 14
71 339 15
325 476 110
134 166 4
480 515 16
632 665 15
448 475 179
198 235 1
363 381 115
253 278 18
444 578 16
100 259 12
58 344 1
398 654 19
336 505 198
194 212 17
173 403 8
22 345 12
55 488 4
433 663 14
563 650 195
68 681 4
21 187 3
210 354 105
76 339 2
114 126 11
85 125 13
195 352 10
147 604 6
177 639 3
257 497 11
26 294 8
637 659 458
194 605 1
123 324 10
473 597 14
122 532 6
410 614 19
313 608 9
129 181 11
316 603 11
320 586 8
284 391 17
184 680 12
218 334 2
489 546 61
155 501 8
214 268 8
447 449 12
605 654 10
383 618 3
416 508 18
123 405 463
183 567 15
474 567 16
148 184 14
207 278 15
111 626 4
84 361 159
221 230 9
217 655 20
333 673 3
204 370 15
137 314 20
95 348 7
128 164 198
268 330 14
39 260 178
296 580 163
63 386 7
214 547 3
51 286 19
101 148 15
289 321 11
105 650 1
660 676 20
201 611 5
9 104 1
232 589 11
313 353 1
40 167 8
96 551 12
294 457 9
208 524 37
73 315 10
66 591 14
272 508 20
454 460 7
231 472 339
288 633 8
556 666 5
174 282 11
401 643 360
553 663 16
27 563 16
171 624 15
354 672 18
55 290 11
558 615 16
154 667 15
31 167 3
39 104 19
217 263 20
74 616 14
91 294 8
271 568 95
248 428 1
22 272 17
511 640 16
161 413 67
228 610 1
536 679 6
101 107 8
9 299 10
142 272 10
235 609 53
39 554 8
31 658 24
143 648 8
238 577 64
122 577 16
181 655 15
28 276 9
198 608 10
120 660 5
111 652 20
269 421 15
138 145 2
116 126 1
345 586 11
241 263 14
58 591 9
315 557 18
320 464 5
381 642 16
234 681 4
421 678 16
206 208 20
60 530 8
5 297 2
419 622 11
39 382 6
237 393 12
123 142 16
201 477 3
207 490 17
105 115 34
345 463 13
2 246 9
189 330 8
219 560 2
181 487 2
145 508 19
6 319 5
558 681 1
356 530 12
94 641 6
554 682 18
260 526 20
491 557 7
166 222 2
484 512 13
252 303 15
78 546 19
116 619 122
26 352 741
333 403 10
391 505 14
430 541 12
213 275 2
268 294 10
67 183 9
14 222 18
446 521 3
383 503 19
179 320 166
141 234 7
214 239 317
30 424 599
48 61 1
86 649 17
73 114 7
111 406 130
13 239 19
460 643 12
243 357 15
161 379 7
88 343 18
213 303 9
431 565 19
307 658 107
234 454 7
351 629 6
7 654 6
165 322 20
519 621 3
145 207 4
128 331 94
252 361 15
138 441 6
20 524 15
61 198 7
47 455 6
100 238 3
267 408 6
587 660 182
237 550 589
100 545 15
230 543 5
300 508 6
396 549 143
333 488 5
7 506 5
342 637 9
323 573 5
335 680 12
1 403 823
233 423 68
118 381 7
118 649 14
375 427 126
4 34 17
222 356 14
503 591 2
527 561 6
179 427 14
376 544 122
209 622 15
134 168 14
251 366 17
180 497 7
240 527 13
551 661 19
398 447 4
23 290 8
303 567 13
382 570 20
466 663 6
37 528 17
245 415 7
84 354 8
253 342 16
65 530 6
187 653 12
397 519 12
46 289 53
521 529 18
93 236 8
427 533 14
144 632 101
352 401 14
48 424 14
440 488 6
0 224 83
362 527 163
108 405 2
111 484 8
221 249 6
352 652 3
632 647 146
265 620 20
106 545 116
51 416 20
222 321 14
155 536 1
9 90 13
27 35 3
283 417 13
10 667 15
350 406 6
272 416 6
140 407 4
14 676 1
486 653 13
97 665 839
188 244 2
309 518 9
46 93 4
181 226 6
231 627 19
68 293 15
131 593 10
117 404 20
57 665 20
314 407 128
67 86 143
380 554 4
97 585 19
207 471 746
366 448 191
51 405 15
137 565 106
220 274 231
281 442 12
155 300 7
535 655 8
50 292 14
5 645 10
310 651 11
229 407 7
375 489 16
472 506 12
118 358 14
489 675 12
534 653 7
173 542 1
408 422 17
71 501 13
140 525 131
184 429 175
7 682 11
185 565 9
219 336 19
84 495 11
41 99 181
311 351 9
35 351 7
428 604 13
272 564 129
170 301 20
55 620 119
296 491 14
265 279 15
138 480 995
128 343 12
374 450 6
318 440 7
383 656 98
22 61 7
157 419 18
24 668 17
105 194 14
13 580 112
51 545 11
41 533 1
95 296 941
68 602 9
538 674 11
281 488 9
75 323 18
192 669 12
269 342 89
19 403 14
531 557 11
549 595 4
147 366 5
247 614 9
391 557 13
19 608 6
148 671 12
148 530 17
269 435 18
205 234 587
260 293 8
307 460 15
5 60 2
537 541 195
93 419 8
109 355 4
549 608 12
219 533 10
324 396 6
205 598 14
380 454 18
46 107 4
205 233 13
275 635 6
117 556 485
265 661 1
389 624 16
115 392 1
22 225 112
217 583 711
362 515 13
427 550 13
367 616 140
321 473 14
121 640 524
148 212 15
506 647 196
395 655 80
326 636 300
298 434 16
52 480 2
261 675 3
32 635 15
108 660 2
648 660 6
115 492 2
579 610 78
390 632 1
527 663 16
207 392 19
150 188 5
9 661 16
42 346 14
135 644 11
239 287 5
27 404 11
135 415 179
604 625 38
22 339 15
123 416 4
104 202 6
51 653 13
116 668 4
19 649 10
36 619 100
436 655 9
253 630 2
110 470 218
476 553 49
284 561 17
76 622 15
264 674 13
516 576 11
85 231 147
446 596 6
161 275 3
89 535 62
296 339 2
422 567 8
331 500 4
86 212 12
275 516 8
278 632 20
534 645 12
20 614 10
203 432 11
18 262 4
227 608 7
511 516 12
146 557 264
137 627 8
272 478 19
475 554 11
21 576 5
565 667 1
192 275 18
44 328 10
257 624 95
271 273 83
41 49 11
380 667 6
560 582 875
6 68 11
100 469 4
412 466 60
233 519 33
253 373 16
253 297 3
247 361 10
141 634 15
142 492 9
151 512 65
150 523 19
366 399 11
573 663 160
557 583 7
243 377 15
436 480 24
110 377 91
7 81 2
95 571 9
182 202 4
213 353 1
357 536 15
333 339 1
408 427 1
147 339 8
162 499 14
410 452 20
164 432 4
547 656 14
48 564 4
264 679 19
119 344 7
54 655 4
313 681 15
335 475 10
12 412 77
146 190 6
87 567 14
419 596 17
3 99 4
83 525 12
253 447 12
454 498 18
434 671 15
284 450 15
576 624 5
207 265 7
88 167 20
188 400 9
473 654 16
322 565 5
512 548 1
70 647 5
198 280 17
305 573 2
381 444 10
122 568 3
330 634 11
67 142 8
13 443 10
573 652 20
172 596 99
39 336 16
255 547 1
180 605 127
137 489 6
10 42 12
414 490 9
206 414 1
16 626 19
391 439 2
147 623 81
478 575 11
230 531 4
417 418 20
140 565 18
268 353 12
378 583 12
91 646 167
313 440 119
109 633 125
514 623 10
21 333 9
118 268 13
204 593 3
106 429 11
153 173 6
61 588 184
396 446 9
173 642 458
88 441 9
251 270 769
509 583 4
41 568 13
96 355 6
175 640 4
153 649 6
40 681 9
62 335 325
267 531 12
226 596 3
133 258 15
23 175 20
435 586 18
254 319 707
166 428 3
405 667 10
159 427 168
573 607 71
14 92 2
117 568 111
343 542 10
318 603 5
44 659 3
4 585 1
51 360 130
361 572 15
178 607 13
359 540 16
13 153 14
189 240 5
151 392 39
575 591 16
622 669 18
5 503 14
351 645 2
144 179 6
91 400 14
563 677 66
228 369 99
30 215 18
84 379 81
242 430 10
335 463 8
197 599 15
115 488 1
92 430 176
283 373 192
41 408 14
30 482 8
138 207 10
394 608 7
454 633 9
194 267 2
189 390 5
5 369 15
182 212 14
102 531 15
47 50 8
76 96 17
95 124 4
454 652 11
118 545 13
295 547 6
402 532 14
179 416 187
53 389 130
455 619 6
9 482 150
115 314 13
288 562 871
119 506 7
143 241 1
382 554 6
39 650 15
449 563 12
246 653 13
30 142 1
120 602 6
355 440 2
143 557 547
345 655 69
306 593 11
135 400 6
248 508 183
89 640 2
4 444 3
237 409 12
369 452 1
213 571 3
106 392 10
362 465 11
349 683 2
208 646 196
77 123 11
221 291 5
513 560 1
94 396 13
562 640 19
48 262 2
237 478 17
213 268 16
290 390 61
64 284 13
363 406 17
560 566 11
237 264 14
271 516 17
69 219 11
38 110 11
125 640 11
78 471 157
84 414 17
265 618 17
292 563 20
99 567 7
320 640 271
116 305 52
368 441 2
144 278 14
363 488 2
145 309 5
313 346 114
150 207 151
191 547 19
499 634 5
81 431 9
29 618 6
122 278 2
217 405 17
116 382 8
670 684 161
184 358 7
38 134 15
138 416 16
558 631 7
70 405 189
42 464 9
132 199 7
168 344 20
183 240 12
279 399 19
317 416 14
264 273 16
123 177 16
194 317 15
18 40 899
47 137 1
35 600 16
261 337 179
289 645 20
251 464 8
9 163 15
526 643 6
454 622 15
260 523 123
295 457 142
285 577 16
305 428 79
293 303 15
12 466 3
657 674 16
502 554 34
101 287 14
360 592 146
17 560 9
331 338 170
74 678 20
91 647 15
199 276 6
294 499 3
110 645 2
416 453 15
247 294 64
64 664 11
8 134 9
118 499 20
107 214 121
252 587 16
6 434 1
464 640 3
177 272 17
116 584 20
37 654 169
101 356 141
74 248 18
247 252 20
43 680 17
237 369 615
69 151 16
432 540 15
492 599 16
255 258 74
243 586 50
152 671 7
61 676 20
379 518 13
264 468 126
140 649 15
203 367 101
296 391 17
358 392 47
210 331 20
171 376 70
130 529 6
448 664 5
561 599 2
47 604 4
294 427 1
26 58 16
338 663 14
382 502 119
180 587 20
215 450 1
115 281 5
427 669 115
147 336 2
65 528 73
326 679 221
385 539 120
241 488 12
197 516 11
173 603 10
26 413 9
259 418 9
388 569 15
177 180 16
135 660 53
127 385 14
141 427 15
77 281 14
44 191 4
416 456 165
420 672 5
382 550 78
18 491 152
359 577 20
76 417 9
199 521 123
520 555 15
131 546 16
120 362 11
263 439 20
276 345 13
51 376 16
486 672 6
22 121 20
206 464 5
397 448 4
332 503 13
243 459 2
356 666 19
213 422 12
42 439 14
565 648 4
183 542 3
289 480 14
296 533 9
43 127 143
99 250 133
435 538 93
92 325 11
29 409 181
284 602 1
131 613 5
275 595 1
198 409 3
253 437 5
630 647 17
34 358 85
263 456 147
622 659 57
140 251 1
153 553 16
170 173 19
290 650 18
469 523 13
22 502 6
97 117 19
42 679 14
331 399 2
144 664 20
297 382 16
167 548 195
263 479 70
111 627 3
53 276 14
133 675 20
199 211 1
486 613 8
68 514 7
189 542 8
138 142 14
368 470 4
119 187 63
13 640 17
158 244 168
118 456 14
512 522 14
315 479 6
234 609 4
69 427 6
219 426 11
123 317 20
82 515 183
200 421 13
179 638 14
291 360 8
159 657 12
4 555 38
180 615 16
224 537 16
144 350 18
383 510 13
311 350 5
95 355 100
58 213 7
95 675 18
274 494 19
339 369 20
172 391 11
313 561 14
187 562 9
157 441 14
257 671 150
308 540 1
156 307 2
58 62 73
1 286 11
122 299 2
57 482 5
206 490 51
265 329 17
548 567 8
278 350 10
290 375 13
38 106 8
273 576 13
281 667 15
224 282 19
237 650 8
127 449 12
415 635 109
232 315 9
543 642 5
65 544 10
565 624 1
329 454 15
448 554 20
561 628 73
417 624 11
286 672 7
491 561 13
42 509 8
114 682 15
75 101 4
106 563 124
260 396 6
124 371 18
46 594 18
48 448 12
20 489 16
357 655 13
215 294 5
62 514 1
142 416 20
440 470 11
312 669 14
582 659 14
167 430 104
229 266 12
272 356 17
164 456 1
374 623 1
293 532 8
295 574 15
107 261 2
280 364 11
96 423 13
484 670 77
222 655 11
436 645 3
290 577 1
410 478 152
281 497 2
520 561 14
177 514 2
177 558 4
113 307 1
615 676 877
43 173 20
562 667 10
428 625 16
29 379 11
151 344 5
477 675 2
44 649 17
44 162 13
17 446 133
95 634 62
107 266 20
359 496 5
371 404 12
275 645 5
270 653 13
121 569 51
490 495 14
319 356 167
53 57 1
365 679 3
33 430 2
483 564 16
52 279 16
32 291 158
8 132 81
164 553 18
57 136 18
45 358 7
4 271 4
50 651 11
110 403 9
338 645 15
39 502 3
325 551 2
142 317 31
73 88 14
406 547 299
336 524 106
82 562 11
34 573 20
93 490 73
83 492 165
84 450 6
99 408 155
264 622 20
127 498 6
136 222 20
328 501 20
64 598 17
256 564 4
361 414 15
341 416 39
142 177 20
53 112 15
67 528 97
275 428 4
96 108 6
265 409 9
381 639 10
105 125 192
52 266 169
389 590 12
36 233 110
272 535 4
306 514 1
598 616 14
73 284 20
231 507 10
223 351 17
56 133 5
205 676 2
540 580 20
262 552 14
295 420 16
301 595 9
167 620 171
480 672 20
105 218 20
138 198 3
75 109 3
62 607 10
427 428 31
181 253 15
119 550 7
118 140 45
310 546 100
109 211 9
54 158 120
406 419 17
448 527 1
22 679 20
75 320 88
249 678 7
154 292 11
94 322 15
141 396 8
71 505 19
98 565 18
282 566 15
604 681 20
144 366 16
181 647 20
422 669 156
536 541 17
495 562 10
41 582 2
40 275 10
375 506 19
390 621 83
171 497 122
234 275 2
507 627 10
374 666 15
119 608 12
374 484 8
120 356 6
192 233 4
79 671 129
366 638 157
271 300 12
134 218 17
268 570 6
519 577 2
86 676 12
38 78 16
592 659 763
167 361 1
544 577 12
44 447 93
69 320 19
69 621 7
466 575 1
321 597 1
394 615 163
202 567 12
119 370 19
455 679 20
185 528 5
410 628 10
330 494 11
74 610 8
133 335 10
78 165 1
327 330 176
17 445 20
205 348 3
373 375 15
561 669 10
270 343 5
89 453 6
537 603 6
46 570 5
33 374 19
53 570 1
186 218 3
274 304 9
50 407 19
412 525 100
407 504 8
73 314 181
359 440 6
183 305 9
14 46 47
451 516 6
446 621 20
60 644 4
256 681 11
152 157 18
41 372 1
143 330 8
520 527 1
336 554 19
96 669 178
374 465 16
290 487 9
314 403 4
409 471 15
145 492 13
383 533 5
380 497 3
20 38 51
588 601 31
268 534 4
78 475 1
535 642 17
2 481 151
182 439 1
346 556 11
185 451 17
459 569 2
54 211 75
465 623 9
160 488 13
299 670 20
302 527 109
187 440 1
172 676 20
148 532 6
266 658 7
340 610 19
326 513 6
123 583 5
497 684 16
603 607 17
155 623 2
441 583 112
