627 3626 3
105 507 7
229 342 17
45 567 13
99 340 8
43 329 9
48 597 129
244 462 13
79 312 11
80 379 2
355 611 13
26 490 7
14 123 5
126 398 309
261 316 20
488 609 19
96 219 16
381 551 103
418 465 20
386 528 18
124 215 1
428 532 17
312 389 8
51 289 8
79 418 1
384 466 11
153 283 8
120 164 13
357 587 9
310 474 166
97 547 8
326 426 19
47 451 13
223 430 447
6 547 20
396 459 3
339 375 17
390 528 5
30 240 17
50 606 160
170 223 6
158 457 39
50 155 10
118 453 38
175 524 987
424 615 9
16 467 13
293 456 168
106 598 31
91 341 12
339 441 2
514 593 2
18 57 703
116 594 12
317 454 17
110 525 12
318 396 10
292 403 19
513 617 14
240 515 7
28 45 3
477 579 12
387 579 20
139 545 7
579 588 18
250 398 11
113 510 186
342 410 2
342 354 17
36 447 100
45 337 10
368 467 17
408 467 14
101 582 13
372 400 17
194 288 82
197 217 37
152 527 8
91 171 11
253 611 3
102 445 6
471 602 12
144 388 18
220 262 18
307 612 6
27 285 15
175 499 8
397 449 81
468 587 169
101 543 11
96 269 19
395 460 5
161 512 5
275 308 1
56 140 19
567 611 763
295 552 3
292 371 15
269 564 5
122 513 6
276 363 1
326 581 160
26 504 4
102 125 4
52 157 13
99 211 4
290 298 189
53 85 8
420 602 8
43 540 18
133 597 6
79 406 17
75 197 10
259 385 92
72 87 10
39 399 75
0 27 11
390 459 1
418 625 5
94 203 12
431 477 7
258 412 66
56 159 3
30 552 7
216 620 5
265 600 9
62 207 20
245 454 15
316 387 8
372 562 16
141 348 105
394 551 64
103 343 13
304 616 122
240 320 18
214 472 16
303 349 9
64 348 10
470 551 13
51 144 15
81 504 16
135 138 12
117 320 1
164 181 44
65 151 13
75 607 17
80 336 124
95 262 96
406 583 14
338 349 1
358 580 112
292 484 15
268 411 2
147 336 115
404 421 124
132 273 11
362 622 7
475 601 3
30 624 1
267 403 197
89 289 64
331 551 17
122 621 112
144 223 751
9 420 5
321 377 3
534 592 1
171 217 3
361 481 7
1 84 9
16 572 199
52 511 2
454 497 8
194 458 14
168 345 4
355 546 17
28 554 3
230 299 37
181 582 20
67 378 12
333 353 11
154 494 18
294 541 1
353 518 20
42 437 2
322 371 6
96 113 8
7 334 20
288 423 3
59 531 19
341 557 10
193 331 959
190 476 10
551 603 10
22 309 11
469 618 7
115 497 8
152 173 3
186 532 3
207 257 3
134 279 35
103 325 14
474 594 19
464 612 7
158 461 18
290 583 14
190 245 7
191 405 19
192 385 11
195 597 135
147 511 15
94 272 17
325 521 18
207 276 8
247 600 18
464 514 108
207 212 7
388 611 14
221 478 6
309 562 13
119 623 6
138 474 12
2 416 2
424 539 134
211 514 6
97 172 2
164 211 125
53 227 11
197 616 158
160 611 5
65 571 11
116 133 164
83 124 11
177 419 2
29 187 8
361 595 18
39 104 82
28 140 2
185 468 11
293 425 107
141 300 13
19 57 123
177 525 714
343 617 198
345 381 7
366 459 2
41 496 15
38 355 196
140 530 17
62 164 124
102 164 6
35 422 14
378 570 9
308 417 2
71 285 9
52 343 6
478 539 12
480 603 20
309 608 4
280 429 15
127 619 180
227 528 10
281 374 5
324 584 10
229 268 2
421 483 45
67 121 2
343 411 137
227 233 5
4 221 16
125 411 15
11 593 10
201 523 9
411 491 8
358 573 17
47 445 12
378 493 7
47 433 15
53 569 10
263 345 19
1 268 8
431 495 13
25 561 18
396 549 8
45 622 17
57 398 11
332 511 12
127 320 3
10 563 1
133 354 19
132 539 10
463 491 12
211 565 6
342 521 13
195 559 280
116 457 20
209 544 5
46 408 10
134 356 58
53 570 1
198 534 13
537 557 5
384 500 5
244 566 96
5 138 147
158 233 5
43 101 62
29 188 20
40 147 13
98 212 4
35 67 8
54 565 12
458 598 1
142 170 20
181 497 106
66 477 6
443 619 7
31 161 9
472 492 68
159 466 13
279 340 35
56 469 155
384 391 6
183 213 6
159 352 16
162 324 5
319 568 14
198 555 8
280 509 5
244 533 4
0 111 5
133 239 19
249 292 17
42 406 16
97 144 2
165 616 183
21 223 1
259 265 3
480 612 2
351 568 1
529 587 12
19 390 1
230 401 2
321 499 10
80 365 15
432 532 18
57 135 7
85 610 5
308 402 1
26 40 5
42 58 9
150 427 18
221 532 18
234 300 6
218 287 5
556 615 3
7 541 113
343 584 2
2 406 17
182 515 18
54 455 2
300 604 53
115 555 14
149 154 6
126 345 59
104 429 18
183 618 6
299 547 2
21 560 19
430 595 85
211 279 18
517 537 6
361 418 8
470 472 8
386 453 17
97 616 13
275 327 1
229 294 6
569 574 14
305 434 11
491 520 49
44 598 9
141 156 3
112 471 15
84 399 13
67 421 16
165 475 20
266 400 6
79 160 529
22 302 8
112 182 9
191 558 83
122 341 19
159 449 14
254 539 17
7 404 1
195 373 135
267 272 7
328 443 1
209 546 4
101 615 4
160 215 1
131 551 14
483 583 178
18 442 64
331 396 4
174 408 48
382 396 14
50 113 16
46 61 164
277 511 14
76 262 3
78 105 17
1 607 6
332 588 64
182 362 12
323 344 1
73 544 836
355 389 17
264 626 13
216 566 8
82 240 881
79 393 15
183 537 2
358 450 10
290 386 172
273 590 10
177 427 146
334 573 15
397 474 1
55 294 91
527 544 4
326 389 17
61 234 911
495 511 1
182 556 11
357 437 15
279 528 5
113 512 10
286 322 7
245 315 2
247 424 7
237 511 2
108 561 6
116 405 19
159 211 15
18 457 94
246 312 31
18 135 7
227 241 843
22 545 14
15 23 13
134 234 15
86 222 6
271 421 6
93 178 17
160 545 9
199 577 6
169 360 9
341 412 20
352 528 13
83 605 18
209 427 14
27 130 14
183 572 18
393 583 5
108 419 333
124 419 152
175 464 4
117 160 6
23 32 8
276 613 16
152 171 74
18 531 13
445 621 190
136 610 18
482 583 6
212 371 20
188 470 12
289 529 3
117 355 5
231 377 11
279 420 19
117 406 3
256 274 1
101 216 5
10 342 95
52 580 19
178 565 14
322 484 2
248 580 4
510 569 5
117 502 1
7 310 173
109 353 118
14 563 13
363 452 19
412 434 13
245 569 15
408 601 77
179 511 6
218 497 103
270 527 16
353 595 5
279 421 12
124 518 124
408 457 56
151 342 12
286 514 9
10 394 16
256 453 7
225 547 20
3 465 1
165 272 49
303 494 4
389 590 11
173 622 8
191 595 10
207 280 13
187 417 11
590 603 10
183 430 16
18 33 2
279 372 19
75 190 12
149 297 19
394 587 6
276 417 17
272 371 146
467 468 38
334 365 832
355 390 10
384 604 14
98 222 1
298 440 14
396 606 8
10 331 164
148 466 164
35 119 15
202 478 46
34 399 8
57 350 16
136 466 46
267 484 4
77 258 16
433 529 16
30 529 3
142 365 10
175 611 31
124 528 10
405 496 167
32 286 13
102 406 4
458 461 4
8 231 121
26 576 10
62 67 19
284 467 8
284 599 4
1 549 5
123 145 12
305 592 11
26 309 13
87 304 5
98 104 16
146 378 10
60 398 15
190 334 6
151 521 39
72 347 926
470 613 47
97 227 3
345 624 18
110 592 157
339 394 58
85 230 159
20 84 7
92 257 13
171 512 1
163 365 9
160 542 108
462 465 18
60 363 8
144 273 14
24 470 48
65 333 8
209 555 9
147 458 248
391 432 9
479 484 19
155 405 16
28 417 1
8 66 4
51 228 6
353 552 1
55 194 63
51 457 6
503 567 18
114 152 162
462 469 14
324 334 42
226 620 148
151 285 15
333 373 7
512 570 3
32 585 15
232 360 67
18 340 77
182 606 13
107 287 12
49 233 6
129 296 20
26 612 20
479 510 29
106 360 14
157 504 8
105 216 170
245 346 19
499 562 8
284 468 13
405 456 14
368 527 17
302 475 429
15 375 8
77 98 15
82 386 7
15 42 9
272 322 12
27 549 103
33 154 279
289 486 10
333 424 5
43 114 12
102 349 13
92 506 309
49 511 17
33 138 6
279 583 20
46 530 148
44 141 8
21 82 3
27 401 12
57 151 17
233 619 6
305 606 17
383 575 19
28 389 20
550 561 843
229 555 15
227 451 12
161 235 3
107 500 4
148 409 19
347 489 12
162 389 28
18 497 13
158 504 20
224 544 194
189 503 20
179 404 4
16 292 15
17 248 14
319 361 15
171 189 16
162 184 20
383 582 20
228 462 17
434 548 254
165 250 1
70 485 422
215 571 115
65 269 15
25 436 19
250 321 7
126 163 18
174 368 3
378 456 42
29 243 19
165 166 2
28 228 19
528 597 13
381 616 18
6 14 48
79 117 20
13 620 16
38 150 20
353 462 95
146 433 20
235 505 24
122 400 7
90 135 18
27 577 2
29 394 1
84 490 31
55 539 31
556 597 15
3 181 15
447 540 9
216 220 14
340 564 13
173 569 14
128 188 194
39 453 8
268 349 2
56 210 9
154 173 14
492 546 5
65 558 1
367 434 1
533 574 3
479 491 3
330 520 20
498 556 16
81 117 957
349 567 15
270 528 35
271 583 19
527 548 15
254 288 192
373 463 4
474 543 9
391 399 1
156 515 1
255 624 8
214 337 188
390 488 8
10 372 8
72 578 1
255 334 13
183 406 15
283 312 19
15 617 158
454 572 13
79 565 7
333 540 9
318 346 20
121 483 16
29 244 199
297 447 20
243 577 3
46 377 19
157 302 17
383 456 84
556 596 627
171 514 355
570 619 6
212 239 13
7 262 14
139 196 20
137 297 13
249 306 9
164 287 15
384 445 2
105 259 1
164 588 14
152 497 192
249 439 12
64 553 10
52 330 3
440 589 14
132 174 77
81 600 2
72 105 137
268 372 346
28 492 20
296 468 3
13 299 11
106 123 10
33 151 618
12 157 14
124 295 2
25 528 7
214 578 17
236 613 8
16 174 15
318 581 20
279 483 11
214 593 7
225 352 3
138 285 12
275 606 84
57 138 2
105 377 13
129 464 7
253 417 20
107 429 17
103 225 146
67 310 15
488 619 17
238 343 148
456 522 2
72 454 18
330 551 13
351 567 5
106 313 9
18 37 16
423 554 8
535 542 13
46 169 92
325 405 18
146 185 199
173 279 11
99 588 18
457 589 16
85 329 12
312 598 154
153 191 12
55 285 18
441 557 5
215 491 27
211 333 20
10 597 9
607 613 7
518 623 18
151 486 1
46 184 64
90 503 20
561 611 10
207 535 51
375 612 127
28 285 7
9 375 9
417 419 12
60 374 9
562 626 18
25 194 15
224 523 13
91 500 7
90 592 15
299 498 944
171 488 13
94 331 143
242 250 3
9 383 4
33 57 12
206 319 106
98 613 144
269 285 9
10 493 1
152 338 20
302 324 14
72 168 8
351 355 85
154 462 6
183 399 15
429 440 186
170 209 1
176 288 8
456 607 17
418 577 7
184 332 4
267 319 6
160 312 2
26 30 6
16 295 15
316 409 9
36 245 14
268 322 1
235 296 13
207 362 3
250 512 191
109 167 16
198 419 2
264 588 3
94 202 2
70 75 12
338 595 4
225 531 3
91 606 20
12 443 19
290 526 13
256 448 7
126 326 6
83 443 6
146 278 5
283 607 8
194 482 10
27 54 12
4 228 92
556 621 19
288 396 18
14 238 12
45 437 20
2 472 12
228 301 14
366 556 7
317 376 25
313 417 16
115 423 142
49 323 17
146 287 658
176 382 16
168 528 5
27 615 14
49 140 13
90 419 5
34 207 14
394 586 82
153 538 11
312 583 105
214 475 19
95 341 4
98 520 4
36 171 11
10 198 12
304 486 19
594 598 20
195 328 8
97 584 19
77 358 1
109 400 13
33 73 6
37 188 2
522 597 6
50 500 3
536 580 3
8 472 50
421 482 16
484 577 8
144 300 16
69 321 12
423 578 3
240 602 8
147 529 99
79 106 20
294 336 8
199 205 11
117 573 13
82 393 15
135 568 6
354 452 11
95 114 16
95 184 19
50 164 15
527 528 10
272 292 8
37 544 11
95 563 1
523 574 147
183 617 10
87 568 1
179 365 189
29 230 7
41 52 18
284 625 16
292 297 16
67 467 169
52 547 12
198 498 15
50 488 16
76 95 12
267 356 17
215 583 5
404 615 37
161 185 89
288 622 12
175 278 6
424 564 939
496 527 5
24 534 5
63 249 17
475 493 20
356 534 7
252 261 7
171 606 5
428 571 9
10 151 49
362 503 10
208 551 16
113 132 1
495 593 20
167 472 185
42 115 5
215 389 3
135 591 1
356 389 172
14 555 31
118 523 36
2 509 13
1 309 8
167 459 6
75 568 11
196 518 167
54 108 20
182 422 120
37 409 14
0 112 14
80 226 174
290 431 14
58 420 4
101 493 19
565 618 26
437 580 9
290 317 102
33 593 15
1 47 12
18 398 11
24 177 80
422 604 5
250 488 152
14 169 2
240 596 13
309 482 18
496 550 18
118 220 3
153 568 102
53 183 11
418 527 7
140 311 20
309 592 7
47 290 19
21 194 8
92 572 20
24 261 13
202 354 12
110 510 4
306 572 9
335 580 8
213 443 579
28 110 6
82 370 9
76 297 14
213 299 11
406 616 16
101 597 5
395 600 606
52 370 10
68 473 15
180 314 10
151 536 14
165 484 9
70 350 6
355 583 16
181 381 18
52 518 14
124 388 17
470 496 28
143 240 5
479 611 2
165 355 11
581 605 16
18 353 6
90 151 18
160 200 499
342 381 8
151 353 15
176 406 179
227 516 20
319 607 16
73 145 6
277 349 17
284 533 12
79 583 20
245 539 3
381 605 17
245 411 7
196 467 7
355 393 19
260 485 8
91 268 9
271 571 17
371 484 7
158 450 7
13 284 10
239 505 1
208 510 5
122 138 15
272 470 12
465 542 71
285 353 11
160 404 19
477 532 2
258 363 9
50 91 7
86 556 4
33 536 113
565 587 10
245 396 14
195 230 15
50 326 184
413 533 6
0 500 6
80 221 14
331 342 18
111 157 130
149 293 5
160 604 10
342 587 19
354 448 13
188 467 4
86 104 156
267 331 18
79 355 62
222 274 7
153 607 18
346 558 18
423 509 8
199 618 108
247 358 18
126 490 5
25 594 19
79 215 315
59 224 121
213 522 5
458 481 7
75 318 10
79 389 20
212 268 19
55 428 12
261 278 7
152 270 3
552 601 2
367 436 11
148 447 17
151 381 984
190 361 13
99 284 11
121 332 151
131 388 178
115 614 15
255 435 19
336 448 19
191 476 12
415 429 12
192 424 127
351 602 20
130 250 3
141 232 9
121 340 10
199 333 8
87 405 14
16 527 9
45 180 17
69 89 8
173 266 18
187 394 266
160 392 14
488 499 17
385 467 10
285 398 121
39 513 5
483 528 151
252 285 19
192 295 8
238 404 8
285 357 20
156 363 14
438 610 3
131 197 17
16 28 20
164 174 7
135 353 16
131 153 4
228 246 99
166 302 8
66 465 13
53 438 19
25 380 9
122 357 122
279 468 12
15 503 11
178 291 3
9 504 10
355 598 1
75 267 4
417 448 20
284 583 131
24 626 18
190 529 31
102 430 3
69 482 18
518 624 5
230 431 17
386 603 13
36 552 4
62 122 640
50 566 15
339 469 11
292 353 9
195 474 10
284 528 7
69 519 18
210 237 14
71 284 1
79 426 14
53 223 17
134 428 8
417 548 10
162 332 49
13 81 10
498 520 8
127 434 14
131 271 13
118 372 7
32 167 9
311 367 12
391 597 15
62 541 20
13 287 19
161 344 16
340 483 10
7 332 12
119 515 103
70 289 12
395 493 17
70 498 9
249 466 136
379 497 6
279 467 3
497 577 171
86 550 5
228 488 5
312 611 13
152 533 12
381 521 19
161 377 15
456 605 18
290 549 6
112 321 1
525 534 17
46 439 18
323 423 9
167 182 39
5 136 59
191 216 114
24 404 11
331 381 19
3 391 93
97 131 16
8 529 10
223 521 193
394 521 15
121 467 17
141 355 183
264 373 10
69 116 3
335 555 14
311 424 16
170 527 9
328 439 73
102 135 18
29 521 16
107 316 5
23 227 15
52 150 36
118 205 9
415 526 6
420 590 20
94 473 4
58 584 4
127 249 7
170 333 42
167 565 15
248 302 18
207 401 16
233 598 2
104 259 15
57 387 7
74 225 16
377 581 7
44 101 3
74 538 2
423 556 50
54 276 66
192 527 4
115 288 19
1 215 10
89 311 13
567 579 20
528 543 1
214 429 3
38 199 9
235 600 8
32 337 17
15 169 10
460 578 15
340 467 15
102 446 6
167 575 19
17 320 67
191 439 2
359 436 14
74 228 20
163 420 154
38 255 16
66 589 16
516 599 13
41 234 62
511 579 6
107 173 259
452 477 74
390 551 7
85 293 4
282 467 90
347 384 6
5 57 10
86 318 12
224 231 9
15 171 98
550 584 12
45 367 7
80 144 13
232 482 136
159 624 123
32 205 12
299 510 8
109 408 2
334 494 12
345 369 11
409 547 15
553 573 21
342 401 35
217 378 9
297 395 14
123 364 16
124 604 700
18 61 5
113 514 14
17 475 19
172 409 12
417 529 433
214 292 14
87 446 5
283 319 38
69 552 47
94 516 8
251 289 14
286 618 1
15 348 10
496 582 11
67 193 12
516 517 15
137 397 7
278 477 5
189 343 193
528 533 10
99 369 10
155 473 140
153 196 9
250 607 2
12 137 10
218 220 6
37 289 12
153 319 2
570 580 8
288 546 4
217 597 8
264 459 139
238 541 8
2 346 7
265 526 10
261 323 159
67 583 1
110 361 105
279 530 11
254 477 14
104 450 7
30 115 146
240 579 5
48 492 20
374 496 117
346 431 3
319 483 6
55 456 17
30 145 5
368 408 188
230 398 4
60 529 5
380 606 9
88 369 20
244 353 12
39 405 20
134 381 73
92 493 17
31 86 11
467 601 10
56 185 12
557 569 13
16 533 16
52 377 1
10 594 1
139 417 11
79 598 123
184 442 19
199 301 15
86 563 15
367 418 16
1 232 2
204 489 18
15 518 18
319 429 193
279 404 10
169 209 1
544 548 5
410 451 17
295 418 113
166 412 12
184 617 18
130 131 12
67 538 19
406 552 20
179 192 19
45 225 153
107 604 1
160 406 11
79 338 15
291 618 19
267 322 4
26 301 5
78 372 1
173 476 12
305 417 53
287 369 10
70 240 16
360 570 1
216 259 6
156 393 15
164 332 20
117 611 8
429 624 3
213 544 37
393 406 82
534 571 13
150 375 2
182 449 2
211 284 116
387 529 19
85 527 17
243 618 182
107 512 9
106 517 6
142 576 4
54 120 131
330 502 17
116 227 2
283 383 9
206 368 10
156 555 8
370 582 77
270 388 19
69 440 89
500 512 191
148 441 17
20 28 92
6 193 10
283 380 168
5 135 5
85 144 19
281 496 17
67 404 12
211 560 149
280 389 192
495 531 6
492 516 17
129 209 42
138 465 20
397 484 18
16 553 18
78 196 18
67 150 12
138 202 2
152 400 49
114 336 15
122 346 4
350 412 19
136 238 861
567 580 14
41 547 11
429 527 3
81 341 14
217 281 19
204 592 200
386 465 6
397 442 8
44 473 8
408 616 18
171 255 4
126 144 4
104 492 610
162 501 15
410 581 17
174 467 6
174 418 2
289 595 15
85 169 45
233 381 1
89 315 94
305 326 74
74 471 9
14 554 8
277 444 9
227 622 118
54 418 3
337 543 1
493 518 19
67 626 20
348 386 13
296 483 15
199 387 200
138 353 20
335 365 16
131 552 8
12 96 10
26 290 20
83 368 184
332 365 12
344 523 15
154 530 17
107 224 17
123 445 5
93 200 43
7 616 6
320 334 2
460 478 7
41 498 4
74 591 11
229 459 9
224 274 4
377 428 3
99 215 11
5 353 20
308 422 10
141 399 5
90 285 6
132 180 13
48 360 3
532 587 20
86 468 28
434 464 8
97 310 8
57 489 10
548 562 47
9 42 17
490 547 17
13 142 16
171 412 1
211 467 171
534 598 19
15 397 13
182 482 186
405 589 3
1 374 14
584 592 6
166 297 16
141 172 10
99 124 13
596 619 143
145 170 20
23 359 7
239 436 195
206 395 6
407 619 5
115 319 19
144 543 5
372 531 166
80 452 10
36 497 16
404 440 7
186 448 4
78 243 5
210 226 9
155 156 7
78 420 16
271 389 18
160 583 3
85 270 17
16 385 5
115 501 3
152 321 8
113 488 18
33 185 3
540 597 14
93 552 8
107 577 17
214 524 10
178 533 1
386 542 59
49 50 20
420 535 89
229 358 113
146 608 15
495 542 141
217 296 3
26 375 19
250 514 18
61 150 6
461 607 20
10 381 6
75 356 7
267 302 7
56 218 18
172 515 8
275 348 20
89 309 19
286 458 2
192 601 167
345 418 4
234 387 8
117 393 13
419 547 5
147 351 1
511 519 10
150 284 6
179 248 19
337 600 17
223 292 3
447 592 137
207 488 837
110 486 933
254 587 2
381 415 35
8 393 387
2 39 20
276 413 19
436 483 409
125 168 17
151 551 37
39 239 11
241 476 13
396 623 8
348 591 4
108 486 5
71 382 15
183 433 2
160 436 8
189 327 82
29 293 6
110 610 20
485 589 10
267 371 547
67 143 105
202 551 3
71 406 2
200 399 12
284 404 9
84 237 14
352 590 9
176 381 54
75 191 86
113 418 6
135 489 1
421 445 17
23 436 89
82 90 80
302 311 20
369 480 16
268 332 1
352 541 18
8 426 16
33 274 1
488 507 98
115 471 11
2 111 17
75 153 5
119 486 18
35 382 800
258 465 11
332 596 98
150 221 9
195 240 15
37 163 9
70 284 10
78 584 10
110 458 15
140 582 16
251 519 18
94 468 4
208 440 19
16 192 102
346 566 87
91 199 15
291 337 13
128 504 3
30 411 16
104 133 19
139 430 10
144 312 14
8 451 20
226 607 20
274 373 15
557 610 15
6 580 169
412 567 8
109 279 18
574 587 200
299 355 15
105 621 9
30 498 20
270 569 18
186 496 12
226 610 2
49 497 16
404 467 6
118 513 14
211 404 20
108 406 4
76 416 16
569 615 76
150 382 6
325 333 14
610 616 29
245 491 62
21 23 16
227 270 25
402 596 6
345 625 1
299 599 16
353 581 645
90 219 17
358 618 2
230 250 16
88 244 15
136 230 129
59 481 2
259 457 10
50 514 10
50 393 9
429 619 11
186 412 5
546 598 5
119 606 8
294 368 18
204 225 5
174 527 2
320 410 5
183 223 13
251 393 4
19 292 16
17 106 5
403 404 19
119 467 17
527 533 7
471 503 8
93 432 12
313 591 10
45 152 16
2 563 17
337 377 1
349 624 175
109 124 1
512 606 17
39 360 7
37 283 18
350 568 38
304 348 113
225 462 7
16 340 16
355 563 17
70 395 5
58 285 5
14 190 13
274 542 107
6 41 2
281 600 16
182 341 193
324 406 14
96 220 10
295 368 19
255 355 5
162 233 19
19 576 58
179 574 13
120 265 6
270 480 14
168 626 194
104 289 12
187 223 13
240 307 17
54 495 18
86 374 17
52 269 93
384 513 12
142 152 3
100 538 12
11 483 11
65 597 12
149 530 17
250 606 16
132 553 35
165 315 9
135 398 17
527 604 9
117 325 18
539 621 13
389 406 7
44 260 10
157 433 349
49 195 11
327 489 6
223 272 7
407 504 17
167 392 8
74 307 90
18 389 6
154 490 18
298 398 890
300 436 14
44 323 8
101 165 25
59 67 15
33 616 14
159 508 17
110 332 9
257 317 13
208 459 5
136 599 1
418 438 14
4 489 15
245 423 4
329 475 154
15 281 21
88 122 686
73 181 20
471 589 835
41 433 80
217 272 8
335 619 8
57 442 10
385 408 210
375 404 10
178 231 11
335 503 10
266 273 16
8 385 174
299 445 74
115 214 11
119 444 3
193 585 1
184 408 9
290 407 16
208 209 19
394 493 9
351 549 10
378 393 10
67 279 14
191 518 195
52 261 13
580 618 1
83 180 16
577 620 16
97 406 19
469 606 106
43 397 2
461 585 4
210 450 16
282 369 65
23 277 16
154 249 19
103 451 5
56 128 20
274 334 13
34 138 131
464 606 5
25 533 3
166 359 15
116 519 1
237 425 16
214 365 3
5 33 67
26 310 6
343 476 11
290 341 111
462 551 9
91 113 90
57 353 18
72 284 5
111 202 19
345 360 12
48 188 10
122 490 2
290 623 17
161 318 1
172 292 20
151 390 1
124 284 10
419 474 12
180 283 11
277 428 11
30 575 2
55 427 2
209 478 2
34 259 2
412 505 478
546 603 19
265 267 188
457 541 29
16 30 43
313 386 15
529 539 1
590 621 18
291 519 16
394 431 6
288 556 13
412 602 227
371 403 10
73 479 36
233 430 12
3 117 5
400 613 11
106 254 46
20 420 157
6 323 7
286 446 500
97 301 7
10 427 38
403 484 6
28 567 7
333 371 19
122 206 3
6 319 48
120 545 12
520 542 14
190 251 160
132 489 17
592 609 18
85 401 17
55 476 11
54 300 9
22 470 2
473 582 2
309 417 11
119 233 14
417 612 15
5 300 18
295 527 17
422 516 19
186 388 6
336 582 69
71 452 89
156 522 90
365 548 9
317 412 14
273 298 7
114 373 439
355 406 18
519 585 12
81 552 17
237 273 10
247 323 3
52 356 3
136 211 16
317 383 13
328 467 107
35 170 197
211 583 8
288 498 1
62 152 14
236 518 13
141 245 2
142 319 17
315 324 14
40 576 17
412 460 111
258 561 8
225 255 12
29 147 150
26 494 19
416 479 14
335 606 10
226 405 50
309 403 16
546 579 7
50 250 3
19 267 11
225 408 11
550 621 19
13 438 14
315 511 19
4 312 12
30 278 329
378 502 14
78 188 37
387 426 19
346 552 56
211 528 18
301 548 105
227 539 2
76 248 6
385 601 19
12 377 10
517 609 187
421 601 14
29 62 52
33 90 181
433 438 18
505 542 14
132 363 20
98 181 20
171 464 19
493 521 18
170 574 14
246 469 2
464 500 4
99 583 12
288 308 17
360 455 152
273 570 9
156 162 16
65 237 179
323 480 195
480 610 20
3 277 51
44 502 8
90 353 20
138 440 6
218 415 2
13 223 2
6 112 9
590 619 11
121 279 6
426 555 1
117 559 162
318 412 12
1 193 13
20 567 3
72 404 10
138 151 6
137 361 15
201 252 11
215 515 35
381 394 744
33 482 110
301 596 18
322 567 11
55 132 2
414 571 87
9 71 19
57 131 37
165 322 12
135 151 4
173 289 5
323 373 118
292 480 2
152 528 12
35 210 5
34 108 15
291 470 12
91 514 16
259 352 13
278 616 798
498 591 14
45 411 185
144 413 17
469 548 2
156 502 20
322 403 17
131 524 14
95 334 13
84 249 11
193 366 1
82 108 13
177 596 51
68 206 8
421 528 1
78 602 11
529 623 7
186 222 18
59 385 15
508 548 62
514 606 15
253 333 6
92 262 5
3 325 4
4 301 4
71 360 12
47 542 8
467 513 1
182 567 32
366 435 15
96 542 10
72 236 8
166 292 64
437 501 10
75 578 139
4 477 879
12 150 91
330 414 119
422 424 397
119 511 20
74 232 4
237 556 35
414 563 14
541 591 128
62 455 17
191 308 20
3 180 4
47 214 8
98 396 19
250 500 20
207 291 16
379 437 2
142 292 10
196 267 23
26 557 5
163 221 12
552 562 11
311 479 24
545 556 3
380 535 5
127 175 10
385 527 12
72 139 15
311 546 8
87 419 6
479 609 174
27 115 64
224 292 19
383 447 14
326 430 1
270 303 6
456 609 19
107 444 15
0 402 5
1 443 112
387 515 12
432 470 5
286 565 9
75 302 8
56 188 6
65 531 13
187 343 19
219 484 17
166 322 8
210 541 13
97 404 521
41 393 144
467 483 3
87 531 190
124 412 59
327 526 17
163 337 20
158 186 9
82 618 12
193 394 96
221 585 15
18 414 404
99 382 1
113 171 20
199 540 18
67 340 8
50 591 6
114 275 5
85 366 3
219 626 6
395 558 6
206 262 3
91 328 7
46 379 32
404 483 11
277 303 622
98 288 56
7 182 45
95 616 3
117 380 104
200 495 14
81 375 20
40 298 14
295 562 74
559 622 30
11 231 5
509 526 2
178 304 3
170 357 182
115 615 14
130 626 13
434 499 11
67 284 14
69 367 20
145 345 11
261 465 2
468 551 3
191 284 6
57 203 12
256 496 15
154 402 1
285 451 43
380 449 17
79 328 2
7 97 8
478 604 4
176 412 9
181 390 18
465 612 12
227 329 3
423 424 10
227 526 31
5 274 188
177 519 10
113 127 112
575 595 14
334 416 8
215 436 4
281 335 660
538 545 15
160 269 18
417 481 2
225 464 12
218 234 18
34 73 63
53 418 12
344 567 96
307 407 495
321 559 12
112 330 1
217 346 8
2 553 15
272 576 19
14 462 164
179 343 5
404 406 12
189 351 16
2 223 5
99 264 88
231 436 10
153 476 94
93 224 20
201 503 1
270 533 14
201 405 11
5 293 50
336 434 12
300 302 5
90 547 193
116 622 5
40 347 15
212 481 101
450 572 16
270 626 78
174 192 7
301 466 7
61 623 15
119 125 16
29 549 12
25 224 14
289 517 37
84 360 20
119 591 14
107 299 14
31 290 17
174 575 5
202 599 12
167 355 18
115 498 7
120 444 20
257 589 13
267 571 17
81 583 10
393 598 35
68 471 14
147 539 18
315 431 8
131 428 1
88 594 19
389 598 19
219 399 13
183 438 9
196 239 14
225 291 14
500 514 133
230 323 15
175 480 11
75 549 3
23 516 1
28 463 12
104 230 9
217 560 781
444 585 171
212 298 6
357 521 15
94 288 10
33 45 2
4 620 7
19 334 20
152 373 12
165 223 3
74 492 863
305 582 132
4 129 11
117 312 15
274 535 1
96 491 1
309 559 13
186 509 184
521 551 64
44 250 6
112 136 19
206 543 16
340 421 18
54 162 6
153 366 5
71 390 20
14 256 9
106 221 10
16 294 1
185 243 11
109 433 2
310 336 11
315 490 5
192 368 192
372 450 68
57 90 15
497 576 8
488 606 12
141 259 13
592 593 1
90 382 6
427 484 15
475 526 5
302 510 93
116 219 104
3 95 13
271 491 17
164 223 10
332 538 166
387 421 16
473 518 13
169 596 192
150 359 17
295 601 1
613 620 5
167 524 34
22 444 8
201 403 19
260 559 13
180 448 15
290 427 20
199 251 3
315 406 18
158 196 15
302 389 20
36 329 11
154 350 11
157 300 12
278 293 9
167 557 3
114 147 20
376 490 13
50 464 16
15 323 18
470 501 5
33 353 6
291 569 89
18 380 9
16 393 16
139 423 67
33 494 4
9 376 20
415 538 14
461 542 118
92 128 8
28 278 16
332 347 20
330 430 6
323 575 9
432 452 9
304 431 20
561 594 2
11 86 19
266 310 16
179 392 184
475 515 2
73 510 11
439 607 15
415 569 4
227 311 6
296 538 2
227 585 19
331 521 15
121 617 19
77 588 11
29 576 20
311 507 7
117 215 19
177 301 19
119 307 16
198 313 3
124 443 3
145 223 10
418 567 20
80 131 11
28 150 8
50 137 3
33 361 13
216 414 19
245 452 8
521 587 4
301 378 8
568 607 3
270 624 12
447 553 7
128 369 6
94 551 6
416 554 18
176 197 106
503 563 9
203 228 11
374 470 132
109 252 1
302 353 4
22 185 7
5 151 12
415 423 16
494 510 11
176 268 20
103 454 10
393 454 45
20 131 9
266 320 6
316 520 4
212 216 126
400 560 13
392 406 19
381 587 10
564 603 137
72 318 11
224 490 45
17 53 14
115 207 12
111 300 186
436 575 196
116 371 16
501 624 8
343 521 9
160 393 12
73 590 3
287 376 5
205 327 19
173 531 19
193 334 12
447 471 1
54 398 10
211 471 6
291 344 34
49 111 5
372 465 15
564 584 9
165 267 16
164 576 16
215 406 16
100 425 20
115 152 11
421 466 9
284 434 10
211 340 105
129 328 16
25 42 2
418 476 12
267 300 14
197 377 8
446 534 8
166 484 13
78 350 71
217 488 17
426 525 128
178 218 1
13 183 16
62 380 12
236 477 1
25 587 19
191 525 14
171 538 3
36 475 3
16 418 2
316 450 3
474 514 95
12 115 18
306 393 13
27 75 117
101 407 20
583 611 14
283 328 97
249 263 8
166 223 2
106 251 5
192 408 15
343 615 9
260 389 13
331 493 3
289 544 20
108 192 1
68 536 7
165 180 10
196 580 20
144 204 9
353 553 3
228 403 112
84 123 10
499 555 9
59 139 18
11 374 2
41 580 11
63 113 4
60 165 642
172 372 173
300 625 20
116 186 13
312 355 9
420 567 3
245 345 114
117 583 12
143 396 2
162 430 4
87 452 3
218 551 16
111 367 9
223 438 189
478 554 7
166 290 7
351 438 5
85 533 19
190 306 7
137 477 13
25 270 14
407 579 190
16 518 17
23 261 76
377 595 15
99 467 20
443 556 14
64 423 20
7 346 197
116 618 27
99 121 18
187 501 2
196 257 8
133 236 7
428 462 9
512 514 20
78 476 7
430 438 186
420 621 9
283 412 15
253 485 83
315 384 119
31 208 67
7 139 336
132 551 11
156 216 6
19 489 19
187 455 6
288 523 143
493 587 1
331 392 958
79 260 17
248 502 155
35 621 6
96 540 654
191 547 11
113 464 7
372 574 18
125 180 12
464 512 116
512 577 1
198 438 20
197 276 7
506 574 20
184 311 196
319 547 15
407 617 20
240 476 2
140 404 11
18 545 86
206 330 418
109 517 19
422 464 153
169 235 85
75 251 18
187 521 16
6 425 3
113 361 3
167 314 43
99 306 4
237 346 9
215 611 18
141 454 2
51 225 16
5 285 6
277 566 6
30 423 98
300 508 118
247 291 87
43 156 175
72 432 2
193 501 120
199 319 6
134 405 3
148 228 19
43 566 11
273 441 159
85 528 19
16 468 1
421 583 4
589 616 15
50 278 13
139 168 7
313 401 23
56 495 5
37 438 129
421 614 19
363 507 13
69 473 1
212 594 2
314 541 5
374 471 5
280 438 184
515 590 164
281 397 11
189 473 14
150 194 3
177 403 12
403 470 8
429 534 20
508 541 19
184 375 17
216 597 3
404 528 14
36 483 16
67 211 13
315 574 347
386 602 19
242 347 19
120 183 15
204 539 15
26 275 14
151 331 19
41 262 19
308 374 4
117 477 17
215 598 7
461 548 5
313 460 1
32 402 157
381 493 4
267 419 15
20 476 795
215 393 7
29 343 1
310 551 642
406 584 3
49 616 2
586 618 10
148 375 14
331 469 4
372 602 1
54 150 17
292 526 13
382 589 67
117 598 106
70 602 17
409 480 6
63 431 28
106 316 17
156 601 166
119 458 7
292 542 18
348 574 123
126 343 17
306 552 96
161 333 2
178 436 19
172 357 10
377 462 5
86 461 73
53 536 113
389 393 19
474 553 7
27 139 12
16 530 1
43 271 4
472 626 8
117 474 17
113 479 6
186 454 16
25 238 20
220 338 361
156 330 20
152 549 13
122 187 14
177 533 2
40 311 71
206 584 5
112 228 196
277 386 139
288 459 17
66 391 13
49 521 20
385 430 3
13 418 18
208 617 125
121 475 6
20 201 17
28 605 9
112 397 19
348 556 17
174 295 15
157 227 17
284 340 17
22 410 4
99 528 14
88 358 15
330 613 2
413 601 15
227 301 403
182 626 20
284 412 100
154 468 7
188 584 2
114 360 5
386 567 3
269 492 4
225 392 18
69 507 19
92 309 6
388 563 190
151 573 18
274 527 19
335 553 137
166 340 1
59 594 13
449 527 171
18 424 14
333 529 167
10 522 12
175 567 19
426 562 200
86 419 16
245 614 1
405 572 758
203 513 20
234 249 169
473 532 199
11 124 157
254 476 421
138 348 15
52 362 5
223 403 16
33 268 72
140 201 10
62 115 15
88 420 136
79 131 6
245 402 2
85 152 11
195 468 18
75 91 3
151 394 1
6 579 1
72 430 27
220 412 5
19 183 20
58 576 5
272 439 141
25 354 11
64 615 12
452 571 10
274 280 16
99 279 15
30 381 10
17 175 4
238 303 5
539 558 14
363 585 2
246 260 23
26 396 5
334 624 17
217 568 2
41 319 12
224 282 14
270 307 8
297 322 10
28 431 163
220 286 1
501 582 423
225 267 17
376 531 173
350 387 10
93 310 10
95 578 4
368 418 8
37 590 183
60 323 8
25 527 1
423 615 6
331 587 106
41 415 19
180 400 17
551 587 19
29 427 6
416 485 7
246 590 11
287 400 13
250 308 20
9 600 11
36 608 9
267 292 18
98 612 1
242 553 15
206 281 2
249 593 15
319 580 671
342 362 4
16 137 15
57 97 13
121 583 7
95 475 200
389 611 17
65 92 121
134 250 161
108 539 58
34 541 3
281 451 8
281 330 2
200 611 17
379 517 8
114 489 200
451 522 18
248 525 11
51 507 5
25 85 141
444 551 8
200 229 4
97 176 139
275 325 17
493 590 18
209 393 20
228 453 16
292 379 8
269 439 90
337 619 140
397 594 15
255 522 13
242 301 65
12 484 14
476 607 713
261 590 5
290 485 1
556 600 7
273 443 11
294 589 141
160 273 2
321 389 281
39 81 68
225 434 14
421 467 11
43 488 1
75 319 16
22 81 6
447 533 10
131 156 154
37 175 9
197 540 11
436 585 1
108 602 10
216 354 312
159 247 2
298 393 15
419 522 328
364 456 187
285 327 7
319 390 20
363 614 446
99 107 7
190 520 18
272 601 13
297 371 1
24 137 6
103 532 11
157 604 11
160 598 19
125 201 16
30 236 5
467 528 9
11 582 4
144 160 7
467 583 14
408 527 19
305 443 190
139 468 6
232 586 8
212 560 15
299 496 19
309 534 16
177 424 17
69 361 28
65 362 1
4 585 17
194 437 7
262 613 5
104 541 13
59 499 19
6 421 122
4 81 11
165 371 16
30 556 84
194 455 14
30 253 9
173 471 45
36 363 13
255 556 15
112 260 16
295 467 48
429 493 9
259 540 11
292 317 2
137 256 70
6 51 9
344 372 6
97 102 1
101 201 5
55 569 2
376 460 15
165 403 179
50 498 130
165 513 20
113 250 8
111 185 1
361 382 3
407 555 4
101 222 17
270 619 115
89 389 14
132 312 18
258 578 6
210 469 7
148 201 7
96 626 5
177 227 19
91 256 9
111 529 58
239 441 15
23 294 8
152 572 133
84 258 7
314 363 18
156 597 3
111 498 3
101 522 1
140 361 5
547 580 194
91 512 6
256 562 5
406 598 142
451 474 20
62 353 11
5 247 18
321 461 9
583 598 2
12 361 2
494 546 7
138 168 16
255 315 20
10 359 14
250 509 59
117 516 14
55 286 77
13 53 17
198 501 3
147 281 136
393 611 18
223 297 12
253 306 144
402 524 1
91 250 3
211 421 12
87 470 65
269 566 9
90 224 1
18 444 831
14 399 5
368 385 13
44 67 15
33 379 7
111 487 8
318 555 4
408 562 6
489 586 4
515 528 11
36 520 19
312 515 11
115 556 50
28 233 12
111 584 10
6 52 155
111 625 15
77 428 8
310 506 16
256 336 13
155 448 20
2 618 14
88 263 175
433 545 15
432 601 738
537 567 18
174 601 12
342 551 8
138 398 85
62 538 968
527 601 11
428 454 13
201 344 2
529 556 19
88 246 50
99 557 1
63 613 5
15 310 172
21 166 23
10 578 6
109 170 19
54 87 591
327 620 3
200 558 13
92 321 7
109 438 82
18 191 20
334 338 2
154 527 959
40 252 5
510 544 17
253 498 734
274 554 5
178 532 1
48 58 16
191 423 75
136 346 532
464 625 197
491 585 187
335 512 6
268 311 13
95 410 192
212 356 8
376 476 20
176 242 2
25 277 18
159 232 9
232 272 1
390 456 18
55 117 9
268 452 20
163 544 9
20 57 8
114 581 17
285 503 12
97 358 8
185 318 86
10 393 6
56 226 8
15 449 16
216 522 18
76 537 6
123 234 13
37 337 145
266 426 18
277 479 20
75 386 4
348 562 17
467 557 15
162 404 6
93 555 81
48 462 31
261 509 14
18 544 2
449 618 104
139 185 20
29 140 15
9 533 17
93 421 154
29 139 14
184 296 16
53 430 4
78 113 3
139 262 4
138 616 11
267 355 162
327 355 7
187 413 8
295 408 13
278 599 6
192 559 85
5 342 182
64 610 18
120 443 17
241 362 22
24 259 2
352 438 119
302 476 3
234 345 6
433 522 84
500 606 87
18 90 9
95 300 20
377 397 13
223 371 16
117 532 10
106 170 104
5 398 181
127 511 10
418 467 20
257 417 11
380 439 88
291 381 10
41 503 20
160 355 9
119 336 195
141 181 9
121 211 10
376 469 59
151 559 152
343 404 125
99 421 3
69 328 62
169 527 10
136 203 9
270 475 12
358 427 15
10 521 9
20 148 16
85 124 19
120 488 17
302 559 111
72 252 17
144 372 13
462 590 120
418 430 2
178 368 5
314 422 2
99 404 1
475 486 2
199 233 11
135 280 16
359 440 1
270 554 19
156 220 135
59 379 2
501 608 79
418 601 4
324 615 16
550 605 10
137 511 12
39 383 7
145 331 680
320 454 20
25 152 19
192 467 95
253 423 15
571 576 3
63 276 145
49 414 18
330 548 19
5 18 15
160 370 15
92 477 34
244 343 7
297 403 19
203 362 5
127 176 15
164 374 8
13 215 9
218 386 3
33 95 12
114 513 8
101 384 102
149 488 9
524 583 3
213 247 16
191 615 61
399 530 14
368 601 989
242 592 5
147 577 2
105 162 3
39 262 15
378 405 3
18 195 8
246 372 91
198 445 13
411 414 20
354 619 7
163 549 15
238 492 3
367 413 5
307 517 15
428 547 35
48 353 11
47 276 17
452 586 10
291 535 101
353 397 13
211 617 18
75 283 14
314 500 66
1 75 3
174 568 11
64 449 18
353 416 6
35 569 14
132 612 8
500 536 16
194 591 6
29 417 364
372 411 6
314 602 10
447 516 1
417 521 19
36 554 14
135 390 5
138 287 15
164 509 181
325 565 11
28 62 1
63 390 17
56 301 16
76 284 11
114 594 20
181 445 6
140 166 7
216 368 11
74 295 3
404 583 10
403 502 8
20 176 59
121 579 20
254 283 17
234 514 671
489 509 20
416 621 10
10 296 7
313 606 38
61 315 14
390 548 19
97 156 5
532 613 15
170 582 18
357 541 7
60 409 6
63 266 869
427 464 14
121 218 4
14 171 10
258 347 20
240 383 14
337 495 15
34 84 3
199 494 9
366 515 20
141 311 155
31 418 16
124 399 4
172 396 2
106 176 12
10 587 2
495 535 2
218 579 19
312 406 1
91 464 16
33 135 15
488 500 19
335 601 9
160 250 5
486 493 8
40 362 64
282 380 14
309 524 14
167 569 3
186 213 163
91 488 12
572 591 895
581 583 19
49 104 7
150 180 4
72 502 6
4 263 18
243 326 172
106 256 13
342 394 12
214 616 10
170 491 5
454 490 6
273 423 14
63 604 17
4 484 6
533 546 178
19 399 3
18 104 8
435 456 15
352 599 7
167 402 18
5 310 19
248 264 20
241 277 19
86 418 806
309 466 3
165 428 7
294 545 1
218 564 18
252 480 6
199 525 19
99 616 15
228 561 19
262 477 17
192 418 12
346 570 11
196 363 16
171 293 7
7 624 17
272 484 20
18 326 8
243 569 945
276 449 8
285 359 6
7 365 3
103 425 4
33 601 155
417 626 10
177 380 4
117 389 34
54 58 3
75 212 2
84 604 18
139 383 178
360 396 15
61 538 188
219 382 12
130 165 12
57 345 3
100 380 10
1 466 106
67 528 125
73 183 5
419 481 12
58 253 18
172 480 86
125 174 15
528 583 177
464 488 8
264 291 66
171 500 15
123 425 10
59 407 161
143 219 15
237 281 4
313 346 1
260 353 19
49 64 10
15 228 9
121 284 8
94 337 7
15 212 12
116 224 195
140 471 8
6 142 19
111 241 14
290 412 11
85 193 12
58 227 20
419 626 5
176 616 7
128 176 12
290 557 17
8 85 14
75 619 16
39 306 18
56 478 20
125 160 134
43 216 17
216 476 45
281 463 459
199 608 11
459 497 7
311 514 18
245 348 179
245 420 3
183 418 16
320 416 8
163 167 12
312 393 10
220 451 3
19 120 31
81 249 3
52 319 17
469 586 11
251 385 20
2 348 132
102 616 157
172 613 5
79 590 18
61 236 7
49 79 134
479 572 8
437 519 170
219 356 9
387 465 9
239 395 15
365 491 12
140 331 3
197 309 32
195 289 15
178 593 2
90 292 19
65 470 194
520 552 13
373 478 11
126 479 3
87 484 2
251 274 15
54 452 15
351 589 185
407 516 11
19 571 2
242 614 88
2 177 18
23 174 10
292 322 5
244 394 405
88 110 19
267 297 6
251 458 2
27 430 9
223 267 5
306 341 17
463 520 13
462 515 18
253 556 17
276 519 8
82 187 119
262 605 17
583 615 5
105 324 20
4 266 2
250 464 11
215 603 15
176 192 105
166 272 16
419 551 3
45 475 1
273 481 4
11 441 5
134 490 12
97 525 20
216 319 6
241 501 102
180 618 101
167 350 6
155 437 16
0 336 18
299 375 11
312 423 670
550 618 2
210 526 11
83 143 13
117 443 2
218 367 6
25 403 152
165 292 20
2 265 10
57 615 202
18 151 11
250 469 2
400 417 7
488 512 166
171 373 14
221 315 3
221 624 4
527 618 12
215 318 3
200 448 187
376 396 13
265 371 10
369 414 9
127 193 721
153 327 6
269 495 5
526 551 3
57 504 9
539 620 19
238 512 3
372 453 7
115 396 8
93 620 15
66 544 12
467 605 1
215 312 17
44 526 5
299 480 10
33 285 116
109 601 19
97 454 10
348 440 16
308 480 9
285 397 8
48 318 555
237 448 18
302 430 133
90 138 2
163 253 6
243 614 15
401 495 11
456 580 20
381 505 19
495 537 1
108 530 17
361 364 12
121 274 1
76 224 6
96 508 20
234 298 19
84 233 7
117 475 1
6 621 2
390 584 15
164 338 8
422 599 5
81 395 31
55 398 10
209 319 146
295 385 14
237 572 20
89 592 11
46 388 10
286 552 2
43 522 17
315 487 13
73 525 13
357 471 189
408 418 10
301 376 6
142 370 18
340 528 10
57 624 13
255 299 77
71 149 20
209 396 762
552 568 2
103 504 11
299 339 112
258 544 20
310 559 50
73 441 5
61 505 12
17 215 11
425 431 14
193 299 2
107 311 15
549 588 19
433 465 16
16 408 8
223 304 2
157 223 15
400 622 2
278 348 179
267 512 6
126 333 7
312 490 8
357 599 561
493 551 16
320 388 987
115 220 11
7 102 10
15 68 11
350 396 10
29 528 17
52 452 10
556 612 13
93 221 19
253 586 18
343 461 167
156 464 20
53 372 19
120 603 10
281 375 6
448 538 8
256 460 17
113 603 7
371 509 15
26 532 12
14 114 15
479 546 14
77 390 5
505 584 166
298 450 9
18 138 169
53 494 17
66 176 16
153 609 6
470 616 7
33 293 19
44 626 2
552 554 2
271 356 16
446 586 7
34 208 2
55 406 9
379 467 20
60 607 3
351 595 7
83 88 7
379 444 18
333 389 86
254 401 18
284 454 2
99 483 12
119 231 20
462 468 3
342 540 8
310 346 14
151 398 182
197 341 13
292 487 1
424 537 620
118 273 2
197 292 14
208 439 5
191 209 14
16 368 7
160 389 37
103 174 96
25 63 20
68 397 6
349 526 17
446 568 146
298 375 13
89 463 81
23 598 15
111 255 10
136 166 3
28 591 16
30 390 13
108 153 5
