542 5058 4
124 422 9
268 291 4
291 527 4
252 286 12
139 456 18
30 225 19
22 428 123
11 100 14
43 211 6
139 397 3
30 232 15
9 89 16
481 533 179
123 438 18
45 458 2
203 262 478
211 246 9
385 520 6
177 530 3
278 305 2
310 335 4
314 414 6
13 127 14
416 498 14
89 339 16
184 212 1
317 387 5
73 429 3
7 512 5
210 280 10
101 324 32
164 206 17
70 435 15
134 338 111
19 194 15
43 413 10
143 408 15
116 323 12
129 290 5
79 478 2
373 488 171
16 339 4
124 237 2
100 404 14
434 436 20
270 360 5
182 332 188
491 537 14
197 207 8
148 227 2
369 385 18
484 514 12
41 104 106
360 475 2
177 258 24
94 216 6
27 344 16
141 208 12
255 417 56
123 418 17
416 459 7
119 424 5
284 461 8
331 481 3
227 521 17
390 451 20
156 410 134
124 372 1
102 131 134
129 181 16
157 200 19
101 111 182
94 184 17
255 479 5
237 393 16
282 496 18
371 423 17
193 274 15
135 403 16
253 385 6
321 496 8
437 478 195
38 378 194
157 281 5
448 502 124
73 98 11
36 335 19
68 197 14
1 98 18
326 405 20
33 225 159
141 331 3
70 127 3
173 383 755
198 378 19
75 113 3
228 332 2
96 201 12
188 190 460
0 308 7
231 451 12
407 450 19
46 88 6
279 331 15
340 434 156
360 532 2
57 214 891
231 474 18
431 464 6
45 299 2
497 512 16
9 195 10
148 336 18
500 525 2
127 152 6
24 154 1
451 517 97
15 374 13
48 174 17
78 346 3
132 250 15
45 301 1
230 281 9
172 428 515
100 516 12
275 402 8
81 332 16
186 439 18
39 489 13
132 481 12
272 324 10
287 454 9
169 243 24
395 489 19
154 227 13
286 419 82
354 487 104
272 404 5
146 510 13
263 486 18
250 335 2
143 387 17
323 329 99
198 470 5
198 403 2
16 193 6
275 410 5
152 462 18
280 481 4
430 473 20
291 365 10
114 204 14
90 440 164
26 420 687
460 517 159
220 477 156
142 426 7
230 366 2
23 534 12
157 491 20
167 391 178
408 417 17
337 449 12
421 481 2
77 484 181
143 473 4
237 268 14
257 350 5
205 243 20
27 298 9
52 141 16
52 159 3
13 246 258
35 306 3
130 392 7
223 383 8
348 417 11
273 418 14
205 310 7
79 156 879
260 360 12
109 154 1
35 470 6
63 146 17
128 399 8
67 130 6
266 501 5
344 518 20
302 473 141
325 504 8
233 392 11
50 178 5
284 404 18
90 195 18
96 227 19
197 464 20
89 186 30
198 296 184
319 470 172
316 363 178
13 302 9
387 506 72
173 201 3
70 307 10
13 534 125
79 203 192
34 237 11
410 464 44
235 249 12
33 139 9
412 447 6
42 130 7
330 424 7
233 445 63
80 510 13
261 283 17
215 505 6
217 436 14
47 355 14
432 507 7
6 347 76
255 319 13
295 516 15
354 533 2
302 428 127
29 67 16
27 437 9
304 450 18
264 288 5
427 439 15
257 456 8
119 501 156
197 456 6
108 361 19
151 185 131
276 355 1
190 272 3
154 367 4
82 293 16
142 408 7
258 297 12
254 323 17
52 425 20
373 467 18
165 173 20
166 204 4
251 319 6
113 436 10
125 211 14
109 389 18
336 514 13
245 435 20
418 530 11
292 535 9
396 421 417
348 362 2
142 257 1
124 165 75
55 458 25
167 471 16
38 133 10
136 193 16
436 459 19
174 499 19
0 210 3
1 409 838
210 482 8
449 454 14
299 492 9
72 376 3
295 475 8
60 482 16
126 228 12
259 395 6
359 515 19
326 365 1
294 363 13
215 276 1
65 385 6
394 475 6
257 523 9
95 418 13
72 242 8
430 447 8
125 497 6
260 314 176
292 425 712
96 156 7
238 363 199
127 399 8
208 508 13
47 142 8
67 106 11
262 416 122
360 362 17
220 293 6
68 205 18
275 397 17
201 472 3
112 310 69
199 319 822
315 390 120
156 271 12
43 445 19
323 461 12
187 341 3
46 302 13
152 396 7
165 529 12
255 346 6
95 526 155
122 391 16
31 256 7
27 195 4
339 383 8
160 187 1
5 135 12
90 530 9
303 315 5
56 69 18
142 349 18
160 229 7
157 397 14
179 399 14
81 439 173
146 459 6
250 501 19
132 500 19
188 229 2
6 93 161
60 403 18
183 387 6
248 353 113
274 338 2
182 197 7
29 41 9
13 317 106
77 460 903
244 513 5
7 272 3
332 337 18
156 537 71
166 323 14
180 271 6
6 265 18
335 351 20
186 470 7
71 257 45
177 410 13
375 515 6
142 144 8
146 166 17
130 186 3
230 495 192
80 278 19
132 461 16
47 249 15
264 478 103
150 173 18
76 288 16
301 438 20
75 402 18
90 171 11
237 511 39
25 375 15
21 298 18
267 484 10
40 336 2
116 527 121
291 464 182
28 198 126
40 459 169
316 352 6
220 539 491
119 137 8
65 403 15
71 406 11
206 462 8
306 469 10
112 194 83
389 417 2
392 411 5
268 527 17
120 289 15
238 375 10
16 315 9
169 240 13
194 391 8
48 335 15
309 393 7
145 408 11
285 334 11
420 424 106
47 110 16
58 335 20
318 511 19
321 380 12
119 506 5
388 463 43
140 168 9
107 152 16
293 514 7
17 539 11
45 378 10
13 99 199
173 233 7
293 416 16
492 534 15
115 449 17
53 97 17
13 291 17
22 443 18
117 238 303
354 440 2
88 96 6
209 273 1
199 430 4
162 527 4
361 530 170
108 177 150
54 360 10
172 393 170
122 510 13
65 266 1
135 515 2
153 332 19
78 194 12
89 111 2
78 170 20
3 197 16
62 154 9
152 367 18
256 280 15
180 284 2
270 505 15
74 222 6
240 303 8
36 443 7
113 517 5
140 224 198
20 299 8
158 309 3
190 502 62
7 44 90
446 523 18
114 311 19
161 317 11
216 277 9
59 231 19
94 420 15
251 309 190
344 539 160
233 442 18
458 502 61
289 541 13
49 478 16
146 291 14
170 437 11
35 464 2
342 486 3
5 365 14
222 498 3
46 201 1
17 233 14
314 347 18
123 370 12
379 464 16
152 452 12
259 384 14
10 161 7
301 394 19
65 427 6
454 527 5
147 199 1
366 428 4
365 431 17
281 406 95
122 514 8
216 393 11
416 512 2
63 297 3
266 370 10
98 459 15
227 423 83
145 495 8
115 137 5
24 526 141
477 528 6
39 507 10
43 92 62
143 464 13
28 137 6
124 375 11
344 400 7
109 350 20
375 509 18
294 335 20
16 66 6
361 486 83
74 468 2
18 259 2
129 327 10
463 484 9
44 485 6
19 144 18
387 480 15
287 464 535
47 86 17
48 201 17
222 357 168
312 410 12
238 241 4
270 449 6
38 239 9
25 169 13
76 481 18
442 536 5
224 465 5
225 462 5
165 191 16
0 431 10
431 526 188
206 541 2
75 330 13
72 481 143
146 302 15
216 222 458
337 460 90
137 146 4
132 349 10
9 260 7
189 467 138
10 385 15
237 450 18
289 445 7
139 178 6
345 539 14
427 471 8
46 342 49
423 529 129
99 534 10
238 359 16
470 480 182
288 532 17
374 464 19
99 276 13
190 228 9
475 511 708
391 403 3
113 368 4
28 97 152
229 482 7
15 43 12
147 325 34
382 404 8
352 364 13
32 460 20
461 492 8
217 343 9
136 393 8
17 291 137
38 510 416
41 234 12
175 497 9
136 326 722
87 192 19
29 397 6
23 318 45
102 363 6
83 538 15
338 491 158
162 407 4
65 475 48
85 160 19
347 534 3
321 402 200
116 402 14
214 386 2
51 384 11
125 520 20
20 372 18
241 435 20
271 276 8
242 519 20
12 290 15
0 291 14
474 502 11
163 425 20
205 290 11
245 316 50
179 351 60
53 305 16
134 391 4
48 450 6
91 488 3
22 398 4
155 300 2
69 483 191
301 367 3
531 535 160
117 121 2
55 239 33
365 415 12
290 477 15
127 271 114
130 252 13
225 457 8
109 146 18
53 110 6
256 522 9
25 327 119
173 373 16
302 360 197
59 117 34
123 465 14
255 375 6
63 143 9
56 510 17
71 519 9
0 441 154
88 459 7
397 425 9
233 416 19
57 224 6
116 160 97
247 370 27
272 446 15
70 434 17
260 414 25
3 54 107
145 522 197
399 497 17
55 396 1
121 522 682
22 383 190
73 513 9
42 351 8
146 399 110
405 438 197
205 244 19
45 410 14
157 298 4
363 446 9
271 493 105
252 461 20
313 522 17
191 525 791
28 232 17
100 106 63
172 336 161
13 335 5
180 189 14
222 540 70
38 341 16
157 497 18
154 184 174
107 181 5
316 459 3
237 513 13
227 343 10
308 352 16
65 481 12
254 502 12
84 121 15
20 531 17
24 219 1
69 457 17
119 350 200
291 408 5
332 528 5
163 178 15
128 428 509
43 444 16
265 400 13
143 404 16
18 145 19
123 126 2
203 451 8
75 496 19
267 494 117
356 514 8
107 147 11
198 281 1
4 139 6
193 232 13
223 431 134
168 413 7
176 363 4
348 459 232
104 489 157
385 449 1
361 456 2
227 406 11
380 455 17
330 441 78
39 305 109
81 268 1
164 417 13
67 538 6
135 197 117
456 457 11
80 418 4
24 494 8
71 258 27
422 509 19
95 377 16
366 537 3
324 359 88
401 474 17
424 512 14
298 421 7
19 227 1
86 448 12
406 465 12
125 206 12
206 514 11
37 84 8
139 259 12
185 236 5
52 533 17
161 289 20
21 444 17
10 327 1
391 468 14
118 389 11
290 366 11
153 514 8
10 398 401
203 291 19
138 338 20
348 488 14
33 165 15
10 399 17
39 383 14
147 480 2
151 238 15
345 351 3
309 476 17
97 419 15
294 298 9
309 532 18
328 422 11
62 250 64
383 450 19
87 262 16
60 426 15
360 373 137
12 266 4
220 221 3
108 535 16
99 335 9
72 392 116
332 423 1
34 427 9
79 81 10
234 395 19
360 436 13
72 425 132
244 361 8
458 461 10
448 489 4
181 418 19
58 493 14
61 200 10
266 457 7
48 234 18
428 527 15
259 462 678
258 285 86
77 193 861
152 438 154
183 391 12
165 465 162
290 456 9
7 495 57
388 520 11
144 358 16
421 471 8
211 292 15
270 391 14
6 275 20
178 540 9
122 513 20
286 331 16
210 401 114
234 299 14
79 447 12
123 483 2
202 430 1
193 394 12
264 469 15
143 233 15
92 163 19
208 238 166
103 208 8
80 365 20
357 411 15
88 267 2
396 508 14
398 413 2
502 512 17
122 156 11
227 291 10
502 503 11
196 526 13
217 475 20
129 303 15
425 472 171
2 106 15
123 127 11
198 387 13
224 370 18
119 147 409
181 531 14
222 513 5
280 401 3
73 360 16
274 529 15
67 132 7
122 383 21
66 436 12
127 500 7
253 285 16
161 255 111
285 394 6
54 291 44
159 363 10
287 398 8
227 336 187
37 417 2
148 308 4
256 415 2
107 266 3
166 374 16
79 187 4
135 192 14
322 354 9
63 260 18
443 486 109
40 405 16
426 453 192
261 422 77
4 358 15
99 121 11
111 523 18
180 392 17
107 504 18
145 175 13
52 294 8
136 156 2
105 337 6
102 386 643
21 270 7
16 112 9
74 508 9
60 278 14
42 404 166
147 156 2
20 302 9
372 519 55
165 407 108
337 507 10
499 503 10
359 409 6
255 441 10
181 294 2
131 294 19
87 98 417
23 163 21
145 374 11
395 479 8
160 379 807
435 479 23
90 468 5
75 255 10
378 529 10
44 272 20
219 223 5
252 470 6
348 503 4
102 231 19
216 307 11
187 275 12
172 277 2
70 532 46
159 392 11
167 408 970
133 535 12
205 383 3
240 323 124
404 531 2
163 509 15
96 427 90
11 143 178
86 367 983
74 104 3
0 464 62
23 35 5
110 431 20
170 462 71
19 413 14
105 443 18
274 393 15
268 284 18
440 462 15
202 403 15
103 193 3
177 397 9
277 368 14
141 442 110
379 527 16
102 239 13
39 394 23
345 372 14
171 292 17
21 409 3
269 387 17
234 388 8
322 489 100
136 459 2
8 113 9
194 461 13
236 331 1
403 457 184
351 382 7
83 92 8
33 533 12
13 394 7
357 427 3
45 218 14
33 532 16
164 252 20
86 490 491
299 307 14
177 461 3
119 392 2
7 245 3
304 468 10
158 526 37
30 528 9
239 296 16
268 431 111
434 484 6
333 458 1
208 472 19
133 508 16
237 427 186
281 298 81
355 537 1
147 451 7
309 410 7
395 422 126
238 381 135
136 263 250
286 388 8
201 348 10
271 403 178
493 504 3
120 201 10
239 380 2
98 369 9
465 505 97
184 497 8
71 480 17
18 514 11
114 365 135
218 339 156
134 286 9
246 362 13
389 504 20
268 302 7
0 116 1
129 170 1
26 235 8
211 337 9
123 347 9
441 473 11
247 349 6
235 448 2
246 427 3
393 410 200
242 460 7
285 402 7
393 395 2
269 425 15
301 505 14
79 224 9
71 356 14
286 436 8
119 441 5
125 167 17
143 415 14
260 466 18
180 391 114
63 198 3
303 537 7
85 173 168
112 212 1
59 492 8
154 389 8
16 490 1
156 299 12
261 414 100
51 53 1
28 114 297
52 157 17
230 382 4
231 508 12
96 464 18
227 514 15
280 426 17
191 530 11
227 237 5
106 453 8
513 517 11
188 324 416
398 490 4
18 46 1
221 251 1
125 157 13
146 215 10
112 137 5
88 127 3
374 431 951
498 530 9
191 310 11
113 266 12
36 37 20
12 173 7
277 507 10
194 222 8
192 338 10
51 501 106
110 499 4
55 69 104
52 513 21
176 503 15
394 416 20
81 281 2
393 533 140
101 448 4
52 186 10
242 395 9
165 404 30
475 524 7
255 309 126
263 467 518
422 485 2
94 308 19
186 288 19
489 505 8
241 391 10
43 55 11
82 390 2
255 431 13
42 486 4
452 530 10
51 260 19
458 514 14
310 340 11
145 497 19
290 525 14
318 463 7
168 306 1
222 497 52
8 84 11
158 541 5
235 325 15
33 124 969
413 428 117
334 420 13
44 502 19
170 531 674
333 405 7
37 284 8
291 374 85
35 248 15
227 427 1
511 540 8
296 380 19
262 541 1
199 418 8
70 123 8
418 469 276
83 342 8
56 311 12
129 426 2
241 453 41
61 397 17
351 481 4
350 393 20
175 283 5
246 319 30
119 338 16
474 520 13
301 389 6
103 248 7
55 295 119
88 512 121
100 145 9
142 279 982
57 391 8
16 314 19
283 524 141
33 364 6
168 372 9
117 134 973
316 424 12
46 321 6
437 448 14
283 393 7
272 502 4
206 216 142
75 476 12
522 537 18
32 373 15
259 322 4
156 172 10
386 526 36
151 519 10
107 203 269
44 266 12
282 356 52
112 286 17
194 403 29
373 486 20
238 430 5
9 519 13
220 351 6
31 382 169
49 78 20
313 496 5
362 492 5
150 525 5
57 144 3
119 341 19
197 440 197
343 450 14
261 324 7
77 119 11
147 523 19
98 373 1
36 272 161
204 457 13
178 187 7
175 293 19
181 343 5
203 363 8
108 476 181
73 303 7
54 86 7
405 491 5
415 446 2
19 120 10
41 395 8
475 515 1
185 514 11
358 449 16
24 280 12
276 524 13
34 407 7
21 277 6
123 135 16
133 139 10
391 416 1
31 158 16
460 505 14
292 534 9
67 293 19
73 139 9
164 212 54
19 502 12
465 482 20
298 433 161
100 378 16
13 80 18
415 460 731
9 373 553
303 515 9
34 339 7
165 413 15
20 325 154
136 485 106
273 460 7
52 360 4
65 217 57
11 150 8
184 346 161
345 461 8
148 339 12
97 391 20
217 463 11
184 380 16
97 250 7
136 414 39
77 226 4
13 270 79
65 133 17
118 123 4
453 459 13
165 480 2
139 336 4
17 280 2
114 166 20
78 229 8
190 338 26
455 504 44
194 465 3
213 541 2
29 74 4
126 216 1
190 307 12
298 407 53
104 392 11
87 501 13
5 437 1
13 96 5
300 452 17
56 152 12
308 330 20
470 533 5
446 488 9
63 64 1
379 447 147
209 501 9
188 272 14
149 272 2
81 410 509
163 276 80
35 404 16
417 510 20
166 408 153
348 426 19
252 501 13
127 251 16
141 371 1
405 452 19
195 426 14
240 519 43
83 122 128
74 214 5
280 382 11
346 523 5
396 486 11
70 466 18
6 358 18
16 509 15
72 504 102
289 367 18
82 96 3
187 298 2
11 431 18
197 483 183
275 348 5
200 267 11
127 381 478
476 508 19
446 457 17
20 246 2
370 380 3
336 410 8
486 487 2
141 356 996
162 304 10
380 517 14
242 321 13
84 168 9
161 208 14
98 359 84
50 432 7
53 96 8
190 194 13
367 458 19
165 260 175
36 156 12
286 454 10
54 81 11
282 401 9
72 89 16
9 413 14
43 345 987
203 258 17
5 225 11
195 446 196
154 342 126
149 290 14
387 498 12
449 453 3
211 434 5
45 496 9
206 385 18
9 17 9
29 416 8
21 303 12
12 129 4
336 488 16
142 437 6
340 394 17
139 172 8
156 384 6
51 304 195
316 434 4
243 320 13
239 412 17
76 196 4
83 474 6
59 446 105
55 537 8
290 465 336
164 261 2
129 214 7
257 308 18
394 458 20
68 103 7
202 528 19
388 539 12
311 377 20
306 314 13
393 498 127
175 351 11
271 531 14
5 304 6
234 371 2
116 358 20
227 527 518
227 458 17
163 282 126
51 110 17
428 478 20
128 340 15
69 489 18
7 403 5
88 416 120
10 70 72
155 279 2
102 169 10
341 360 286
47 412 12
509 521 20
12 124 6
186 492 187
123 152 643
136 483 45
180 216 7
43 84 17
210 216 3
33 75 3
41 476 2
364 427 16
360 433 14
158 316 13
139 227 7
421 475 13
20 290 15
86 347 12
5 243 1
322 479 8
283 378 3
339 410 20
118 364 465
0 204 10
28 464 17
40 136 16
64 218 92
301 315 49
226 271 18
77 526 18
285 333 11
185 287 12
173 257 3
176 217 7
151 176 5
304 385 163
330 485 5
259 410 15
25 369 19
55 343 4
139 337 10
133 404 19
142 162 6
33 173 11
0 143 10
82 490 16
51 80 14
220 312 12
228 418 12
94 189 3
373 496 16
45 88 14
111 191 10
8 65 5
382 414 12
369 515 16
258 454 266
56 272 80
87 385 94
49 302 87
137 477 10
325 326 16
132 284 15
65 272 1
236 304 132
49 413 20
176 251 9
179 535 7
272 339 408
168 420 8
175 472 19
93 181 256
188 530 10
347 540 7
5 42 8
96 237 153
90 144 20
347 475 15
488 512 6
121 371 16
424 511 10
282 527 10
121 445 14
96 393 16
343 388 182
126 523 3
33 154 9
138 491 17
244 274 3
311 358 9
32 521 30
28 408 18
32 480 9
327 330 17
88 397 6
50 163 16
11 375 5
50 535 159
448 453 18
105 334 3
196 353 14
226 285 14
322 433 10
133 476 168
164 371 13
17 215 18
114 272 13
90 340 20
57 326 13
11 460 7
11 130 18
17 147 25
79 152 13
230 410 9
243 359 114
360 449 6
47 213 6
475 494 1
61 432 167
490 512 7
77 381 13
204 291 8
393 493 143
254 351 18
21 157 174
189 469 17
227 410 13
251 338 58
9 298 15
174 192 17
82 371 12
11 166 18
147 492 15
103 340 11
165 360 15
373 470 15
97 402 15
397 399 2
215 235 18
90 492 41
262 404 11
17 383 8
229 528 3
194 327 4
163 350 4
45 361 1
73 273 3
108 239 904
408 464 770
196 239 5
127 473 10
208 501 14
28 143 18
71 212 14
214 239 6
70 515 12
208 530 12
117 484 2
361 399 149
122 439 14
55 313 16
117 527 13
398 437 16
91 257 198
87 443 8
260 498 12
196 208 20
364 493 20
21 239 11
133 538 81
234 413 2
366 496 183
153 413 11
283 294 9
162 488 20
400 525 6
72 267 18
167 255 16
192 540 18
166 291 17
44 93 8
75 187 14
56 376 564
227 502 153
0 183 2
170 335 7
139 164 15
411 454 7
251 490 6
157 270 3
163 208 5
9 464 11
294 321 15
162 501 15
229 252 3
183 527 154
16 162 7
33 453 7
30 268 1
76 441 144
407 417 12
39 271 7
279 281 6
245 493 18
148 241 20
397 410 11
156 427 11
249 323 8
271 464 17
17 166 11
189 306 18
74 504 2
105 406 15
291 332 2
174 348 14
9 465 7
172 342 17
145 470 177
209 485 14
58 512 10
269 390 13
327 531 17
9 535 1
228 465 135
41 413 11
296 535 49
229 352 12
19 46 24
534 537 7
49 289 89
58 250 13
96 430 112
325 466 13
122 275 168
83 141 10
383 403 2
216 272 154
25 106 87
218 355 12
11 441 1
25 113 19
123 172 21
42 180 6
36 437 10
239 515 4
200 260 11
85 278 20
226 279 11
333 401 11
149 154 10
98 410 13
137 507 13
358 485 13
110 387 15
295 489 4
60 103 700
217 317 3
68 462 631
101 152 4
356 410 2
169 212 9
91 168 9
302 328 5
175 500 17
224 376 9
117 359 4
327 345 2
288 461 11
56 322 19
145 292 2
207 252 5
337 506 7
121 439 7
122 272 4
2 37 18
192 218 10
148 397 17
207 297 18
295 541 13
384 469 15
188 194 8
314 360 8
36 74 5
10 470 48
37 446 7
400 434 11
248 524 17
25 74 8
430 439 64
305 357 5
190 239 10
9 422 12
46 77 13
157 467 2
246 277 1
181 360 56
357 480 10
306 320 6
0 166 16
8 445 20
277 335 13
252 379 17
109 148 4
14 228 18
115 515 157
230 400 8
204 431 6
81 304 11
252 372 1
75 194 2
187 441 107
191 510 14
236 451 17
338 350 2
96 97 70
156 464 15
158 245 187
332 401 13
275 489 13
96 139 10
7 188 17
96 132 7
236 348 20
243 267 7
196 332 10
106 273 5
65 214 7
67 391 4
496 534 624
158 478 4
135 421 429
529 536 104
330 488 11
64 343 14
299 318 9
9 201 11
94 234 16
486 494 1
269 533 5
13 427 2
261 313 2
272 323 16
153 318 7
53 475 15
102 444 15
138 206 9
15 75 16
363 484 2
13 165 5
391 479 10
309 336 145
59 107 715
231 358 4
33 464 5
379 420 1
154 368 17
6 345 12
450 482 6
163 497 13
54 390 174
94 303 198
181 498 6
33 131 12
35 106 102
261 534 2
303 363 9
336 380 16
314 424 18
8 74 11
92 399 7
162 370 2
414 486 86
268 371 14
283 532 6
96 537 18
502 532 9
58 287 19
306 365 9
196 232 6
146 268 14
131 378 73
90 264 146
90 167 93
22 49 561
42 101 18
149 288 6
45 104 14
203 477 11
477 517 8
304 349 5
160 390 12
56 224 10
132 346 7
28 503 4
103 406 63
123 339 7
169 400 9
336 413 16
12 150 5
7 256 156
222 288 17
210 362 171
102 192 5
318 369 18
398 458 75
96 471 18
22 223 758
269 309 2
55 231 17
202 429 42
57 527 82
18 458 7
355 378 2
18 219 729
109 202 143
74 121 20
72 238 1
60 142 7
370 467 839
297 513 169
154 174 4
92 271 17
100 424 20
249 525 13
30 403 7
267 335 5
21 349 13
191 212 12
23 42 4
240 325 14
244 322 170
190 222 16
432 524 10
171 364 20
38 333 16
365 408 17
154 220 7
271 533 15
60 518 149
212 387 14
228 244 71
211 295 8
45 341 18
360 405 88
76 351 15
45 54 11
58 320 14
314 453 764
350 427 9
497 509 15
318 360 13
127 363 20
426 518 2
454 513 185
165 381 40
104 229 101
44 65 2
207 342 2
145 415 36
171 352 153
430 496 6
119 160 15
17 488 14
212 264 19
165 241 19
154 219 71
196 471 49
307 409 15
103 126 11
275 305 1
216 409 7
53 159 2
459 489 13
157 195 5
260 532 11
242 247 20
302 527 11
282 464 19
283 406 14
129 139 12
124 217 98
71 86 20
261 307 16
26 49 15
41 297 19
147 415 15
78 457 9
184 263 19
225 375 46
237 376 5
359 496 11
199 304 2
360 414 4
387 514 121
162 240 1
291 454 14
149 235 15
40 181 19
126 248 3
197 376 161
393 419 8
27 257 1
438 500 9
142 270 1
0 62 20
70 181 6
56 126 6
447 471 14
81 140 10
107 443 9
212 328 18
158 214 9
63 171 18
323 357 3
165 351 19
243 411 16
54 347 17
366 526 19
394 414 4
203 430 8
324 395 6
399 485 18
290 501 15
349 377 6
161 335 12
132 447 9
31 414 15
121 507 4
60 422 11
93 161 18
404 425 20
185 507 9
131 471 14
98 507 17
61 417 464
218 278 8
317 445 9
322 327 2
49 430 5
239 390 6
476 524 13
152 515 10
167 412 1
158 431 18
290 356 16
156 283 73
428 471 11
328 518 12
74 449 66
2 74 4
23 120 16
395 511 16
16 318 18
228 363 11
178 283 10
107 206 14
234 472 17
178 483 14
65 254 175
314 465 17
3 181 5
318 459 4
398 524 7
356 506 10
119 195 4
15 83 7
485 510 4
27 390 12
156 522 15
14 49 2
162 173 18
72 292 189
43 481 5
483 490 12
374 417 9
325 521 6
518 528 7
109 336 12
390 468 7
315 498 4
49 279 11
200 338 151
335 510 7
138 337 6
41 264 17
267 453 7
195 260 17
139 355 13
195 384 20
485 538 13
121 459 73
78 452 4
114 464 13
164 432 1
169 256 1
242 372 14
281 469 8
41 284 14
156 309 1
225 493 17
319 480 16
419 441 9
412 462 13
59 150 10
363 410 3
258 462 5
39 301 17
8 321 12
169 435 17
342 372 18
190 456 8
2 102 1
110 497 10
136 339 9
85 207 5
213 389 265
60 133 12
31 275 15
159 198 11
227 462 2
472 474 1
4 380 7
80 116 10
123 368 13
182 380 190
211 394 7
194 355 15
226 314 5
291 481 15
289 512 9
115 525 20
3 224 51
420 458 2
276 283 4
297 530 15
324 452 143
117 255 19
205 410 949
25 204 2
337 498 223
196 347 2
494 524 7
78 462 339
383 452 7
229 432 18
228 230 8
0 239 8
78 469 6
246 268 4
133 468 2
14 289 5
335 428 2
106 243 2
441 539 14
139 183 3
347 503 2
45 509 105
133 528 13
96 469 18
220 244 11
209 427 12
103 216 14
372 513 8
424 505 14
7 190 13
99 100 7
343 517 7
88 432 180
51 118 8
48 364 6
104 527 6
46 379 8
101 135 16
176 463 8
145 155 1
133 347 12
198 256 8
227 533 73
9 169 182
256 504 1
186 361 3
267 343 19
188 366 64
63 71 131
7 268 13
154 370 63
102 504 3
430 482 19
316 503 10
210 292 6
125 428 12
146 457 7
268 331 17
143 166 14
34 479 114
65 540 11
61 315 15
320 344 9
28 145 5
224 495 3
198 480 12
323 502 11
418 482 3
46 385 12
203 509 7
22 109 1
58 249 1
88 143 10
30 366 14
150 334 120
156 399 4
162 228 15
88 240 7
80 120 112
144 357 9
113 247 18
72 480 17
99 185 5
136 172 17
28 55 10
22 413 16
322 404 193
112 503 9
408 433 13
417 493 163
270 303 13
230 239 18
252 432 76
190 495 11
22 65 20
127 177 8
58 463 118
371 401 16
84 171 181
11 328 11
188 198 11
89 440 10
295 427 14
158 204 74
65 341 633
107 252 11
108 330 138
192 235 59
307 311 199
13 391 185
122 443 82
199 501 1
46 454 15
356 387 11
140 147 5
70 230 3
156 272 16
172 270 2
140 429 28
182 276 20
11 162 89
153 185 15
380 497 7
70 154 181
317 332 13
220 267 1
211 320 12
237 536 156
502 514 200
384 403 7
500 537 193
529 530 123
361 482 181
376 431 4
410 420 10
86 380 2
40 171 19
106 132 6
77 507 16
148 451 5
453 532 7
136 144 507
120 166 10
38 102 11
142 513 878
338 368 65
263 378 570
257 512 2
59 306 13
151 522 174
9 449 17
395 507 193
29 474 90
227 334 7
490 522 16
253 418 5
275 456 4
397 443 19
82 482 8
281 360 20
140 177 13
326 343 7
70 350 17
11 28 13
150 175 10
6 136 356
471 481 1
70 474 7
29 200 3
76 330 12
244 284 78
56 98 17
35 165 74
180 531 10
239 494 9
390 394 2
15 191 9
147 448 13
326 501 15
148 314 93
218 267 9
383 466 20
253 282 17
176 337 2
148 239 5
108 215 9
289 322 25
166 453 5
29 519 19
241 331 4
414 508 17
347 532 24
112 220 71
4 340 17
370 399 19
12 442 113
68 210 104
158 410 8
0 145 16
26 412 10
190 223 17
132 338 21
281 297 20
135 491 13
114 409 5
192 306 15
329 372 18
310 489 79
234 477 8
408 431 13
200 454 19
87 113 4
237 527 190
347 382 10
221 353 2
191 220 3
20 96 17
76 128 8
5 111 18
52 422 1
14 452 2
173 306 2
245 405 2
325 389 124
181 468 16
25 381 10
275 445 17
156 393 8
244 357 1
20 235 8
306 426 12
32 171 210
13 227 2
61 161 4
92 116 7
351 377 10
345 433 19
219 271 11
38 56 10
168 497 10
54 482 7
83 406 36
357 496 49
8 300 13
161 254 19
4 248 3
48 431 129
141 383 16
317 483 8
147 217 14
185 338 12
185 310 179
502 517 10
157 389 48
13 527 20
273 464 8
98 445 8
355 369 11
295 531 4
18 102 13
224 260 13
123 444 13
255 402 20
264 323 14
96 527 5
21 258 19
408 448 123
401 525 6
222 266 6
230 302 192
515 538 4
210 311 79
0 365 10
33 491 16
108 199 14
331 476 3
275 360 14
292 461 16
98 134 15
468 492 13
264 322 169
114 198 17
11 159 19
271 492 19
172 328 13
241 260 2
23 417 114
60 509 13
158 420 1
230 310 10
299 514 4
50 486 17
171 241 19
187 240 19
63 363 9
480 482 18
175 307 14
94 353 12
65 279 19
281 455 45
40 285 20
228 488 14
221 393 1
82 144 12
138 445 84
78 181 79
364 445 86
346 354 10
474 540 1
276 280 187
90 376 20
148 507 2
224 349 186
19 157 13
172 506 5
263 535 11
110 165 19
392 456 8
28 482 17
331 435 16
116 179 110
175 342 2
63 188 7
105 322 648
152 500 104
249 273 1
97 326 18
175 353 9
239 404 19
442 520 17
180 342 1
364 469 22
234 304 79
314 477 1
72 319 20
157 482 44
252 434 1
287 506 18
163 481 28
114 186 125
374 539 14
161 214 2
111 213 15
114 184 45
288 303 9
204 464 10
355 388 7
331 469 4
35 173 181
188 385 20
161 432 19
125 154 25
164 368 6
94 405 15
109 510 1
390 465 17
53 467 11
72 281 2
403 497 5
171 498 8
143 487 7
15 445 167
19 326 5
70 268 2
61 517 17
361 466 4
356 468 71
272 349 12
284 352 17
14 344 1
165 414 8
192 215 114
26 416 5
154 364 20
71 149 1
319 461 20
118 382 17
281 373 2
79 487 9
33 40 10
296 424 9
63 413 7
0 9 18
20 527 5
403 485 20
227 333 37
91 407 4
9 344 11
245 303 17
40 138 14
177 278 17
162 164 6
127 515 2
323 506 18
215 444 16
31 428 179
184 411 6
162 233 16
35 302 140
306 312 10
69 469 49
212 214 14
340 453 8
134 506 18
126 462 13
50 152 18
143 365 15
96 147 89
337 370 30
502 540 20
269 352 1
188 241 7
71 139 80
483 534 20
366 470 15
309 328 9
79 369 13
31 111 9
65 222 145
68 90 16
425 532 10
156 397 1
82 341 12
263 331 15
432 460 6
25 255 199
277 303 47
317 449 15
58 165 8
296 417 16
69 478 19
445 474 11
106 324 3
49 112 32
330 365 2
145 326 16
408 439 1
344 508 1
125 513 3
190 512 6
95 524 28
20 268 8
25 308 459
180 204 11
11 342 20
42 258 10
15 345 13
97 418 19
109 125 8
36 527 4
65 248 5
99 381 103
111 137 8
296 395 15
92 312 15
77 208 6
44 72 4
168 270 7
356 464 13
373 397 15
28 365 9
215 239 18
272 512 11
157 290 334
271 399 8
256 488 161
475 485 9
112 168 22
54 464 13
153 327 19
258 509 3
96 291 8
514 518 3
30 66 17
52 373 19
134 289 4
205 452 57
143 511 17
146 427 8
427 527 6
184 381 4
11 408 79
52 231 14
30 387 197
227 393 88
265 411 71
23 251 38
278 344 17
207 305 18
183 186 1
381 414 19
13 382 17
33 409 7
46 462 99
268 348 4
26 522 148
19 81 20
106 242 14
307 493 14
316 454 14
274 483 18
439 449 148
299 451 3
108 289 5
151 513 187
175 246 10
82 394 14
79 84 1
102 446 3
311 532 35
55 392 11
266 504 8
293 327 3
217 227 8
157 430 9
112 315 11
291 420 166
260 316 86
25 326 18
22 73 18
208 249 7
284 415 10
97 159 4
255 458 5
179 410 18
300 486 10
60 427 11
92 365 76
203 342 19
107 167 4
123 417 2
47 270 6
269 441 40
464 537 7
497 502 52
49 262 11
412 524 6
215 246 15
65 449 3
35 380 8
187 367 379
271 366 1
52 302 9
27 381 20
90 119 18
32 215 10
118 172 10
53 424 3
26 30 3
186 437 87
12 497 17
281 334 12
75 209 5
340 471 14
168 358 17
352 433 6
48 71 5
283 529 20
227 302 7
291 431 7
110 292 8
189 433 6
371 438 4
373 432 11
52 298 17
209 537 11
280 403 86
301 410 19
233 370 2
69 258 6
80 119 15
188 533 104
122 240 120
4 274 11
62 436 3
270 415 11
61 346 16
309 397 409
198 368 7
7 502 8
24 52 7
149 242 7
111 322 7
30 348 7
191 360 472
38 245 5
262 366 12
307 442 12
139 352 2
5 224 8
238 299 2
239 430 5
231 257 20
2 433 17
225 506 12
41 250 20
36 409 155
127 537 4
9 157 78
330 534 70
227 309 13
9 389 14
194 497 13
217 446 143
9 347 15
503 525 7
154 510 3
3 164 75
135 228 13
278 538 13
67 221 10
413 463 17
276 328 12
82 289 17
451 500 6
131 490 15
20 496 27
32 206 17
11 314 12
260 453 6
10 186 18
118 238 15
63 104 113
80 113 11
88 214 14
298 341 12
97 462 6
0 475 118
189 230 19
88 301 12
15 385 14
129 469 20
191 412 46
94 389 11
451 522 19
409 525 7
143 145 8
32 135 15
112 427 10
48 518 19
35 392 3
2 487 47
40 187 7
0 374 13
26 407 18
90 252 20
279 535 13
209 224 10
267 483 5
246 302 9
268 304 11
283 471 21
166 431 9
157 539 125
168 376 1
28 525 8
493 528 7
0 347 8
103 405 153
172 286 20
254 440 10
26 280 12
89 365 17
179 393 145
40 473 12
310 329 159
31 121 18
78 425 14
160 403 65
318 510 20
149 269 2
5 503 20
7 351 13
111 285 13
360 453 17
82 347 1
80 310 6
276 419 18
101 464 11
156 227 1
138 224 132
259 503 3
342 426 10
88 407 7
29 181 7
153 359 8
233 285 17
215 287 20
154 335 79
89 205 9
101 363 615
10 330 14
82 372 9
7 156 189
306 386 6
187 472 8
259 464 137
173 324 9
42 358 10
145 242 8
297 416 49
5 236 133
294 535 19
142 436 108
106 408 11
9 470 18
305 361 16
314 371 70
30 341 2
241 414 20
328 428 129
430 461 2
503 505 13
326 397 195
160 348 2
146 340 15
296 539 6
13 85 9
313 495 2
244 366 17
392 519 5
199 528 17
207 453 1
127 300 154
188 353 5
33 373 2
171 230 19
283 477 12
216 462 12
331 491 7
293 448 95
59 417 173
67 380 20
149 397 5
44 194 68
36 148 16
365 451 15
207 265 2
227 536 6
325 344 20
196 436 19
48 392 1
242 496 11
121 308 3
99 194 1
216 315 49
345 510 14
253 347 9
290 301 131
270 281 15
44 190 3
335 519 19
160 484 5
344 385 132
93 430 2
250 458 19
290 407 891
11 185 5
464 495 20
364 430 3
64 354 4
334 520 131
271 315 9
345 445 863
23 448 88
241 360 19
21 201 20
33 49 12
189 514 303
425 453 3
29 248 15
130 535 13
188 208 4
71 271 9
29 495 18
13 146 2
314 348 17
335 359 1
155 438 7
304 372 113
174 349 2
298 365 15
281 477 12
226 298 7
44 188 9
269 393 9
150 478 7
150 509 7
182 323 7
25 129 17
330 366 20
214 393 133
232 234 36
260 497 42
5 415 13
198 443 16
157 498 15
141 240 3
2 29 17
13 83 13
114 182 17
81 315 19
13 20 8
233 396 10
298 429 2
226 351 17
38 534 900
333 407 9
26 145 14
481 509 188
444 491 20
65 191 11
190 406 792
10 172 10
27 375 16
52 115 8
362 540 3
52 282 7
72 76 19
243 249 7
170 174 4
94 136 157
503 535 18
61 527 19
265 416 17
65 429 11
52 506 71
1 268 14
171 295 143
363 475 18
71 537 1
216 412 18
58 291 10
370 381 151
59 228 3
118 487 5
23 526 59
201 448 19
322 461 20
158 464 135
94 115 13
295 332 15
152 369 133
35 539 525
291 427 162
484 526 16
53 255 4
9 360 2
124 332 633
399 464 15
253 417 11
127 464 8
16 415 12
334 432 10
94 456 1
225 341 2
179 227 12
122 242 2
156 503 6
98 247 925
354 400 13
66 415 57
163 219 3
60 491 13
188 497 8
49 154 14
240 350 155
102 530 11
280 459 43
145 464 471
257 516 17
321 502 2
171 233 7
27 90 13
433 528 13
11 168 11
22 499 90
114 146 18
38 391 4
102 189 30
149 350 20
206 491 5
114 408 178
268 402 14
327 386 18
71 366 16
67 137 9
23 476 13
108 395 5
8 145 3
71 216 1
11 498 15
8 17 18
65 497 9
194 512 12
169 406 188
135 371 13
177 512 12
155 273 4
101 127 67
321 514 18
157 211 20
4 75 39
4 521 17
80 97 10
178 248 7
85 185 11
246 402 12
429 466 5
205 320 15
87 145 13
76 147 4
93 253 12
178 195 12
31 514 6
52 281 21
357 538 20
41 498 129
195 486 5
324 472 8
232 349 148
223 309 17
2 416 13
21 205 8
170 439 4
96 146 17
18 461 10
130 354 16
439 512 15
445 538 171
107 304 20
11 68 16
126 270 283
68 350 19
141 241 16
55 205 2
360 370 5
198 292 5
135 424 4
403 512 1
18 270 2
473 492 1
290 314 10
331 525 20
141 507 83
186 459 6
214 317 19
149 484 163
45 442 7
295 481 65
304 485 6
34 256 62
35 440 16
52 195 152
20 56 4
151 432 5
386 426 11
303 321 1
332 420 6
144 425 19
340 519 12
10 227 8
14 93 18
128 225 19
139 477 7
392 470 17
55 514 10
177 226 1
390 450 15
157 324 15
98 449 166
172 438 8
221 294 2
17 453 11
127 250 2
52 449 20
69 172 312
278 439 57
221 245 6
350 515 10
120 514 9
512 540 19
134 466 10
316 369 7
24 413 10
11 193 180
71 249 11
120 228 862
188 502 86
72 160 13
151 231 7
392 520 170
42 233 2
241 403 19
134 384 20
3 432 11
192 245 16
437 483 69
268 414 168
156 276 6
19 465 7
49 300 99
158 437 3
107 402 94
101 193 16
42 112 3
91 447 16
295 441 19
493 541 5
9 99 2
90 262 16
281 494 1
85 289 3
403 502 4
195 407 15
31 131 15
288 466 2
303 325 15
272 370 863
189 294 12
13 331 20
129 280 4
449 496 519
197 243 1
174 518 9
34 174 9
103 201 106
428 491 91
73 479 12
292 379 16
53 379 1
288 517 13
204 408 786
47 70 14
73 482 15
123 326 20
147 334 20
424 472 12
53 325 2
48 115 16
56 160 16
104 538 12
373 445 19
254 486 19
380 530 7
15 326 971
284 441 10
61 98 13
320 333 20
155 231 15
71 85 20
236 396 18
218 404 5
269 359 117
130 417 1
241 326 19
39 492 1
163 472 2
46 352 147
58 118 640
363 467 8
148 324 19
285 409 14
217 423 121
26 43 2
493 531 12
260 286 18
261 509 16
13 316 18
246 495 19
207 517 19
407 427 14
86 246 15
56 131 7
5 334 6
43 414 956
318 439 1
349 514 14
346 472 18
419 449 9
109 374 4
234 332 9
83 397 15
139 161 2
129 527 71
495 528 12
56 151 17
78 144 8
334 502 5
120 381 10
267 408 20
415 510 2
11 478 7
234 519 18
136 410 151
351 467 15
95 118 8
145 365 78
358 476 4
62 126 11
62 255 11
84 387 183
274 463 184
111 142 142
26 331 11
250 366 16
103 154 1
203 284 16
24 389 3
116 312 53
276 417 11
53 317 11
80 107 13
92 276 3
248 259 15
183 534 18
382 472 14
121 171 19
51 266 9
79 172 5
177 376 13
338 406 17
144 289 18
487 524 1
239 451 6
288 292 3
216 271 16
215 310 13
120 458 19
314 449 14
265 381 159
11 114 18
258 351 8
168 272 5
194 540 8
78 209 13
366 453 6
84 375 146
77 84 134
361 521 17
214 258 123
115 123 89
349 508 1
363 534 11
76 511 17
297 486 43
67 441 1
117 481 20
32 222 16
39 197 16
238 535 4
446 524 13
225 330 11
242 411 16
92 210 17
231 284 147
371 431 4
9 192 7
261 470 4
456 540 9
146 171 14
260 492 3
22 208 13
384 447 14
291 302 7
64 215 5
20 227 15
423 507 13
101 375 6
197 496 12
334 414 1
162 509 5
5 150 73
344 489 11
157 360 11
42 302 1
171 205 13
81 299 5
29 110 12
248 317 4
202 254 19
197 334 7
149 246 12
111 440 8
298 373 5
194 342 12
324 428 10
155 347 14
39 538 17
327 396 14
348 489 3
241 532 19
107 515 18
478 527 8
270 373 1
137 276 2
100 250 6
399 409 45
67 319 116
299 309 88
438 464 9
25 171 5
96 532 676
310 500 20
27 44 11
217 333 121
48 301 20
251 356 14
23 330 17
145 431 11
210 397 17
91 205 98
503 537 19
360 485 931
92 137 9
88 297 15
232 396 4
404 519 8
337 356 113
8 463 175
61 529 11
323 371 3
30 293 9
49 290 10
376 398 15
310 349 2
117 312 3
177 272 2
92 464 77
256 300 8
11 374 6
351 449 152
7 87 6
125 404 120
27 402 15
8 439 13
79 348 282
44 46 12
222 504 57
124 289 7
473 486 19
167 533 63
3 301 6
283 424 2
264 453 13
237 246 20
169 312 8
147 470 4
109 427 10
392 490 10
137 530 6
380 438 20
236 518 7
141 149 19
11 13 6
238 309 10
132 290 47
216 356 63
103 237 14
281 457 10
146 527 5
401 522 5
413 498 18
281 304 19
246 527 12
423 519 164
386 523 14
11 145 11
128 372 16
276 532 19
28 166 198
452 504 1
153 226 61
303 330 8
122 150 12
114 374 16
169 456 7
114 291 4
17 466 12
33 280 14
152 202 107
452 523 4
212 278 16
79 435 147
20 25 13
17 309 53
315 361 4
283 357 9
303 311 58
285 316 74
44 222 1
86 514 6
167 209 2
347 399 3
25 246 15
286 479 3
378 455 12
374 379 10
178 189 18
244 504 19
349 416 111
146 246 12
199 204 146
338 349 3
252 426 12
230 486 7
164 238 6
124 311 13
117 202 1
150 286 168
193 427 12
12 478 14
292 307 11
24 358 1
411 464 10
412 473 13
104 381 20
243 530 19
72 262 13
144 261 9
344 350 186
141 403 7
414 532 1
0 266 16
81 358 8
334 410 17
154 223 20
110 235 45
237 291 12
40 289 11
480 534 11
185 399 81
260 363 19
273 368 13
210 248 10
115 379 12
178 260 13
93 334 8
122 346 9
189 400 14
239 302 16
487 532 63
87 141 18
247 466 15
168 171 116
78 109 4
469 478 173
272 540 15
34 281 1
320 501 13
185 480 15
210 319 123
44 214 473
69 129 1
393 514 318
72 335 15
360 465 162
176 243 13
130 296 4
27 347 161
194 322 9
371 501 4
156 321 69
71 79 20
82 462 3
167 346 4
240 488 12
219 256 16
298 334 11
66 313 15
476 512 18
57 450 6
78 387 14
87 399 12
176 274 19
311 374 4
20 261 10
18 36 10
84 148 17
302 411 11
177 385 14
427 464 82
234 535 431
166 464 3
123 350 9
128 392 18
137 420 14
60 246 16
383 523 17
227 337 17
28 253 5
167 466 15
174 408 4
227 523 1
80 217 5
395 465 2
236 294 13
48 302 17
163 255 528
11 430 2
211 239 18
18 352 19
84 492 17
434 467 8
258 452 9
93 517 5
121 397 4
2 499 15
165 314 162
149 298 2
87 525 11
60 502 11
58 385 17
454 482 4
230 340 2
49 105 15
65 172 15
57 370 2
281 369 51
32 105 378
121 271 3
83 307 115
271 293 10
17 317 933
70 317 164
180 250 21
35 38 20
142 527 2
298 449 15
127 507 15
295 359 11
334 443 185
90 149 4
285 392 126
164 275 161
118 396 15
207 239 7
204 374 12
6 250 8
78 460 6
146 227 160
107 194 3
424 531 13
119 511 8
204 364 7
447 490 23
383 436 313
237 431 17
14 536 11
231 490 5
298 507 18
306 496 11
129 348 3
226 426 181
85 436 11
261 364 17
465 483 12
22 239 12
302 515 4
300 376 10
87 479 9
144 172 5
24 125 186
361 500 182
385 394 181
300 459 20
203 222 4
144 256 3
169 532 7
217 321 19
152 163 9
42 527 19
357 521 12
55 66 19
99 351 20
69 286 5
512 528 132
391 505 66
30 319 19
92 156 10
13 518 14
143 494 16
173 234 15
63 433 14
141 462 15
331 455 12
227 478 4
460 463 15
307 368 18
288 492 85
52 400 9
158 509 12
110 376 14
51 155 19
257 383 155
107 284 4
239 359 18
105 260 10
268 423 157
126 161 6
11 464 6
121 163 18
311 536 3
230 246 20
402 489 1
209 418 3
298 537 12
75 280 12
69 433 43
101 350 13
214 318 742
135 307 6
292 495 6
75 230 7
67 212 15
156 179 51
373 449 3
19 313 3
110 488 1
377 446 18
118 411 4
281 539 6
127 471 13
92 234 149
99 111 11
446 463 19
305 426 272
390 472 1
128 424 2
190 540 13
329 423 7
482 493 91
180 508 8
99 492 75
131 176 19
54 509 14
289 377 5
7 8 4
238 532 110
67 466 5
323 513 1
44 406 22
91 339 4
5 288 11
492 514 2
221 367 4
32 51 7
407 461 4
232 531 13
396 448 11
330 429 2
80 229 144
128 245 20
133 504 11
78 374 3
41 347 197
249 475 18
251 277 16
325 446 14
20 146 13
296 428 94
36 125 1
91 512 1
219 418 13
13 268 3
95 537 14
184 284 183
419 515 15
377 531 14
254 414 2
131 487 124
102 166 12
43 356 7
94 368 24
39 434 20
231 478 16
128 445 9
459 460 18
135 175 471
258 445 2
199 385 16
294 422 6
45 318 14
50 105 16
74 409 8
218 284 12
402 454 178
284 335 10
147 439 3
95 359 5
102 113 10
10 50 13
53 298 171
361 511 10
147 494 10
147 185 5
235 254 15
51 315 42
308 313 14
206 393 1
46 232 10
243 491 6
54 106 1
333 367 7
5 54 92
69 465 3
240 538 20
215 303 6
281 449 1
41 186 18
276 482 5
182 367 2
8 176 15
227 361 3
104 140 12
180 304 20
147 331 16
283 520 6
256 421 16
75 352 20
134 208 17
155 288 10
48 434 2
242 337 18
478 519 9
351 516 14
139 182 182
89 477 16
213 321 7
102 475 58
34 403 60
141 310 15
190 403 17
100 381 14
221 467 3
211 410 20
168 374 16
70 152 9
368 483 2
219 237 2
76 478 3
65 512 9
421 484 148
24 299 683
36 438 12
62 512 8
134 496 43
126 329 11
213 233 18
253 303 13
25 290 113
100 387 12
197 410 8
33 260 12
194 272 9
13 97 2
287 310 19
473 507 1
60 314 9
127 135 10
229 387 2
326 478 4
155 526 10
207 268 16
115 140 11
106 490 177
48 485 649
89 397 15
26 480 2
174 285 6
150 379 13
101 151 9
149 321 4
60 461 12
61 391 9
97 110 99
143 335 80
4 492 7
37 367 17
20 197 4
235 401 6
55 476 156
235 336 39
28 374 7
176 524 16
5 25 6
195 334 15
71 416 14
126 339 2
98 181 3
143 204 7
192 287 117
18 465 7
449 478 17
208 347 81
84 125 14
393 500 85
96 336 4
327 527 87
24 48 1
387 388 168
244 499 18
198 335 287
109 219 10
90 503 65
40 335 8
271 429 7
139 410 18
302 475 58
139 315 5
10 29 7
207 347 19
346 455 9
165 210 14
42 372 12
203 541 6
321 515 1
70 146 20
293 506 4
343 398 6
9 270 20
340 496 10
317 333 4
521 526 42
33 360 7
160 429 6
114 282 2
70 392 13
220 515 83
30 333 9
510 539 20
342 502 164
126 511 62
22 507 15
7 30 14
18 90 13
29 259 177
44 403 10
19 259 12
291 438 2
35 120 149
20 309 3
130 493 14
148 426 18
229 453 8
153 425 19
298 505 18
273 350 6
376 536 16
195 332 14
238 539 7
260 538 19
409 441 16
509 532 14
128 299 9
429 481 18
164 309 16
351 352 7
80 470 18
101 255 14
208 382 16
458 492 2
3 494 6
506 514 148
72 87 8
501 537 14
55 345 178
43 346 3
94 145 15
399 498 86
308 366 1
132 475 3
293 387 19
128 342 5
15 296 16
83 454 39
89 352 11
39 194 13
203 533 16
18 286 4
460 484 72
341 516 9
8 207 15
131 287 77
146 294 1
146 339 17
274 513 1
166 232 3
66 107 8
120 537 67
212 213 16
209 296 2
131 321 20
78 193 113
25 306 110
263 301 10
50 342 17
333 525 19
94 503 176
151 341 3
322 324 6
248 491 2
35 344 134
79 408 4
330 479 11
361 432 12
162 467 7
66 285 12
312 445 12
60 434 5
113 444 12
114 145 6
172 279 105
214 272 12
89 129 11
123 420 173
389 462 9
235 244 19
53 200 13
47 512 10
328 344 20
130 307 169
109 273 2
467 495 4
230 431 76
274 295 13
39 529 16
422 482 8
417 524 6
316 370 16
167 512 16
440 471 8
329 479 19
98 433 9
232 513 19
13 467 137
159 368 198
65 534 6
268 427 18
156 513 4
194 235 16
90 273 12
121 518 446
397 419 16
393 474 6
224 389 8
151 212 17
515 523 1
127 199 1
19 394 6
71 442 19
491 527 19
236 499 1
157 373 6
70 135 9
3 466 4
195 214 7
231 513 7
92 478 42
422 529 4
322 328 161
270 354 57
134 531 18
134 429 4
219 537 528
190 370 19
20 367 179
91 390 10
208 338 14
144 223 121
66 311 5
105 250 14
57 506 10
302 488 15
303 398 10
10 226 15
153 159 10
377 517 15
131 354 20
140 206 17
68 185 3
434 540 165
291 341 82
414 438 16
209 374 175
28 204 4
147 252 821
30 274 10
480 487 6
263 323 2
17 272 200
170 449 8
27 172 10
195 281 15
178 518 984
283 387 16
251 429 10
195 270 1
197 453 16
399 417 386
245 468 17
42 267 6
367 380 13
206 360 3
413 491 19
257 509 18
302 427 10
276 464 16
208 419 4
52 344 4
200 424 6
163 540 16
244 403 11
328 406 2
52 170 9
57 158 20
210 231 728
19 514 20
403 540 151
46 366 12
186 458 16
1 207 17
467 486 2
165 453 161
173 311 5
2 24 12
426 462 13
69 427 196
212 531 12
97 520 8
36 516 15
218 466 35
267 442 1
147 364 2
276 493 9
213 486 10
69 507 18
54 92 14
447 482 17
20 291 42
47 468 8
191 324 4
0 162 20
7 222 16
188 394 7
167 303 6
351 363 18
101 479 9
71 90 163
251 505 146
83 415 4
60 417 13
277 462 7
156 200 853
84 131 9
74 170 2
1 513 16
239 414 12
70 476 11
142 356 11
187 272 4
0 408 14
118 306 18
126 217 20
78 445 19
118 191 13
80 315 32
179 336 382
293 511 17
97 374 19
15 458 4
39 491 11
108 452 2
25 161 18
122 281 9
466 531 4
25 356 6
329 361 10
55 76 135
24 109 20
305 333 11
211 233 1
75 289 11
480 498 5
195 298 196
8 94 4
280 495 20
48 54 16
260 355 1
359 475 107
409 440 16
41 248 20
312 524 14
98 525 18
74 196 12
102 359 5
173 393 14
33 358 14
447 474 692
5 385 10
6 409 20
14 409 32
502 509 8
390 409 20
21 399 14
404 437 19
199 475 5
386 529 10
57 68 17
24 120 14
70 498 6
175 326 7
45 162 7
354 471 20
225 492 8
96 511 12
214 503 176
9 284 9
57 166 19
65 188 9
204 365 8
288 535 20
144 497 87
100 383 10
95 515 2
13 105 2
293 337 15
116 476 10
116 154 9
336 442 20
119 539 4
63 393 7
285 395 8
130 268 19
256 361 14
6 246 49
118 216 2
365 375 955
80 313 1
75 500 8
50 349 278
92 205 9
362 516 14
25 221 121
350 438 13
362 414 9
313 428 3
96 246 8
198 535 20
370 374 71
188 268 8
113 429 5
92 445 17
143 481 1
69 79 16
10 534 6
127 350 6
136 222 15
15 38 3
411 510 6
140 217 20
396 468 11
115 251 236
86 178 14
142 250 3
206 276 7
271 371 183
288 302 2
261 368 13
134 185 7
321 483 5
252 340 3
163 341 5
271 537 16
128 132 114
88 122 18
254 360 11
165 473 515
143 382 20
42 71 992
232 280 11
265 468 5
300 523 2
240 333 17
232 373 16
144 255 4
222 399 12
353 479 17
5 148 18
6 179 2
271 322 7
385 541 1
2 42 15
31 74 18
126 530 7
399 537 11
364 379 8
101 351 7
30 233 11
285 304 5
227 445 10
436 455 18
345 436 14
282 327 49
229 266 10
22 105 4
98 282 1
30 43 11
213 264 91
291 532 143
417 426 8
112 159 6
314 433 18
74 330 11
117 278 17
47 170 14
323 338 18
38 417 20
345 398 18
244 310 142
251 538 4
127 444 17
126 357 16
29 390 54
151 302 68
316 450 12
233 280 16
295 495 15
309 450 5
45 285 123
250 315 5
139 504 13
168 371 230
257 503 5
13 221 14
288 336 61
50 369 16
306 351 5
19 392 11
201 324 17
120 339 4
47 517 6
221 422 5
7 13 14
74 447 19
222 512 15
13 182 14
4 390 6
153 442 20
41 290 13
124 358 110
61 267 84
153 368 1
373 404 111
486 516 10
460 486 1
348 372 6
139 240 19
328 493 190
72 218 142
151 278 20
345 530 17
6 9 58
221 435 3
52 358 11
186 431 7
96 302 18
11 204 742
86 402 17
233 324 143
77 237 15
70 436 18
230 293 2
57 190 79
166 365 2
222 274 3
369 424 13
275 370 13
483 520 19
92 202 11
130 365 8
420 445 12
345 520 8
435 519 19
257 302 16
387 479 5
68 233 17
329 343 3
306 428 141
411 428 1
59 120 15
248 506 5
329 368 19
52 270 90
296 324 15
5 492 11
202 483 4
65 502 14
115 328 6
319 349 2
247 303 154
74 396 17
126 261 18
28 120 15
81 215 8
170 482 10
70 150 18
7 449 16
190 497 5
136 309 13
395 443 7
170 237 10
147 502 15
64 366 11
200 236 3
277 452 18
25 338 4
246 269 1
65 190 83
181 213 9
8 253 18
391 429 16
17 525 4
266 373 162
319 405 81
273 339 538
440 458 20
40 439 12
249 393 20
96 179 7
237 302 6
163 309 3
28 291 12
72 73 49
86 263 11
315 370 612
436 531 7
54 497 2
480 503 12
216 434 6
309 465 5
176 477 1
267 534 14
33 241 110
179 430 17
430 533 8
16 249 17
267 268 17
244 269 80
35 41 16
228 359 89
93 335 17
306 427 12
16 78 20
178 380 9
55 487 2
143 291 1
152 179 8
276 300 15
63 180 82
162 234 11
20 493 7
206 370 9
70 246 1
122 326 4
286 392 1
240 452 6
167 246 11
276 537 19
32 148 7
435 476 2
11 77 19
378 472 7
128 291 64
227 303 2
153 243 15
143 293 4
52 183 7
19 154 13
409 485 13
196 384 10
166 312 15
188 540 511
184 483 141
21 22 9
120 368 19
145 291 18
39 428 14
136 227 18
167 179 11
144 417 14
77 182 5
266 355 20
477 538 3
25 241 3
382 432 13
13 237 2
129 447 12
94 413 6
161 306 11
218 518 67
400 531 8
219 389 19
164 319 2
338 419 9
187 305 19
70 101 17
184 318 16
76 443 69
123 259 12
218 489 15
277 285 10
324 347 18
313 463 5
40 317 12
194 502 4
94 218 16
75 78 48
365 464 5
454 536 632
75 401 55
4 81 5
44 529 9
157 236 16
203 250 4
298 360 4
352 358 20
198 510 16
147 459 65
213 483 16
15 396 162
187 415 4
126 229 15
120 512 130
242 292 8
214 277 19
84 230 5
309 436 19
10 53 13
42 241 6
158 486 20
230 324 7
374 517 6
450 479 20
160 375 14
405 538 10
11 291 91
337 514 16
74 415 20
160 165 92
157 243 192
32 384 9
320 349 6
149 504 9
404 525 4
356 374 15
101 123 14
317 405 9
318 365 10
145 204 31
227 268 3
167 422 18
86 124 143
433 439 45
99 288 13
234 351 18
7 497 19
196 479 5
106 387 7
191 423 112
257 318 1
223 256 12
353 354 6
19 535 12
9 452 18
236 386 4
205 302 2
300 338 2
334 335 14
46 97 13
66 116 10
223 496 88
49 237 624
254 269 12
270 332 9
6 172 12
266 531 7
52 131 18
155 209 19
114 275 13
102 327 187
395 469 20
143 384 161
45 142 23
26 150 20
34 304 5
194 526 4
177 196 20
151 218 772
53 395 116
246 291 140
73 191 6
352 515 10
75 225 127
152 418 10
335 341 7
260 403 136
257 487 12
174 431 18
53 105 16
137 343 197
129 276 12
136 491 9
321 486 1
349 492 5
174 224 5
2 367 131
7 51 9
81 97 2
349 455 1
224 516 15
140 207 14
194 527 20
155 257 190
297 451 12
68 268 14
308 415 15
367 440 107
153 424 141
270 319 8
275 316 17
182 188 13
44 517 17
15 461 6
3 94 9
119 243 17
83 387 9
15 376 19
198 243 8
252 265 180
86 318 13
228 247 2
21 249 187
194 357 7
265 338 5
242 497 14
311 436 7
189 219 10
53 67 538
278 293 7
26 99 20
206 405 10
14 89 25
34 89 9
63 196 19
0 153 16
25 376 31
253 524 18
4 242 692
155 199 3
194 416 6
59 398 38
129 493 190
143 275 13
56 488 17
328 454 14
48 248 145
8 475 7
107 293 10
68 438 18
493 540 89
295 506 17
146 502 121
493 518 64
131 505 189
152 298 17
361 462 19
13 264 5
195 434 10
70 136 2
176 396 15
215 352 13
208 252 8
198 513 3
176 326 6
259 313 15
147 514 48
465 536 1
217 243 20
188 403 7
186 206 15
112 424 4
364 438 7
33 321 3
288 419 7
96 425 20
110 425 681
0 243 7
138 256 16
30 147 9
293 344 4
199 464 16
28 431 12
50 61 9
126 350 19
222 272 16
30 506 6
136 140 8
27 76 1
239 402 12
38 279 19
38 498 8
20 470 7
30 404 6
32 532 17
4 452 14
58 148 4
429 496 39
29 477 187
45 227 129
179 427 8
80 508 234
198 353 970
146 237 7
188 222 18
357 426 19
169 390 9
191 260 164
205 345 10
163 517 4
12 336 9
227 246 8
2 87 9
171 538 11
134 180 12
237 315 11
279 298 134
30 489 6
74 258 19
55 496 11
358 522 11
31 221 128
85 166 15
157 234 13
360 421 15
157 449 17
339 440 13
73 241 5
133 466 20
325 488 15
379 452 7
57 372 15
256 268 4
182 228 19
183 295 12
192 488 11
9 281 16
8 98 7
75 391 14
96 136 17
399 529 17
58 271 12
225 459 61
152 318 20
183 438 11
125 329 7
103 396 88
143 425 4
94 469 6
216 429 19
24 440 16
147 227 14
13 369 9
293 393 19
190 246 11
20 237 1
477 524 552
178 397 16
39 303 11
16 194 9
254 380 20
4 323 113
208 447 16
159 502 4
374 408 20
152 335 18
34 64 18
121 456 2
308 342 15
71 518 10
243 310 1
196 414 20
324 518 5
86 449 125
177 324 82
251 252 102
143 431 163
250 536 398
305 355 10
110 419 15
123 161 10
267 419 13
190 479 109
337 458 5
370 372 16
30 337 11
210 213 18
460 514 2
243 323 114
308 327 47
176 180 7
373 528 20
144 214 13
313 329 14
12 130 76
319 371 6
14 61 5
113 338 19
165 532 16
281 401 19
305 514 9
349 475 5
133 143 10
74 531 62
492 516 58
269 337 14
335 348 4
285 411 58
3 389 16
154 491 14
147 414 19
139 349 88
282 343 17
126 268 16
116 297 6
221 374 14
38 387 15
15 153 11
20 329 18
118 244 20
217 363 1
357 404 110
185 410 13
205 226 496
175 179 19
208 431 5
285 339 12
238 405 17
222 416 142
23 26 18
21 520 11
128 531 14
405 426 1
201 435 8
43 163 131
206 381 3
281 445 2
76 363 23
34 103 11
276 291 14
144 236 3
308 340 12
12 85 2
62 500 15
179 368 528
12 438 20
139 302 7
98 175 2
117 254 11
530 540 17
339 458 13
47 67 6
372 394 3
249 480 13
52 341 17
43 244 2
51 212 33
489 537 13
167 269 11
262 320 10
303 408 13
260 384 6
192 499 5
195 202 1
161 220 117
332 399 17
85 255 82
345 407 5
365 374 17
61 298 17
67 393 5
195 259 7
462 478 15
0 28 104
38 149 12
201 520 46
244 476 20
62 72 4
350 537 150
222 403 13
138 458 13
169 176 8
69 156 59
222 502 11
154 199 14
42 89 17
308 399 15
32 381 7
142 443 3
450 524 12
29 152 119
111 355 8
321 456 3
16 406 16
197 230 1
26 187 14
88 405 74
178 530 16
249 298 9
130 225 14
331 372 14
431 432 11
94 138 5
199 267 6
171 513 15
209 304 197
239 458 6
11 500 12
7 437 147
8 481 68
117 371 8
128 181 6
127 276 7
96 268 89
115 536 174
2 241 76
363 524 147
114 474 30
335 498 2
178 286 14
10 337 17
368 517 69
258 337 10
224 330 11
152 350 17
11 456 15
384 459 162
275 499 3
26 178 6
151 197 8
124 447 181
182 517 11
262 360 129
45 278 7
38 471 14
33 176 12
2 538 175
170 522 57
301 540 8
115 144 890
11 344 3
172 227 9
262 449 10
330 353 22
70 438 16
224 494 17
148 519 18
501 508 78
385 496 18
145 249 50
87 503 4
35 447 9
437 528 6
7 540 15
10 486 10
173 239 14
46 395 666
436 514 7
285 355 7
71 472 94
308 400 893
124 247 46
165 432 6
158 409 17
133 251 17
93 413 18
122 132 84
1 27 1
13 466 14
228 361 12
6 32 7
403 529 4
3 160 215
44 317 9
79 360 9
143 349 649
273 506 21
114 431 2
91 428 66
205 527 187
166 202 100
359 467 8
133 212 11
366 477 10
23 345 17
103 266 12
417 475 32
115 265 14
100 102 128
62 463 10
88 451 5
293 440 14
388 495 60
92 514 9
0 11 128
25 165 18
272 497 19
119 535 16
212 404 3
240 425 13
21 356 34
95 429 17
42 333 10
330 455 20
441 483 10
86 274 6
424 445 4
53 201 3
311 471 9
145 166 13
450 531 108
135 350 192
113 461 9
330 389 1
56 124 15
300 308 10
212 256 11
234 384 7
362 499 20
42 495 101
85 305 5
55 283 8
298 436 15
341 438 7
117 182 613
160 464 15
56 456 18
110 337 12
36 448 15
65 194 13
245 286 191
225 290 10
158 479 45
459 517 4
339 537 16
18 213 15
125 443 9
19 458 141
55 302 98
69 404 53
107 411 165
349 381 11
37 445 12
222 255 1
414 453 113
205 399 2
69 354 11
254 449 13
27 127 3
394 427 11
213 419 17
224 525 1
464 468 13
26 335 11
195 373 8
88 296 97
92 355 12
144 169 15
88 102 7
210 413 16
214 222 6
362 533 16
170 424 63
240 344 155
245 517 8
206 461 18
51 108 78
347 526 119
190 235 6
351 425 20
85 364 11
188 263 6
98 427 17
16 85 17
318 516 4
44 540 17
235 290 12
122 417 11
471 489 2
227 511 16
436 442 4
207 273 18
26 269 16
139 156 6
272 351 5
473 525 732
217 351 8
38 261 16
20 427 10
145 182 8
125 219 4
289 484 10
381 391 12
83 476 16
150 497 1
37 498 152
245 357 3
28 390 8
131 342 10
199 538 1
15 25 10
90 526 4
16 294 10
282 484 5
115 367 15
329 412 3
270 532 695
117 142 5
169 263 12
444 516 5
292 528 5
259 284 15
11 477 5
130 131 12
254 277 95
142 462 150
488 491 7
437 455 11
74 290 134
38 62 94
92 537 20
208 247 3
436 528 12
28 179 992
2 482 14
485 539 17
36 209 13
122 521 12
105 213 128
147 472 14
73 453 1
33 113 10
60 523 140
319 437 20
77 455 20
48 480 7
439 531 2
23 128 11
356 412 20
356 448 14
109 157 9
339 417 2
236 307 9
260 393 63
272 403 147
317 472 11
91 451 9
108 423 18
277 444 17
237 448 14
247 258 148
1 152 7
71 541 8
173 235 19
181 384 18
286 301 7
296 369 45
380 440 72
270 400 10
167 310 182
356 540 9
47 537 1
196 344 3
137 288 2
216 464 14
23 503 119
109 351 20
116 300 166
13 122 8
12 262 11
50 238 58
281 403 70
403 443 79
349 468 6
138 522 10
51 347 7
197 279 19
225 353 10
311 410 10
158 257 4
120 277 6
96 134 7
34 531 3
109 279 5
72 516 12
42 175 12
286 326 10
74 168 181
139 309 17
81 374 11
384 508 52
330 489 1
188 512 69
257 373 13
175 286 9
243 462 18
199 353 20
66 99 15
55 223 4
341 538 18
42 248 11
437 518 20
109 180 14
108 383 4
278 327 19
331 503 14
235 362 11
79 194 12
22 349 2
441 525 6
450 512 854
14 46 13
79 199 16
159 404 8
208 478 4
21 78 170
397 440 22
62 129 8
405 460 8
52 412 9
65 274 15
292 467 9
222 367 191
121 162 7
61 217 8
167 230 187
324 439 4
7 194 184
32 510 6
446 481 13
195 348 6
442 513 6
212 344 2
11 495 12
43 90 2
29 143 1
200 411 4
66 194 4
117 345 20
53 310 17
174 307 17
65 293 5
44 512 9
221 499 1
78 232 15
33 290 19
351 475 13
122 311 16
497 540 6
45 476 6
207 425 138
94 239 10
140 265 17
200 207 629
82 118 11
97 510 12
92 103 11
197 280 4
270 298 15
117 191 11
91 269 9
44 497 8
408 462 18
58 245 10
149 508 10
136 336 16
