457 3157 4
144 339 3
351 456 14
175 238 14
157 384 4
292 456 111
38 209 3
327 395 18
193 245 17
110 430 19
90 287 901
282 411 13
39 106 20
85 172 14
22 250 13
228 240 8
15 217 9
23 301 207
285 425 12
233 447 3
136 222 13
272 301 16
202 406 6
367 421 65
57 181 13
110 332 17
7 165 18
324 353 8
364 385 5
86 314 19
119 284 192
109 161 31
372 436 2
116 175 12
138 222 14
94 248 18
82 278 15
132 378 6
187 212 18
232 243 15
363 420 17
62 372 934
238 422 19
265 281 11
102 455 11
4 5 194
22 378 15
167 421 13
46 197 19
186 213 11
93 282 13
85 269 17
51 86 18
38 281 8
114 209 9
176 419 212
387 401 111
92 156 113
231 333 10
412 443 17
56 64 13
327 376 13
127 440 13
16 192 11
133 447 7
116 388 5
9 156 2
43 318 7
262 428 18
29 392 10
19 26 17
202 275 3
308 350 6
98 326 13
113 344 1
47 254 8
38 283 9
394 407 24
225 262 159
114 439 17
195 257 5
173 442 16
197 320 15
149 290 20
105 431 6
101 310 16
1 403 4
89 288 146
159 449 19
176 416 15
56 317 20
265 292 15
195 425 3
11 204 19
53 133 3
21 320 7
30 125 20
297 307 6
81 378 14
183 208 16
39 249 11
8 365 8
1 46 4
98 225 2
81 190 10
174 176 6
230 383 13
83 317 61
90 168 8
324 409 1
305 326 172
61 349 170
210 337 15
242 290 12
132 310 8
21 156 8
170 232 14
184 358 3
97 251 5
429 434 85
46 135 168
366 412 2
84 121 128
10 251 12
183 337 1
3 238 5
14 273 18
350 404 19
166 456 10
177 281 13
50 445 15
111 231 5
381 410 20
73 269 7
114 166 931
332 367 3
120 455 75
189 393 5
61 153 66
202 345 10
80 293 2
113 301 10
99 188 10
25 259 11
6 19 17
1 263 12
343 424 141
101 173 2
263 285 16
80 145 45
33 410 19
89 219 20
92 305 13
247 412 192
80 300 100
3 439 10
94 395 14
52 355 7
201 330 68
46 187 666
90 224 124
65 261 8
360 361 15
3 442 2
179 392 43
64 356 17
72 444 6
124 231 72
227 417 8
1 390 15
82 100 119
246 379 13
106 274 13
314 371 5
27 330 9
16 147 5
319 350 18
368 438 49
118 368 126
38 365 49
181 231 113
26 278 3
385 418 15
193 237 57
311 406 2
207 347 18
291 367 20
349 428 10
99 145 5
273 315 18
28 245 5
44 381 4
167 382 7
234 414 9
142 260 12
76 98 19
108 350 4
90 395 3
52 251 156
218 274 8
28 227 68
315 447 12
8 221 8
421 449 89
99 404 19
49 437 10
179 280 5
136 326 1
29 41 16
354 450 9
92 130 1
299 367 8
252 406 17
106 440 6
252 348 10
397 400 14
155 237 7
86 411 13
129 276 2
98 308 2
158 254 9
55 99 12
313 377 2
91 154 20
102 111 8
305 343 352
123 204 4
73 203 18
2 396 16
163 289 18
273 450 3
216 454 171
136 434 18
345 415 39
99 118 158
149 440 20
192 372 10
30 452 3
384 412 18
107 156 106
111 335 38
235 278 12
39 175 62
237 422 1
112 405 14
125 157 19
91 187 10
14 304 2
260 267 1
119 431 36
284 384 3
58 444 18
205 349 20
6 226 19
197 205 2
1 41 97
132 433 10
251 314 17
38 47 17
45 170 9
19 282 19
159 301 3
128 336 1
413 453 18
55 237 12
222 303 19
171 201 9
255 295 16
92 272 18
74 281 20
111 156 20
320 366 12
290 455 9
101 417 700
433 448 12
125 261 174
40 355 1
94 450 5
81 409 17
138 310 13
161 321 1
289 405 145
56 382 16
5 161 16
169 411 4
19 233 19
210 387 9
143 405 20
202 279 2
195 226 10
174 421 9
157 200 3
287 402 16
83 392 1
128 403 14
90 134 10
384 404 8
330 366 215
343 432 1
3 251 20
311 381 5
31 258 4
157 429 11
31 145 9
24 49 2
104 123 5
223 362 146
300 393 20
289 345 24
135 393 13
273 335 20
66 390 13
117 408 19
5 303 18
49 143 18
40 306 4
342 369 13
169 347 7
239 259 19
22 359 17
212 229 10
349 446 7
71 248 15
153 409 19
238 272 273
254 425 127
292 370 15
61 426 4
27 312 4
24 404 13
43 385 20
238 450 7
123 404 12
166 296 149
96 157 193
199 291 11
78 290 6
20 448 1
136 304 17
222 227 18
214 262 20
122 265 4
13 236 12
153 236 16
129 176 8
104 330 5
70 307 4
120 316 16
333 347 176
141 226 4
3 4 5
306 321 782
368 379 975
23 114 17
255 388 19
50 344 10
76 197 2
71 218 8
143 261 191
193 434 775
155 213 10
83 438 2
209 395 14
122 329 12
108 210 44
154 204 6
151 252 13
75 310 11
92 200 19
177 336 17
47 114 195
128 212 102
34 425 17
231 353 151
21 384 76
251 427 16
130 386 20
95 332 13
192 337 9
279 283 19
45 267 10
18 365 17
5 241 20
217 254 10
336 365 84
223 304 171
116 234 8
128 170 20
46 58 191
37 189 185
54 403 14
2 171 6
61 422 5
181 195 9
200 396 11
353 397 20
366 395 10
48 221 39
169 179 4
109 356 11
264 268 13
32 450 9
189 323 2
367 437 5
281 336 4
166 282 15
43 373 19
210 413 11
249 347 131
342 421 4
47 91 12
179 293 3
344 452 13
270 453 12
359 456 1
183 207 1
111 167 15
133 344 17
120 261 20
39 102 197
51 123 18
253 421 13
186 356 8
34 170 85
112 200 8
226 291 7
125 342 5
358 390 11
62 281 15
19 30 8
38 70 17
165 354 20
74 79 14
211 282 11
85 260 14
42 384 9
30 152 17
161 241 5
184 195 15
168 242 144
39 131 6
61 402 17
302 364 20
63 235 17
52 191 12
228 301 5
246 270 17
226 389 14
309 317 9
392 425 17
399 402 6
4 43 9
126 252 552
119 252 19
46 182 8
262 402 10
19 123 5
143 309 5
36 201 122
264 455 16
29 197 12
191 425 4
320 364 138
280 442 16
241 317 10
231 255 270
279 304 20
224 444 10
180 232 189
91 371 8
404 426 15
40 71 178
23 82 184
222 371 11
157 253 1
202 391 19
65 433 47
112 378 187
121 279 14
64 129 6
138 166 49
279 409 5
349 359 6
9 225 10
39 378 2
150 236 5
152 429 14
27 368 198
355 386 7
48 182 9
68 394 17
126 270 158
236 246 16
295 427 3
247 402 5
167 309 79
90 196 445
430 451 115
99 308 31
176 256 16
22 110 3
124 130 14
167 456 10
101 145 19
285 327 6
124 397 14
197 241 2
105 383 9
71 227 17
404 443 67
42 161 2
28 185 10
95 398 5
84 293 4
366 382 8
124 147 19
120 427 173
143 355 5
264 353 11
238 242 4
139 339 16
246 266 8
3 73 12
316 328 10
13 239 13
132 353 182
320 433 15
29 382 9
211 270 3
82 247 20
211 451 14
271 403 2
52 239 5
90 389 9
18 309 18
336 406 19
213 414 9
117 165 9
73 398 13
297 455 19
159 231 7
262 413 17
52 336 11
26 87 38
258 272 180
183 331 8
191 209 10
114 157 18
33 206 19
44 416 19
90 227 8
87 436 10
47 229 15
320 382 66
23 217 12
224 439 18
24 143 15
83 175 17
295 313 4
296 400 16
174 403 18
30 99 15
293 390 12
196 386 12
181 297 2
114 400 4
281 318 7
213 237 2
320 355 12
193 286 11
257 424 191
32 283 114
110 352 11
229 431 14
173 237 37
115 140 38
115 417 1
10 66 1
383 445 19
427 441 5
411 453 2
150 284 12
213 382 30
248 423 175
35 316 5
0 246 352
18 287 961
111 258 15
91 158 5
9 240 17
149 400 71
299 420 18
183 267 116
118 360 9
12 119 96
116 196 56
400 403 2
129 287 9
12 435 19
348 447 30
229 397 8
254 269 2
332 392 5
72 217 5
48 197 5
291 315 7
127 432 167
275 369 2
170 316 11
185 363 57
153 362 1
171 390 13
52 439 17
146 292 18
252 385 8
344 410 11
122 324 14
293 408 4
105 321 17
145 253 6
172 184 10
129 260 17
10 231 11
284 444 943
65 304 10
90 300 11
4 283 5
7 434 13
245 269 3
11 301 18
50 156 200
209 455 16
28 291 10
67 179 6
73 302 16
213 356 20
156 309 94
61 326 20
412 419 17
21 130 11
18 83 8
59 388 182
90 384 7
72 344 1
116 174 13
27 439 9
130 219 5
111 317 16
40 356 17
221 402 4
29 221 8
76 96 4
307 308 418
374 428 141
382 409 132
297 432 9
70 271 11
183 259 12
30 90 164
163 361 4
225 412 15
96 181 14
173 187 1
277 339 19
356 409 103
114 231 4
173 350 9
94 97 12
178 417 16
193 450 16
9 399 17
311 420 3
18 148 15
97 277 12
266 322 6
317 365 19
50 231 100
34 230 16
221 229 17
10 210 11
311 408 10
38 287 20
120 123 3
258 386 17
27 47 9
272 337 18
171 251 4
159 372 20
274 432 9
23 336 10
92 293 9
102 352 11
163 394 12
350 416 1
356 406 17
198 310 4
335 346 20
274 388 20
34 409 7
244 443 11
295 367 572
99 372 81
32 385 20
167 199 8
98 367 375
322 405 116
251 397 12
295 422 197
186 287 135
287 446 17
58 60 20
4 185 24
141 437 6
198 322 64
246 368 4
162 412 5
82 346 13
12 335 12
329 402 172
308 384 15
137 149 13
166 320 11
144 240 19
287 374 41
97 248 17
114 222 9
40 407 12
166 401 7
100 197 5
275 403 13
96 143 8
109 237 17
317 403 153
165 229 20
34 306 13
50 171 29
190 309 15
88 321 156
318 342 7
11 176 13
395 401 17
24 135 1
57 144 17
108 200 11
90 96 20
36 367 136
121 212 3
314 345 52
10 64 7
101 278 4
67 330 2
221 346 5
130 320 1
3 203 2
217 351 13
57 134 92
185 377 16
143 152 20
61 399 16
13 256 142
99 343 10
118 254 16
52 238 54
250 443 1
171 298 1
18 101 10
157 292 16
224 436 836
137 351 11
234 451 14
140 370 13
290 452 8
161 203 9
38 448 20
108 303 17
113 280 4
168 261 10
259 368 6
46 348 5
268 320 8
63 136 16
175 193 15
176 449 5
310 406 9
171 206 4
303 365 185
261 384 18
24 80 14
366 440 141
183 410 2
275 343 1
320 420 78
124 279 4
365 440 14
374 440 86
263 305 10
194 428 7
320 331 11
261 320 6
236 439 17
36 56 5
248 412 2
313 356 18
17 27 3
33 358 51
304 319 112
195 332 19
75 183 17
330 409 200
355 456 7
265 455 494
234 374 14
57 289 1
180 409 2
31 99 8
171 218 1
133 389 16
165 425 8
224 291 3
357 367 32
233 422 17
58 237 16
27 386 11
2 98 10
124 192 4
257 346 16
189 355 18
34 330 3
314 446 18
313 348 65
7 382 58
339 430 6
11 326 7
28 383 3
24 361 17
119 237 1
17 414 5
70 245 4
230 357 14
347 395 3
97 409 1
185 376 2
265 390 3
181 182 6
339 348 138
125 455 17
57 214 6
104 154 15
134 273 252
21 317 15
145 195 11
48 299 121
103 316 16
33 124 16
72 298 5
372 440 4
107 365 2
0 120 190
89 99 9
332 397 10
40 173 17
45 105 20
9 25 129
196 203 12
337 433 144
109 186 17
111 159 8
268 335 7
90 332 164
64 324 157
76 435 156
215 392 8
31 41 5
293 386 3
22 392 4
144 304 17
161 342 3
76 362 4
222 248 140
34 349 199
323 376 2
186 382 1
175 329 128
116 377 8
85 145 6
37 405 134
190 454 19
324 356 16
76 271 20
75 99 7
152 404 16
368 437 6
291 357 8
130 451 139
140 163 1
22 212 4
291 300 20
83 309 6
261 424 1
193 362 15
99 395 9
366 404 18
210 408 5
106 317 15
50 402 4
30 350 175
137 185 15
99 243 175
293 356 106
205 406 8
87 402 40
124 171 11
159 361 110
40 225 1
22 222 4
197 359 6
48 272 17
47 172 10
177 397 7
199 255 4
61 367 16
111 285 8
274 435 13
70 82 1
12 344 15
53 276 85
9 412 135
20 210 14
292 377 10
3 77 11
159 222 4
323 450 5
13 17 10
1 160 175
146 417 10
1 146 2
120 233 188
228 450 139
57 430 168
99 167 719
252 415 45
342 363 10
58 295 146
171 248 13
386 420 20
275 374 19
46 272 8
296 381 13
231 262 18
193 229 34
333 376 11
38 249 9
180 242 7
114 260 14
279 427 1
443 456 20
114 394 187
227 361 16
3 71 17
280 405 7
173 186 13
277 397 3
51 338 16
385 393 11
140 178 14
0 369 5
250 368 7
1 104 83
59 345 371
22 279 18
54 410 11
186 342 17
298 442 11
421 439 9
370 438 178
290 424 4
378 431 2
129 196 183
28 105 17
72 348 7
90 226 16
64 301 1
357 437 13
92 348 13
227 446 6
1 418 290
63 86 18
244 300 6
80 115 5
124 251 9
197 261 7
11 334 12
114 436 2
344 368 19
7 20 18
192 231 5
329 412 17
137 440 17
76 315 4
97 244 17
135 303 8
219 250 10
173 354 5
236 437 10
4 357 191
120 389 18
127 364 18
41 141 64
267 440 2
46 330 19
182 384 12
154 291 9
349 416 20
41 126 178
327 432 20
270 408 14
141 381 7
100 333 571
71 282 12
260 408 10
152 374 20
383 416 9
23 315 168
51 216 10
159 416 116
131 343 11
233 346 85
202 316 19
91 347 15
90 261 12
98 155 20
52 172 1
67 254 7
308 387 91
211 278 10
213 409 387
132 358 11
74 338 20
130 312 11
104 126 89
109 324 10
225 398 91
90 157 16
27 354 154
324 382 171
5 324 14
59 69 1
70 277 170
297 339 104
307 361 6
146 352 63
141 413 9
47 75 11
172 348 11
101 309 11
43 441 14
249 432 19
133 383 58
84 130 16
89 143 20
184 268 13
30 157 40
183 417 176
334 401 20
109 155 26
30 395 18
374 445 11
147 200 4
232 342 4
336 377 158
102 254 11
324 405 2
45 358 12
90 221 16
172 412 18
19 188 20
174 335 16
243 319 17
22 118 18
292 414 5
109 173 12
224 244 174
19 296 13
118 276 4
161 382 14
7 96 4
194 271 3
227 383 5
12 188 5
56 118 8
30 249 2
49 196 7
56 213 11
99 350 5
71 453 7
193 364 11
38 156 9
82 135 9
197 272 16
48 60 4
258 263 993
171 277 2
232 429 99
260 325 5
372 375 17
44 223 1
22 227 16
106 355 11
75 308 15
82 330 462
30 389 14
97 295 19
21 124 18
151 246 54
84 380 19
39 447 2
43 174 19
107 175 188
270 359 17
272 284 3
91 320 56
90 143 17
44 52 10
67 285 13
258 362 1
12 165 41
118 268 10
297 365 60
29 272 1
28 274 16
75 443 70
0 30 4
19 407 62
131 450 140
13 248 15
101 365 16
272 416 1
261 394 16
356 365 82
61 127 4
86 299 48
30 355 895
75 384 67
241 245 12
142 313 9
103 165 6
369 412 20
27 345 9
226 357 16
10 268 19
130 353 10
282 431 14
265 362 974
60 254 11
179 442 12
322 418 183
120 344 4
329 370 10
98 407 11
83 102 57
219 365 11
10 77 7
173 280 72
178 305 15
250 439 3
111 365 20
11 101 122
326 452 14
133 171 2
221 236 2
96 429 12
380 388 6
136 342 19
137 214 11
151 311 674
38 106 696
14 286 6
33 173 79
330 362 19
242 260 7
66 306 114
78 217 20
248 359 8
91 370 14
46 77 8
111 357 11
278 379 16
237 382 19
176 315 20
137 256 1
68 182 124
124 272 17
405 427 7
120 270 4
326 384 5
123 216 143
29 448 108
57 252 1
269 293 16
98 211 82
5 401 12
101 178 518
90 120 4
39 94 17
86 268 16
192 317 1
221 378 191
228 443 11
228 267 20
9 132 18
6 99 138
217 395 4
38 138 14
82 95 10
363 416 172
258 399 84
372 444 9
161 288 196
384 389 9
299 327 6
159 326 6
16 38 3
170 382 7
267 312 4
53 361 6
64 382 1
31 136 11
55 409 11
353 369 20
143 311 8
389 417 67
90 263 3
2 124 5
56 173 17
148 212 6
382 445 4
168 336 19
427 454 8
57 83 686
56 241 114
187 356 190
1 195 15
269 437 6
160 219 3
221 320 8
308 366 107
61 403 9
28 393 3
222 308 15
11 123 128
74 248 15
11 120 19
208 370 3
112 404 6
79 446 8
172 267 7
57 86 1
11 220 13
189 452 8
130 307 15
104 267 133
292 312 15
135 451 1
214 377 5
69 174 9
231 268 82
176 411 1
331 430 39
255 262 10
65 286 13
125 253 68
38 317 5
118 380 82
123 333 18
3 336 7
72 86 3
149 351 17
275 345 1
112 208 12
205 326 18
342 454 82
56 324 3
8 15 1
125 152 2
251 279 2
95 441 19
190 392 1
197 380 20
104 336 10
6 434 14
9 418 941
365 401 20
145 210 17
256 455 16
111 369 8
319 424 4
34 39 97
85 380 10
235 395 5
202 386 14
91 269 175
278 352 14
230 355 708
314 397 13
24 450 11
15 412 18
164 346 17
100 417 8
199 361 17
227 281 4
123 381 7
227 303 114
246 408 104
301 438 2
361 398 18
25 154 1
98 136 10
56 109 90
65 183 603
83 101 2
41 209 9
114 171 9
247 291 6
11 29 17
237 356 12
16 408 18
270 346 117
25 439 15
82 399 20
106 451 48
64 245 13
6 398 5
40 155 13
275 290 16
96 102 15
167 189 6
160 433 15
44 411 7
267 351 13
99 389 7
412 456 8
149 273 15
118 199 20
95 174 13
249 365 19
85 365 10
113 148 15
234 317 13
65 436 9
36 441 2
106 365 7
190 378 990
165 320 18
211 438 2
13 105 4
289 386 146
262 372 8
428 429 12
325 421 6
62 311 9
329 445 12
291 373 12
44 97 13
42 149 24
228 377 9
12 452 16
237 409 14
43 44 2
91 118 2
224 357 81
39 317 14
77 393 498
268 445 10
18 111 3
270 454 188
248 323 17
7 222 6
149 337 4
14 88 9
381 442 170
155 408 14
230 247 7
102 184 13
344 442 16
17 308 529
97 227 2
11 286 13
274 276 9
210 455 416
29 63 3
298 438 16
192 306 11
12 220 15
219 237 2
15 286 17
152 261 14
36 119 9
107 391 19
101 357 6
260 312 883
67 364 3
4 251 6
143 384 18
284 316 183
77 170 166
232 282 14
26 389 13
164 194 2
60 86 3
25 141 11
59 129 16
128 217 5
55 110 11
40 362 9
376 434 5
43 338 12
205 263 5
132 178 78
7 154 590
221 243 7
31 450 16
186 329 19
55 212 19
356 381 10
11 217 4
25 379 10
21 250 15
219 227 174
118 439 18
120 400 17
217 314 71
224 226 12
85 126 12
14 429 11
186 237 138
175 225 10
231 264 14
237 350 121
3 14 19
39 229 1
149 328 17
302 388 1
102 106 79
25 102 8
42 403 12
152 389 107
5 196 119
390 391 2
224 248 2
64 239 4
111 328 1
111 249 15
225 417 8
28 190 16
102 317 55
62 302 4
158 270 16
54 158 17
126 379 70
112 141 18
190 335 11
272 382 94
62 171 184
377 405 184
281 359 16
96 389 5
0 389 15
23 311 3
380 414 45
18 30 12
34 428 166
99 382 1
127 168 1
36 264 1
115 132 13
69 271 19
263 332 173
182 325 12
160 316 18
91 446 17
60 395 883
15 365 8
116 224 658
30 320 15
156 365 4
87 296 14
259 353 156
120 448 8
64 173 134
300 446 16
213 219 155
18 106 10
253 318 4
41 292 17
71 204 20
373 419 58
186 248 11
330 456 939
372 404 9
140 327 13
67 323 114
262 293 131
340 379 12
319 421 13
21 359 306
13 395 3
114 192 5
206 444 11
41 394 18
175 406 999
141 312 16
242 357 1
12 338 5
392 437 17
11 224 546
86 315 162
58 268 29
383 412 15
75 395 14
105 147 12
23 386 138
18 38 19
119 354 1
107 284 79
55 374 10
43 92 3
57 290 13
122 290 162
41 271 7
45 353 13
251 446 10
326 365 14
38 39 12
327 370 2
301 306 11
390 400 2
290 328 2
133 156 11
173 305 5
143 429 6
126 248 53
240 362 8
301 368 16
104 256 70
18 35 12
129 280 3
248 383 9
298 422 20
3 414 17
30 241 34
379 455 19
78 221 164
76 294 18
11 164 190
216 443 4
187 310 12
156 422 5
169 305 6
6 351 19
19 249 17
438 447 14
140 409 16
124 283 10
32 242 5
16 268 5
237 288 12
44 304 13
3 52 5
96 152 1
21 89 10
106 208 83
99 384 142
347 420 110
227 235 9
75 404 13
13 327 1
287 413 11
193 212 120
77 93 20
49 239 6
374 390 19
323 362 15
219 356 16
347 374 1
170 226 19
222 402 12
29 452 9
214 296 3
36 437 15
313 394 4
152 282 10
93 299 313
155 295 10
273 373 16
110 266 10
148 359 11
73 90 7
156 249 109
21 238 5
61 117 15
53 129 9
343 346 1
67 387 19
126 245 11
282 440 5
149 252 13
84 432 18
18 102 6
203 253 11
147 157 8
168 283 7
189 321 13
329 414 3
350 395 6
132 245 14
59 362 16
8 336 2
366 417 4
186 403 14
90 291 1
20 195 18
17 380 37
231 340 20
40 186 4
181 272 20
32 455 13
92 165 2
212 450 134
14 419 612
111 154 96
167 329 12
225 401 9
4 427 17
366 431 20
387 423 20
16 313 12
102 175 3
75 247 15
88 440 7
178 210 100
110 416 2
56 237 13
2 104 18
56 400 124
137 267 13
95 180 13
331 437 74
109 219 9
256 431 13
99 388 956
16 60 9
217 298 8
15 177 13
130 356 10
284 416 13
217 281 18
104 423 13
95 162 10
53 158 16
152 368 166
287 455 8
200 206 190
363 368 13
270 286 14
169 274 13
344 394 17
15 316 3
106 190 15
30 172 2
8 101 153
195 385 9
186 324 2
10 410 17
280 456 104
172 256 20
106 309 11
272 395 2
36 174 14
21 353 14
148 271 11
316 355 160
276 287 14
155 219 20
65 262 179
77 310 3
207 295 45
318 401 13
372 407 2
256 440 6
11 151 1
0 143 1
350 443 16
263 440 5
22 125 11
38 199 9
174 304 13
421 441 22
183 210 41
60 244 17
75 412 14
17 133 19
70 393 11
369 449 3
17 116 83
2 180 8
30 143 194
60 288 70
6 393 18
402 440 189
343 435 35
146 170 7
338 412 179
396 445 444
263 274 12
217 261 6
211 267 10
59 399 6
133 444 12
106 156 169
151 423 7
30 313 20
307 364 75
13 131 198
114 276 18
40 382 8
80 157 20
211 263 1
36 43 1
50 293 18
157 389 153
49 364 2
213 231 134
293 437 3
38 442 7
90 402 17
192 371 20
220 455 2
138 453 156
9 115 11
15 23 16
30 384 11
374 377 19
32 398 16
90 244 10
172 232 12
214 416 11
86 379 9
15 336 20
197 294 153
111 395 141
27 134 12
281 364 11
34 275 19
242 284 10
185 186 7
67 212 16
413 438 20
51 140 11
203 350 18
37 130 9
135 427 12
201 254 1
0 125 16
127 289 3
207 403 5
304 415 9
40 109 7
334 365 19
236 290 10
40 237 15
49 98 7
320 405 10
216 273 26
51 416 7
6 81 9
218 265 12
292 386 14
231 327 13
340 394 9
72 209 18
148 298 696
90 367 5
23 324 6
277 352 3
37 338 5
339 450 18
0 54 12
269 442 11
181 326 6
98 358 16
367 401 2
234 282 11
51 445 20
79 336 19
168 169 3
87 208 14
110 113 102
29 317 83
93 172 116
209 398 8
255 414 97
113 248 9
65 390 4
18 57 7
101 339 6
173 324 14
62 106 150
301 449 20
286 391 13
58 207 17
18 72 16
120 429 4
72 213 6
10 370 8
304 327 2
217 374 11
68 426 18
7 357 46
54 429 4
12 442 12
105 118 8
103 224 21
100 265 185
9 13 128
330 349 16
336 414 564
90 130 141
151 327 56
33 391 17
158 435 8
239 312 17
359 413 15
202 360 3
27 53 130
81 268 147
21 208 11
129 269 19
36 396 18
238 308 17
196 436 13
405 449 14
23 122 5
69 130 19
124 264 1
54 284 153
140 329 20
140 172 10
75 114 20
200 326 10
91 258 16
106 249 4
198 452 132
195 269 16
156 159 20
179 330 5
57 258 92
344 415 798
137 328 7
97 283 10
155 173 11
33 338 55
134 142 13
109 213 90
80 231 7
82 209 56
343 358 10
60 271 9
170 233 3
91 332 163
38 304 86
156 255 9
37 205 19
8 281 19
22 105 78
109 382 11
30 429 17
112 229 6
90 429 12
13 38 284
28 126 16
255 341 14
112 272 17
291 406 5
365 428 1
185 249 3
49 203 11
25 371 4
180 299 4
195 282 4
146 331 11
144 263 1
272 274 7
210 264 17
213 284 11
142 326 8
75 401 5
34 281 15
264 270 17
177 214 99
97 343 191
222 427 15
10 264 8
110 298 86
170 319 10
246 265 3
127 404 16
262 404 16
219 409 158
174 258 186
184 319 184
114 450 14
66 322 80
389 390 12
41 116 487
72 389 8
9 107 177
104 183 19
111 380 13
22 167 8
96 261 2
95 188 183
128 293 5
226 367 20
27 193 6
281 365 148
395 443 3
44 433 5
50 78 3
30 404 185
152 384 19
89 227 20
235 382 3
305 339 4
155 409 4
347 446 20
277 341 2
266 388 16
190 227 7
79 315 16
140 422 10
34 241 15
216 440 9
82 86 16
21 137 14
149 204 11
42 448 12
124 318 17
158 172 74
345 362 172
190 203 13
173 382 19
14 123 2
94 403 120
35 408 13
40 64 6
223 258 4
129 346 19
95 99 9
142 306 54
280 339 20
19 225 196
21 264 10
77 441 8
154 373 17
346 379 4
244 341 16
22 157 17
334 388 8
28 449 8
358 398 6
120 363 80
296 398 4
139 182 6
183 383 1
169 383 22
27 217 9
20 432 16
58 99 20
49 375 9
226 261 17
162 221 7
186 328 7
236 327 15
5 444 893
41 73 40
248 349 145
62 419 19
328 351 9
312 337 9
97 353 19
360 364 11
24 165 15
360 432 6
115 172 18
121 251 10
112 452 16
101 280 72
335 359 10
165 381 87
220 238 14
265 269 9
34 447 5
85 207 199
70 220 18
7 252 4
278 317 5
199 406 80
406 412 15
125 147 18
72 89 124
351 448 62
228 337 7
351 440 19
81 105 36
201 381 19
161 205 12
84 153 1
189 425 16
1 338 142
368 429 3
218 292 13
43 81 15
110 427 55
22 28 16
64 232 13
95 231 13
283 349 18
347 387 10
269 366 6
65 453 6
128 306 7
206 400 20
255 419 16
0 152 286
53 135 14
6 204 13
95 423 15
81 163 88
22 94 44
327 388 18
10 130 14
204 287 4
255 385 10
236 305 7
177 365 16
93 121 93
253 358 16
339 443 20
54 377 2
91 331 79
110 243 1
197 278 13
356 382 20
93 120 17
309 447 4
92 113 9
108 296 12
192 265 20
49 110 5
346 449 1
415 428 155
149 449 17
194 329 2
113 292 3
19 427 6
144 150 392
136 142 9
0 429 18
234 365 19
22 205 8
249 395 10
130 264 18
148 419 14
187 259 5
130 258 17
164 360 3
215 260 14
263 409 16
169 395 9
147 448 15
56 186 7
204 359 20
87 152 2
68 297 111
212 254 18
333 340 182
260 404 3
106 321 11
196 420 1
3 317 8
65 71 6
18 317 10
273 446 77
106 396 17
237 246 19
31 249 4
16 69 15
210 322 1
366 384 5
11 114 109
160 312 136
4 298 15
124 320 169
241 431 100
208 406 5
82 350 13
104 211 3
60 327 5
322 354 14
257 354 2
399 447 136
148 208 19
256 436 17
172 440 8
292 403 19
156 315 9
2 38 14
227 300 17
195 220 12
340 374 4
22 112 14
286 337 11
130 428 16
160 205 18
276 433 10
233 456 19
259 442 76
7 46 17
13 111 16
232 421 11
264 320 19
170 281 13
30 120 27
52 325 18
185 425 53
69 207 12
340 369 6
102 450 9
221 384 18
95 304 14
335 382 30
168 355 5
13 434 15
300 367 11
50 158 16
277 435 161
149 375 436
33 425 17
83 236 11
252 257 18
29 204 16
143 391 87
384 397 20
30 96 4
314 315 8
390 405 13
315 368 18
78 237 10
15 281 5
33 381 7
172 332 922
120 143 7
38 102 70
331 418 20
62 414 18
64 213 11
15 332 28
222 232 10
28 118 10
72 207 3
390 425 11
33 392 258
159 179 184
179 371 927
27 292 48
122 419 4
219 406 133
180 265 11
88 428 18
24 427 8
18 84 8
173 409 19
389 429 18
143 249 16
350 412 11
150 229 5
15 91 15
9 178 10
176 441 17
271 352 482
275 409 3
165 192 18
91 203 5
137 172 17
30 261 2
347 423 9
277 409 7
245 270 173
398 413 9
19 305 19
251 282 10
20 202 20
45 412 105
66 133 915
53 309 1
115 174 8
56 59 5
128 437 20
81 269 14
96 453 29
125 389 753
176 306 136
143 303 144
174 419 192
169 176 172
77 363 5
172 357 13
304 436 13
143 161 653
231 312 11
128 253 192
111 204 47
136 172 102
155 186 2
32 313 8
49 64 15
0 261 104
333 395 14
225 308 3
257 297 6
277 408 15
67 319 17
162 225 4
395 404 164
110 199 14
294 301 8
251 283 175
36 37 20
120 152 56
255 314 8
131 417 189
309 341 20
261 351 20
37 233 18
270 402 16
318 359 16
71 335 173
28 303 2
125 143 7
59 334 11
63 315 11
30 361 11
82 198 2
245 385 20
380 385 232
273 283 160
51 231 14
133 331 20
70 306 11
60 437 6
130 374 7
331 411 15
95 172 19
127 269 1
156 317 8
395 412 145
309 365 9
0 268 18
99 178 5
30 170 15
8 177 7
120 412 14
317 455 39
107 149 15
350 430 15
147 449 7
264 436 5
250 416 14
251 394 3
298 434 91
184 350 11
308 443 10
10 377 4
291 297 8
104 213 17
82 353 155
362 444 18
58 69 16
23 365 5
60 190 1
187 365 13
7 115 18
284 312 19
173 356 8
30 443 13
353 400 174
200 438 88
32 250 783
96 384 17
237 296 33
267 328 1
15 424 2
129 339 9
419 441 200
50 55 19
256 351 9
420 454 18
90 125 7
39 83 19
304 356 538
39 101 160
354 448 8
155 336 4
204 366 4
117 406 27
119 446 9
22 58 7
64 74 111
36 46 14
329 401 4
120 125 5
28 143 20
170 409 11
123 224 12
256 260 15
1 295 14
163 383 9
24 374 12
150 151 3
283 448 16
264 429 61
25 305 154
105 396 1
105 344 192
187 287 20
109 445 9
226 351 19
285 365 13
185 340 72
182 350 7
23 342 8
157 217 1
7 334 51
253 379 194
180 205 16
174 247 18
85 306 20
314 392 2
246 274 3
44 193 180
293 332 42
201 327 1
87 406 57
279 419 103
91 177 11
408 448 18
38 111 18
23 448 5
52 428 14
110 177 158
215 439 6
249 309 5
25 29 20
99 183 9
124 125 3
238 357 90
414 451 6
245 281 13
164 335 857
19 452 11
114 201 14
112 368 16
73 125 5
102 249 6
70 405 165
39 218 15
64 318 5
198 298 17
336 448 118
206 273 15
43 406 20
150 436 11
36 373 18
284 291 17
2 37 168
57 319 6
200 412 22
51 288 747
357 358 152
55 102 4
249 403 95
233 385 10
6 263 3
123 334 12
36 142 60
43 46 14
101 317 7
174 429 18
8 217 10
205 363 48
311 422 17
90 133 13
199 360 89
46 297 1
105 403 1
24 63 176
311 382 7
85 99 14
314 378 19
19 416 3
270 310 8
316 445 13
4 121 19
143 157 5
384 429 6
30 366 8
199 222 15
193 369 13
354 435 17
65 391 11
29 225 13
102 179 15
300 357 3
197 286 19
271 310 19
130 268 11
113 310 20
154 232 11
292 440 15
121 356 7
102 309 19
7 289 15
321 356 983
18 172 184
189 213 60
75 284 13
42 181 18
219 437 11
76 288 17
44 107 158
125 384 13
363 449 154
133 254 9
102 306 10
10 189 19
268 435 181
82 345 16
111 217 7
38 101 85
46 418 7
250 350 3
4 102 6
58 321 137
4 124 16
60 184 5
240 247 4
7 102 15
3 79 14
115 166 15
109 246 667
58 147 18
230 265 17
65 76 82
146 363 115
151 445 14
7 187 11
138 180 6
293 322 12
133 276 3
100 190 18
18 249 131
75 441 4
29 239 20
32 382 7
267 446 20
176 447 8
261 389 11
53 95 13
167 348 442
308 404 7
327 455 25
202 290 14
251 353 4
108 207 101
139 366 17
136 436 8
101 156 3
263 289 9
121 124 11
341 388 182
118 202 11
379 417 16
52 79 15
165 433 17
146 224 1
102 154 197
190 325 7
73 161 17
267 322 200
198 400 15
401 442 20
10 296 13
8 165 18
0 90 9
22 383 18
75 326 12
152 157 6
5 115 12
64 237 6
106 111 19
223 405 11
174 441 81
30 442 19
25 39 9
161 289 5
152 180 17
136 278 10
4 450 4
199 301 18
201 290 102
76 290 6
319 441 3
180 204 17
156 345 19
101 106 16
87 303 13
65 298 6
270 435 1
121 150 11
247 391 4
38 73 13
225 251 16
203 324 14
178 386 112
84 187 14
227 399 11
45 345 3
248 329 1
147 360 4
46 214 1
19 197 134
160 241 11
200 250 3
292 298 15
249 355 673
178 247 16
40 324 17
210 215 18
328 384 124
270 395 7
350 366 12
64 186 11
2 273 163
131 456 3
83 111 15
116 231 2
154 326 25
75 386 2
252 360 20
83 156 12
108 185 143
237 389 8
186 219 12
61 80 2
62 188 9
137 160 6
39 283 14
180 230 154
417 451 13
288 436 20
58 189 2
217 365 8
75 100 140
109 401 11
220 323 219
260 272 12
323 434 7
61 321 18
96 120 1
37 144 162
161 300 73
47 154 12
211 357 7
291 453 4
226 425 12
215 385 9
348 382 15
323 398 1
21 390 1
295 363 16
259 365 18
273 439 687
263 368 607
58 216 15
128 365 20
208 366 19
168 376 18
125 429 18
140 188 6
144 293 13
121 327 187
118 262 16
29 445 2
145 433 7
173 338 77
181 380 18
409 418 3
8 153 3
47 273 3
247 364 15
43 176 18
292 374 17
180 213 296
58 306 3
0 207 5
363 378 6
268 298 15
149 267 5
422 453 2
144 440 9
224 227 7
126 286 10
58 218 1
308 412 10
4 53 14
387 451 2
85 168 16
2 100 20
388 411 7
13 382 5
269 361 2
163 406 4
288 329 1
90 152 18
54 65 16
101 186 9
144 401 4
94 376 3
83 106 8
4 348 7
333 365 6
15 330 12
197 245 50
74 331 7
315 359 98
97 300 10
52 306 9
10 86 2
378 433 176
320 446 17
3 154 199
359 422 3
81 345 26
224 414 15
125 299 3
198 344 1
377 411 14
186 412 8
50 333 17
11 46 18
392 407 7
280 392 2
354 434 14
219 324 16
238 315 20
402 435 347
217 336 768
288 372 6
299 358 19
143 306 8
230 404 17
227 291 5
85 120 16
125 211 71
22 286 15
83 365 58
31 347 10
0 96 4
62 217 63
300 448 12
102 156 3
64 219 35
245 423 9
339 344 11
139 400 3
5 446 1
199 236 20
37 323 20
23 177 20
19 270 19
75 444 70
43 233 14
163 179 3
384 443 3
218 394 39
6 47 7
212 332 11
177 448 4
301 403 9
35 70 4
231 250 96
255 284 194
95 229 11
121 446 131
97 430 20
176 301 16
160 339 17
145 449 16
75 350 14
117 181 15
199 455 41
120 384 4
234 333 16
163 213 149
118 383 12
4 152 3
113 153 20
59 320 3
9 282 48
239 452 12
274 322 2
48 116 805
54 327 12
170 414 301
43 66 10
79 455 151
121 260 16
157 261 18
49 200 16
64 409 5
291 447 3
24 72 9
133 320 41
27 421 13
155 286 40
32 50 20
198 403 16
41 427 8
56 408 15
283 316 4
291 389 15
90 357 15
305 323 20
169 240 77
275 449 7
268 353 17
48 408 19
213 324 16
271 414 154
334 357 7
70 278 10
15 327 5
114 216 34
22 236 1
67 205 15
106 265 7
63 110 2
24 246 15
78 450 2
153 202 12
422 451 1
80 177 18
87 185 13
329 393 9
51 320 13
320 340 19
260 287 142
226 227 5
95 429 13
126 353 9
80 190 19
85 194 18
14 87 19
43 305 16
338 395 4
85 134 194
138 293 177
20 408 15
0 290 19
35 324 17
336 347 122
16 153 3
3 74 393
369 381 132
199 309 38
38 309 13
59 432 2
102 365 191
71 192 195
189 361 13
199 350 18
422 455 13
366 443 16
109 176 141
171 427 18
80 149 1
172 328 20
318 428 19
122 338 2
97 439 32
167 337 34
348 440 16
224 403 10
173 368 4
196 379 178
34 136 12
164 422 7
166 389 191
192 354 14
314 323 12
292 382 18
141 190 17
2 210 7
40 56 2
7 109 20
231 320 46
97 440 8
105 399 2
268 397 174
212 406 15
82 287 2
274 338 13
52 346 10
239 353 9
91 139 17
336 373 488
370 377 12
258 332 15
80 419 1
69 251 17
185 337 1
58 244 76
371 428 157
261 429 3
134 287 13
401 433 14
142 443 6
173 331 18
187 302 14
11 181 15
85 157 8
139 446 38
120 254 11
272 383 38
239 345 13
188 308 103
116 250 19
170 248 4
135 170 3
28 416 167
311 388 10
183 360 570
45 207 12
281 308 86
111 265 9
55 322 10
7 237 9
43 296 163
79 439 6
289 340 20
149 172 9
130 231 9
223 444 9
137 218 2
39 156 5
31 425 12
295 315 7
355 419 3
164 290 14
245 424 1
80 125 64
95 255 2
0 384 4
12 105 18
39 365 3
148 238 105
70 196 3
255 406 12
264 447 15
23 335 509
295 412 17
267 365 15
222 288 8
192 382 16
132 225 17
405 447 13
103 357 1
196 345 11
91 98 5
118 227 16
81 179 12
125 189 14
218 236 17
118 230 13
32 100 8
39 309 18
223 246 19
18 325 132
416 449 17
264 307 15
237 259 17
214 361 19
43 255 74
153 423 15
43 444 5
183 231 9
256 387 4
53 229 14
10 320 341
317 336 10
329 340 9
71 290 7
70 322 47
30 308 15
131 392 12
29 98 6
43 451 15
36 301 10
153 182 2
281 448 17
142 250 14
70 433 5
15 364 17
190 331 149
121 160 15
242 394 3
403 407 1
65 232 5
8 290 5
56 356 10
298 336 12
328 433 58
149 405 91
186 409 12
132 370 4
75 366 4
286 445 5
315 378 4
153 300 36
211 348 5
172 289 58
10 21 1
205 261 13
69 125 15
256 267 9
324 367 8
48 92 7
200 269 10
163 356 3
38 83 19
345 438 6
260 282 20
123 262 4
56 409 7
240 387 77
419 446 2
228 357 8
104 190 2
272 367 11
13 301 12
78 374 6
115 313 10
224 367 7
143 389 2
39 327 7
156 325 148
34 289 6
318 453 16
186 211 19
70 77 2
306 347 11
313 417 10
12 268 19
355 382 30
14 141 9
273 313 5
269 271 20
60 178 84
310 314 10
26 345 5
61 82 1
11 292 136
101 418 6
136 241 52
275 444 10
311 416 5
127 394 11
111 228 8
286 345 8
120 157 5
196 366 180
109 208 18
26 110 2
227 357 13
393 450 5
284 399 20
136 438 16
110 277 20
256 328 9
155 324 15
101 111 13
144 302 3
8 448 5
86 173 6
315 430 14
277 351 5
40 113 3
229 337 191
48 242 20
30 139 10
124 268 16
295 342 20
83 403 17
77 114 3
121 427 199
96 125 18
100 124 12
252 441 174
6 402 716
173 219 2
131 451 73
96 189 27
135 327 99
130 290 8
174 254 20
4 279 14
5 224 16
383 441 7
260 382 19
69 399 1
270 281 513
35 73 4
54 266 6
275 285 77
192 440 11
186 437 19
96 320 9
312 453 925
231 402 30
63 329 18
4 195 3
128 292 15
172 351 12
244 272 7
21 149 99
340 378 107
56 155 589
32 68 30
43 235 3
267 386 19
434 447 7
109 409 12
226 400 190
13 120 15
307 403 191
140 411 20
260 286 7
182 380 16
124 390 7
80 204 5
355 438 15
347 401 19
95 235 20
26 352 11
40 213 19
46 170 40
241 422 8
105 227 8
18 39 1
68 138 3
210 332 18
123 164 15
10 353 18
208 231 12
232 380 14
166 411 104
167 438 15
320 353 16
5 416 4
266 334 7
272 336 168
94 162 15
261 313 10
18 156 4
67 433 1
29 395 19
171 279 8
149 256 135
103 226 6
124 353 646
155 343 16
16 348 27
178 205 91
115 175 183
10 438 11
102 120 9
116 362 18
96 324 14
107 256 44
365 448 11
152 165 6
336 341 2
213 415 186
201 353 17
185 440 12
316 422 17
64 109 6
89 286 3
32 446 17
218 324 18
64 372 87
56 219 12
240 352 5
42 297 192
21 268 4
160 222 5
129 394 15
21 231 7
104 292 14
110 230 970
26 56 65
40 219 15
96 220 115
9 207 179
152 315 7
154 444 1
99 274 16
91 214 20
239 294 12
238 372 42
9 224 14
91 424 1
36 421 6
116 152 43
254 444 6
317 436 4
11 246 2
244 410 8
277 445 14
173 213 7
2 23 12
207 398 19
144 332 69
2 360 180
25 324 47
0 157 2
41 412 17
14 26 10
8 23 6
105 335 18
354 420 13
299 415 11
155 382 10
338 346 9
422 425 20
25 164 22
65 74 5
148 283 16
