649 3846 3
565 608 738
53 66 11
43 626 15
29 441 19
261 433 19
336 466 17
207 491 3
62 568 60
89 266 9
9 114 4
191 292 151
385 455 7
73 163 5
112 648 72
393 548 3
227 486 16
427 596 13
71 85 10
308 417 17
117 413 12
275 517 78
112 507 2
254 262 138
88 464 10
63 350 2
28 319 15
92 452 20
539 607 3
144 326 1
307 532 15
80 426 6
23 297 174
17 434 518
226 300 13
456 618 15
211 334 18
385 640 117
227 363 18
208 640 17
25 177 18
218 648 7
99 634 5
64 568 4
231 604 77
141 487 16
385 410 4
448 483 13
35 351 8
595 637 5
104 345 16
165 339 154
114 225 4
187 256 18
214 422 9
49 73 80
196 421 16
103 489 17
271 308 20
425 626 3
281 330 7
144 158 18
197 634 119
461 571 17
148 500 1
19 419 6
108 305 17
235 605 17
418 618 3
83 639 2
89 413 11
73 503 6
103 647 5
260 586 19
136 301 5
456 541 16
233 530 81
108 508 20
396 442 1
69 583 12
464 627 12
328 424 10
105 352 13
447 487 12
44 49 3
17 541 1
5 195 10
255 536 11
93 184 20
203 483 2
255 413 373
123 600 16
87 443 4
199 279 6
296 595 102
310 457 81
32 202 12
145 360 4
134 609 11
81 179 2
352 515 10
173 205 3
69 620 4
367 554 11
466 479 14
36 401 19
359 610 1
161 615 8
256 441 3
73 574 9
390 489 7
568 643 8
369 563 17
259 640 6
47 456 546
552 598 11
431 442 6
338 553 18
442 463 571
77 305 3
113 257 17
336 557 3
586 609 10
145 633 2
218 430 483
141 284 16
1 490 1
212 393 15
468 480 8
303 338 159
135 268 154
323 587 20
214 544 15
327 449 14
131 200 18
404 489 15
279 599 10
393 589 70
178 328 1
88 615 9
285 585 171
379 648 5
187 532 19
139 467 45
332 529 134
26 368 18
275 555 10
104 562 17
497 603 16
300 510 56
349 575 5
128 310 19
163 452 1
334 491 11
283 582 689
99 533 15
50 146 9
481 527 2
383 431 12
282 357 590
240 451 99
413 535 10
56 526 1
228 334 7
524 582 10
77 571 8
44 334 1
432 632 4
169 180 12
57 122 20
69 287 2
84 627 15
285 394 14
304 464 3
184 291 12
315 449 12
202 371 9
348 377 831
404 452 42
136 521 12
84 166 14
623 624 5
194 637 174
166 420 99
247 317 19
150 451 5
138 139 11
196 266 17
313 509 115
127 157 8
155 337 15
117 567 132
213 448 13
413 632 7
18 423 689
236 264 18
83 317 13
357 386 164
48 159 18
113 168 17
165 352 13
153 581 10
84 254 12
241 314 72
213 264 15
76 559 16
439 504 11
21 486 11
244 646 60
148 411 15
9 284 14
344 444 16
124 228 9
77 318 20
41 436 5
165 458 19
44 417 18
190 304 322
20 599 6
105 487 10
394 608 113
131 494 17
293 339 5
39 96 17
50 408 1
263 416 76
144 176 1
245 584 2
354 517 20
156 409 5
427 632 12
166 584 13
184 370 5
363 443 4
195 604 25
124 150 4
442 461 4
242 561 19
65 109 18
180 208 5
67 612 5
566 639 3
29 72 190
11 404 2
385 390 10
345 552 11
345 531 19
11 484 2
120 235 307
330 373 183
128 466 2
275 307 19
503 643 16
374 510 3
7 338 19
168 217 51
282 471 10
472 585 14
114 365 20
267 460 5
116 571 13
94 435 10
54 475 4
260 433 106
414 482 12
196 413 169
12 491 456
445 474 9
51 240 13
71 277 9
290 538 132
305 645 18
131 574 97
59 575 11
349 474 7
92 197 38
206 424 2
4 125 19
42 80 10
225 526 2
27 175 12
204 640 10
464 496 19
282 318 79
550 603 150
226 588 17
63 622 3
241 383 151
104 492 11
53 383 6
211 441 17
421 605 43
226 320 11
229 553 179
56 143 20
195 574 13
358 619 10
318 352 9
331 531 4
156 560 19
93 492 52
352 487 11
492 508 7
264 496 13
344 400 7
431 511 10
414 503 184
275 361 15
298 583 5
209 484 6
499 535 18
245 334 154
252 267 104
197 451 18
18 196 13
428 645 4
208 324 10
306 371 14
308 334 7
148 382 16
90 307 14
209 581 2
270 597 11
374 448 7
250 495 12
392 609 112
87 477 37
30 624 19
181 587 98
106 579 16
124 491 11
133 526 147
37 517 8
75 547 9
261 608 3
361 537 87
363 487 6
5 168 9
343 405 15
542 607 16
191 202 200
111 575 12
84 645 16
282 584 1
3 87 5
160 272 127
139 351 16
326 479 19
76 269 14
247 388 2
458 471 119
181 227 19
609 630 47
384 443 17
239 268 10
158 230 6
340 352 160
377 385 20
2 454 14
238 397 189
270 295 16
42 581 44
494 616 465
85 416 19
32 328 19
399 560 2
80 327 127
105 517 158
113 259 1
364 424 147
300 598 19
193 246 106
35 115 23
0 362 107
216 596 12
423 603 1
426 642 26
253 555 20
140 291 18
419 514 13
129 363 986
171 238 19
260 490 8
168 619 5
253 446 1
177 461 9
104 642 17
108 415 2
94 339 7
143 259 14
131 633 15
246 330 1
352 407 4
144 630 512
376 631 131
26 411 5
131 528 12
44 420 7
159 454 61
101 332 14
626 630 2
439 608 15
275 460 11
69 162 5
218 338 2
10 254 4
434 638 12
21 421 18
178 579 7
220 587 17
358 578 12
98 329 13
93 370 18
100 647 4
302 541 33
180 303 193
91 492 9
124 210 10
392 464 10
301 562 8
94 631 2
190 289 20
455 505 12
401 576 3
12 595 7
382 433 1
187 206 2
127 284 13
11 101 15
24 329 11
359 459 5
466 620 5
279 597 17
45 79 1
183 541 10
138 259 6
353 469 80
2 224 11
315 646 9
412 587 11
34 548 174
347 625 19
51 362 119
79 166 7
322 351 16
160 534 197
573 611 59
322 517 14
153 452 10
317 520 3
114 340 9
191 424 16
164 180 17
359 593 20
223 365 6
120 256 11
135 225 15
90 480 8
431 449 12
496 618 5
4 101 20
377 460 9
308 426 2
98 458 18
169 467 75
128 396 297
185 204 2
43 633 14
431 491 7
70 114 913
129 644 15
204 256 9
73 278 15
608 611 9
94 166 5
51 459 99
64 305 2
52 449 15
73 78 2
358 518 16
286 464 20
19 168 80
412 458 18
116 276 6
113 529 2
13 307 19
112 544 50
107 344 16
326 349 19
481 535 10
414 580 20
447 638 5
109 565 135
59 346 140
1 8 18
405 644 20
115 121 20
192 496 8
50 468 96
523 528 12
87 585 12
295 372 7
39 592 17
298 553 16
62 233 2
211 491 174
349 400 5
517 631 6
20 73 4
139 305 7
96 512 63
239 262 15
406 412 9
57 131 165
143 145 18
56 128 18
324 332 12
409 458 2
186 461 71
61 218 6
221 349 18
50 298 1
226 495 4
191 231 10
33 297 9
386 515 17
206 471 7
205 207 96
330 419 139
106 548 20
284 608 4
158 307 4
32 117 3
443 507 16
375 591 364
12 20 20
185 541 8
363 417 13
20 258 12
135 238 4
413 634 731
66 376 10
190 390 11
250 622 5
93 428 4
188 604 6
57 471 11
298 587 6
281 460 7
346 598 9
363 366 11
214 609 7
109 249 12
293 499 5
15 455 6
362 625 15
83 283 10
137 271 2
84 357 15
27 448 4
160 440 101
127 513 17
472 526 6
212 510 15
325 590 11
258 413 177
271 431 142
95 340 16
53 93 9
90 586 9
145 380 15
94 589 7
515 543 14
176 270 2
162 500 4
58 223 8
540 555 14
72 302 25
212 427 4
558 568 10
211 245 63
502 585 8
163 404 1
38 417 20
305 641 11
462 632 3
4 457 3
206 208 7
44 155 4
397 521 180
3 547 105
61 89 4
82 531 14
363 638 16
24 226 8
452 533 14
68 105 20
154 319 14
552 572 5
362 465 10
309 638 20
78 463 16
288 478 12
74 501 1
135 184 10
72 573 7
431 625 11
35 215 5
236 432 20
188 228 15
371 391 196
46 485 11
206 214 7
528 611 132
17 57 7
248 295 165
577 622 18
300 366 4
20 362 20
376 580 6
21 217 16
132 214 15
134 455 19
420 555 14
378 604 3
15 546 2
375 616 4
213 369 136
498 583 78
42 631 8
25 605 6
509 557 14
159 594 12
472 548 7
313 432 10
119 372 6
173 354 88
139 598 16
331 375 14
333 440 19
15 166 7
162 267 82
399 489 3
214 400 19
559 585 7
22 330 3
438 500 10
565 645 951
81 233 34
188 211 20
492 624 5
53 178 2
574 625 8
182 314 134
28 241 9
185 385 9
189 228 10
309 504 9
509 556 10
56 186 20
221 394 20
515 619 4
490 491 11
93 587 2
44 491 3
252 326 6
261 493 7
31 522 6
32 415 15
28 104 1
209 379 45
39 469 3
190 640 3
474 596 8
373 387 10
32 386 161
87 502 17
279 545 592
166 307 17
132 363 289
207 556 537
216 434 9
283 312 9
214 567 2
287 493 5
89 535 8
72 285 13
42 136 13
195 539 3
258 304 16
237 327 20
227 379 4
424 544 2
112 480 4
72 165 11
414 627 11
316 367 12
280 282 6
50 243 4
169 413 3
49 291 845
131 216 3
290 516 19
450 573 170
97 192 13
93 426 19
363 448 10
185 437 133
184 355 12
36 550 18
487 622 12
517 525 85
428 639 66
187 541 7
215 280 120
217 521 4
374 595 4
313 402 15
224 274 8
413 481 18
475 560 7
154 550 12
181 236 15
123 414 16
448 615 11
303 593 71
157 409 16
114 439 15
205 223 19
279 379 9
23 521 4
350 561 105
73 528 4
308 633 2
400 494 3
33 426 8
155 188 13
34 542 12
142 470 11
166 318 1
291 581 4
95 131 61
136 520 4
51 84 195
21 425 2
28 461 4
425 546 74
53 106 20
105 611 10
281 550 9
575 636 7
69 445 2
254 293 16
140 518 16
158 567 4
136 329 11
194 505 8
624 627 10
277 591 4
95 278 4
141 392 8
90 475 193
404 460 11
506 632 10
503 617 12
316 483 148
477 486 20
414 560 15
129 488 154
206 320 18
116 568 19
329 456 16
242 630 5
299 422 2
343 580 121
487 525 13
524 526 104
15 66 1
333 498 3
165 456 60
280 470 3
486 573 14
119 598 15
247 587 19
451 479 20
91 316 1
300 388 8
262 312 5
200 298 45
287 620 13
132 349 7
456 515 15
15 193 11
263 457 161
106 370 1
262 569 265
72 465 12
146 626 10
177 321 8
590 643 5
250 478 158
100 602 131
481 607 10
69 483 19
0 97 4
342 480 17
332 614 14
14 492 17
461 632 130
127 615 5
219 423 188
57 626 6
411 436 5
491 503 7
137 413 16
177 402 106
94 399 162
16 79 83
242 522 18
165 183 11
256 641 50
294 465 7
57 488 9
460 470 10
288 320 12
419 617 15
426 479 20
20 430 3
109 613 143
265 328 4
420 589 46
226 622 79
186 348 16
19 583 11
95 267 3
540 628 5
418 552 93
147 511 10
415 431 22
56 408 20
6 489 185
379 603 19
12 411 1
471 526 19
233 595 6
283 567 3
460 476 14
114 638 5
124 334 5
77 448 1
58 404 14
409 474 1
281 534 17
416 583 6
68 352 8
123 143 14
490 531 2
491 525 18
496 578 125
396 515 12
273 383 188
108 302 9
141 175 19
208 523 129
14 586 81
113 177 8
72 108 19
219 398 18
430 574 6
281 397 7
439 615 20
61 493 6
22 406 1
342 613 15
241 301 165
413 477 6
49 468 4
184 422 10
531 557 1
329 483 138
137 415 18
238 395 10
262 392 13
58 285 145
190 264 15
241 483 12
1 166 195
94 478 12
149 344 20
331 358 15
124 188 153
478 508 806
18 287 7
10 520 5
352 584 14
199 201 1
128 384 7
144 434 15
165 546 10
213 432 49
269 354 8
132 539 188
0 85 7
622 623 4
154 496 20
386 394 11
159 228 1
27 110 132
249 503 7
42 178 15
233 313 16
268 474 11
200 403 1
533 556 86
15 241 5
243 630 13
207 581 2
100 164 55
131 176 16
447 528 3
417 456 13
88 635 157
398 472 7
95 342 7
190 535 10
317 585 112
485 536 10
450 530 4
286 595 9
202 483 2
366 550 13
330 371 17
462 532 151
97 247 2
40 333 50
135 411 10
128 201 6
490 506 8
464 498 118
256 416 185
120 265 92
68 274 126
397 606 15
271 280 6
23 439 9
267 278 10
72 183 14
485 542 16
141 499 7
45 177 3
311 353 149
334 347 5
207 385 9
53 135 3
131 503 14
265 459 9
172 604 15
112 587 14
95 547 98
622 641 15
526 637 11
488 611 7
184 411 18
257 495 52
214 332 16
255 492 108
258 474 4
405 501 17
215 484 15
94 493 186
89 190 3
88 374 141
13 116 11
417 517 10
212 608 3
158 251 35
309 342 9
103 165 5
116 553 13
550 590 7
173 549 44
205 310 7
167 632 18
182 322 190
37 311 3
352 647 1
443 533 9
26 202 12
369 372 6
44 517 9
182 535 100
191 248 10
370 421 17
32 431 7
83 193 12
107 431 12
130 389 143
343 525 16
606 607 17
377 499 25
495 565 6
152 453 15
302 352 8
174 489 4
214 370 12
269 641 11
44 550 13
216 429 14
476 489 13
48 467 19
325 437 11
38 229 19
68 144 16
4 105 3
123 605 2
250 500 5
45 255 5
472 494 5
120 525 59
37 497 2
250 541 6
60 294 20
145 443 9
230 415 12
494 640 18
374 593 19
155 211 19
238 326 121
244 449 10
522 552 17
100 476 2
304 645 96
11 343 2
323 329 3
245 623 2
320 646 18
285 556 145
127 269 11
96 120 14
496 592 14
115 238 79
224 504 7
331 444 14
51 642 8
49 185 14
226 541 8
431 573 12
527 634 5
448 508 18
227 229 152
479 544 17
362 471 5
247 550 135
198 232 9
372 466 16
561 632 19
194 262 108
100 480 144
207 511 4
241 387 5
327 497 116
267 551 10
38 188 3
231 595 171
66 413 814
14 287 186
431 504 114
108 470 5
255 481 4
243 644 10
501 634 18
108 515 7
76 600 12
106 574 15
45 583 8
110 232 18
70 514 6
387 484 3
223 313 6
224 552 20
205 419 14
213 258 11
206 607 17
152 564 110
361 619 18
95 625 7
106 468 138
338 385 179
116 483 12
376 445 6
283 419 972
475 614 9
395 494 15
481 483 10
61 361 13
184 439 19
129 493 7
411 579 14
184 254 19
348 604 6
74 445 19
12 613 15
73 433 2
92 551 199
355 566 8
48 267 14
401 546 17
269 385 5
451 537 13
369 421 68
237 532 21
25 237 17
121 399 130
534 596 1
58 220 17
263 478 16
56 429 24
52 94 12
215 360 16
41 156 12
184 210 75
28 195 9
210 329 4
251 464 2
253 361 15
141 352 95
278 412 19
92 199 7
375 577 2
350 624 6
80 314 7
328 512 13
160 558 15
234 601 5
348 526 13
265 478 10
126 483 19
22 561 3
9 200 1
247 639 769
236 616 9
116 609 3
13 353 124
3 121 28
192 606 9
129 462 163
89 527 12
256 372 2
144 262 111
107 378 10
197 340 6
134 380 10
172 246 19
266 639 137
87 269 9
258 282 15
4 85 78
447 627 566
301 629 16
218 264 13
132 420 146
13 381 16
19 120 49
225 432 5
448 476 5
50 89 2
222 363 9
146 194 120
449 582 16
47 385 4
492 585 20
356 367 6
130 393 17
326 575 7
459 621 16
88 628 70
224 250 11
45 332 8
292 381 15
482 543 7
170 483 179
409 589 14
499 619 18
375 495 10
21 298 1
283 562 11
154 487 200
151 249 14
555 600 135
327 421 973
430 589 8
90 230 18
465 577 5
213 265 17
239 422 180
244 477 10
355 587 10
233 278 195
168 536 15
85 621 9
221 633 8
367 541 93
131 447 1
378 536 17
151 260 44
136 212 2
60 304 7
341 578 8
162 643 4
108 329 15
209 342 4
73 289 6
220 271 17
78 378 14
53 521 97
448 579 7
66 197 17
165 402 1
449 573 43
71 128 16
303 365 844
35 467 107
253 479 17
186 443 11
260 280 13
172 525 44
190 266 15
90 438 18
210 489 19
6 272 170
255 425 2
216 333 14
11 71 4
71 560 9
6 66 14
334 444 15
200 434 17
266 634 3
233 635 14
57 578 8
2 280 142
19 248 12
253 529 1
52 171 90
290 509 5
340 411 9
83 289 7
541 637 60
537 604 10
212 464 171
589 591 7
347 552 126
23 360 9
334 511 3
93 638 20
492 497 59
133 330 199
311 313 16
327 412 11
165 515 17
60 408 1
22 100 12
442 625 3
70 595 18
232 528 1
371 510 14
57 93 141
82 458 235
100 219 13
15 256 14
90 451 6
43 150 12
510 564 198
395 403 18
12 91 43
20 108 19
43 499 12
234 340 15
51 115 6
12 260 6
85 174 9
600 601 8
203 326 3
68 141 2
340 370 26
210 620 19
17 169 7
473 558 16
165 541 1
437 590 17
534 548 19
281 542 19
186 560 14
134 370 4
240 321 83
134 631 8
387 598 20
96 346 52
379 389 13
27 185 78
55 60 26
503 529 4
57 515 13
285 458 14
1 74 15
92 481 20
191 307 154
72 456 6
280 399 16
42 238 145
150 209 2
328 532 71
160 227 2
8 560 11
209 266 13
285 415 9
102 639 11
499 628 55
352 608 13
175 445 104
51 515 1
31 64 10
146 483 13
180 520 7
38 211 4
95 573 108
108 254 18
384 425 6
578 639 10
53 422 19
140 527 16
212 374 11
233 244 12
31 320 3
330 646 13
184 358 149
247 497 10
93 533 340
268 392 15
512 572 10
407 535 10
0 96 21
169 377 11
557 559 20
127 142 541
429 482 13
524 553 7
188 412 10
73 95 20
171 640 20
131 153 19
377 391 16
204 628 16
94 170 13
386 557 7
386 613 16
256 425 13
409 428 2
105 626 506
79 443 8
393 613 13
259 528 4
25 517 17
188 620 17
270 508 18
270 580 18
92 527 8
268 480 9
580 647 16
142 348 20
260 319 6
181 339 5
278 528 6
361 503 16
98 560 10
372 386 3
140 504 16
483 631 173
89 117 154
17 443 18
0 490 18
414 637 119
171 490 7
132 407 94
389 421 6
277 423 608
28 157 26
136 637 3
375 581 69
230 568 14
54 633 392
75 251 2
352 507 109
302 646 16
244 375 148
295 570 416
68 126 16
255 443 12
52 160 38
87 491 2
297 535 9
20 444 1
239 256 12
312 346 6
365 396 14
253 286 15
42 124 10
369 522 19
125 313 5
329 455 105
521 618 623
264 368 20
145 289 6
196 527 48
246 567 15
344 403 2
40 73 16
336 418 149
79 618 10
12 157 183
150 521 176
18 327 11
30 644 8
51 356 19
55 574 15
108 389 4
266 420 962
581 591 9
138 160 516
17 512 7
282 499 15
109 468 1
289 624 186
150 409 12
53 245 20
91 622 3
76 301 9
60 606 19
90 222 9
324 371 151
293 372 10
302 479 19
525 635 130
317 377 84
254 520 19
152 378 168
479 609 8
178 430 103
256 329 8
164 210 15
46 630 14
382 476 19
268 644 20
161 296 686
7 305 19
332 439 102
132 610 19
500 530 17
126 489 1
0 288 8
237 496 11
188 491 16
168 265 5
325 612 8
383 644 15
157 172 15
150 322 6
120 257 8
509 530 111
16 562 2
339 556 16
469 492 13
47 78 4
331 360 18
50 78 11
415 504 15
194 307 3
51 480 2
169 514 6
504 610 130
197 481 12
167 601 19
64 478 13
573 574 130
6 518 11
414 548 12
0 216 10
52 327 13
27 354 7
54 122 10
83 179 41
327 642 12
321 378 20
309 644 20
258 315 118
447 458 7
219 520 17
236 551 8
231 465 4
398 641 9
427 454 150
117 209 17
173 449 14
39 334 9
239 503 1
264 477 15
358 383 13
26 188 6
301 328 10
528 574 8
153 474 15
398 451 10
17 359 151
212 296 107
225 648 74
415 503 7
439 594 13
94 98 3
226 425 18
15 481 10
370 580 3
134 280 18
45 479 6
243 383 15
30 289 16
118 311 20
72 440 15
4 68 11
133 335 8
222 433 72
334 418 3
576 613 24
275 466 8
190 196 14
296 642 12
329 585 16
31 628 3
294 537 58
393 554 1
257 405 27
20 124 18
116 164 130
364 458 14
147 415 17
288 446 19
328 411 513
229 382 8
292 599 13
190 615 882
134 625 11
197 413 4
108 165 52
58 544 8
287 492 10
121 599 18
106 340 8
105 354 8
549 582 8
316 398 7
205 503 11
129 598 1
292 507 7
310 414 130
96 318 7
44 308 111
150 408 18
335 554 12
294 377 28
334 613 19
265 540 3
227 293 1
18 400 20
301 647 10
46 312 11
183 460 7
64 349 62
449 471 9
232 568 9
188 440 17
161 201 5
246 337 9
90 505 15
37 582 19
227 632 7
267 411 5
94 141 60
510 597 3
113 344 73
31 630 3
205 288 1
53 407 2
217 508 19
383 461 88
315 344 12
254 503 6
184 273 38
391 608 670
12 540 112
460 541 19
253 600 14
250 256 16
13 610 809
169 206 9
453 547 7
94 261 1
251 352 7
178 411 130
114 257 7
188 190 5
324 523 17
4 611 11
133 507 12
412 612 6
278 612 5
219 516 397
313 522 15
361 646 2
64 390 17
184 578 5
386 487 20
135 576 19
206 479 3
303 534 20
393 631 16
284 554 8
585 633 5
462 487 5
197 262 8
115 231 188
7 462 9
504 551 19
316 533 12
212 504 2
302 647 10
328 361 8
60 68 3
388 540 2
240 362 851
190 237 20
175 426 12
413 556 13
390 417 2
256 565 12
48 228 9
266 516 14
105 347 7
235 422 18
431 528 2
456 460 2
277 513 1
86 371 12
59 189 13
164 429 15
179 324 8
86 394 8
233 615 3
139 422 6
428 615 16
277 515 4
322 612 8
477 642 12
371 422 19
56 216 137
555 638 11
36 557 11
91 126 11
185 292 5
443 470 141
58 473 172
117 266 19
564 569 8
390 555 16
189 355 15
4 390 29
128 237 132
397 618 15
351 640 2
134 622 18
206 418 122
149 558 580
207 458 18
3 164 7
98 179 15
112 196 17
420 641 43
409 451 1
20 107 7
132 434 13
125 385 8
110 182 19
169 646 9
371 506 12
268 502 20
95 431 2
405 603 2
267 313 20
209 535 7
58 583 9
143 356 15
314 498 10
118 604 8
76 212 13
480 557 9
494 574 9
230 638 197
9 34 3
457 486 17
484 626 5
210 420 40
104 203 19
112 242 14
152 483 19
221 267 16
137 508 15
188 520 16
449 611 120
391 585 17
73 431 39
227 628 19
478 484 13
487 608 2
415 491 58
141 611 9
43 378 20
163 411 8
310 333 18
98 299 79
82 119 11
239 521 14
368 499 94
350 637 5
269 585 15
92 413 20
199 382 68
121 627 13
205 431 18
518 528 14
25 317 70
188 248 19
345 605 2
487 517 20
188 516 4
131 267 9
354 597 6
136 304 88
209 604 17
474 543 4
279 296 12
4 352 1
380 585 5
577 608 12
178 278 187
92 500 16
628 634 11
76 87 8
40 407 10
171 277 18
123 355 169
105 608 3
101 533 15
147 616 622
4 356 1
70 198 17
526 549 14
188 517 18
295 625 20
107 231 2
363 393 15
526 596 9
155 491 1
46 499 2
318 506 7
517 611 197
346 608 133
16 544 18
528 597 525
597 640 9
24 560 170
300 386 3
233 640 14
97 527 10
174 593 18
300 494 14
269 538 9
165 302 440
151 591 15
331 338 191
432 568 14
53 184 115
362 424 19
81 229 36
378 641 2
486 606 7
503 611 13
26 262 1
154 514 59
108 582 11
207 489 16
365 615 9
242 277 3
334 497 6
232 381 89
44 150 5
139 389 10
10 174 31
515 541 8
238 624 14
302 397 8
197 520 545
310 569 548
107 585 4
1 411 16
78 110 2
38 308 14
232 350 98
316 585 60
267 485 12
336 509 8
493 566 15
328 370 15
422 490 17
399 473 113
321 527 1
60 469 2
22 75 17
218 368 13
553 610 17
584 619 16
14 226 18
204 364 9
57 474 10
336 421 8
134 254 150
245 631 5
18 249 131
27 79 18
553 556 9
104 619 152
82 365 9
197 285 5
139 417 13
20 136 16
199 215 17
292 480 144
302 515 6
248 536 4
565 583 20
269 559 16
0 204 200
578 609 160
164 487 18
14 323 75
217 646 8
182 549 9
115 214 3
193 194 8
19 595 2
280 575 6
255 508 1
415 511 11
162 503 18
218 605 1
48 455 12
308 602 27
214 396 7
152 178 10
322 531 132
312 426 19
199 477 19
46 219 8
209 504 1
462 577 99
402 438 166
108 454 16
369 485 5
540 570 186
86 446 13
148 565 5
257 352 43
307 494 868
182 480 2
151 552 20
309 566 111
79 130 16
127 344 4
126 294 19
41 125 4
407 578 17
343 459 4
110 171 9
22 399 1
35 234 19
178 416 1
491 585 3
393 593 20
289 335 4
354 591 14
37 310 13
205 473 14
44 390 6
234 602 91
123 257 15
428 596 171
481 540 10
277 620 919
509 542 4
357 401 11
276 578 75
188 417 6
280 564 56
258 311 9
272 432 1
199 381 11
90 576 6
565 584 4
418 470 175
425 565 15
16 183 13
148 347 14
327 351 11
231 486 90
7 76 15
248 458 134
512 542 404
424 620 6
52 524 7
103 644 17
352 632 4
398 403 4
266 413 105
69 107 128
262 462 9
109 146 16
557 607 5
7 633 17
224 571 1
195 308 5
341 547 13
165 602 20
53 579 10
128 272 15
183 627 3
80 410 17
44 63 18
177 480 4
372 424 6
338 614 13
73 131 84
477 614 5
111 511 9
287 508 17
12 220 5
327 621 15
41 295 102
265 288 20
255 332 7
149 557 72
315 368 19
379 380 19
283 485 9
342 449 12
471 493 13
93 647 14
228 417 14
420 621 2
206 298 10
32 491 18
110 194 143
41 588 16
427 433 15
338 559 11
340 523 13
178 431 8
343 465 18
339 451 14
294 525 3
302 460 1
36 83 65
156 248 15
629 641 9
183 572 19
533 545 1
182 474 17
323 509 8
205 511 1
129 360 14
22 340 20
72 407 17
220 297 6
249 282 80
582 587 11
125 285 5
32 93 184
449 625 62
67 271 12
137 571 91
192 626 6
430 636 167
468 597 15
75 272 12
35 280 175
260 374 16
77 410 4
49 102 14
36 378 85
332 378 13
75 149 19
370 420 9
114 134 176
10 241 18
265 266 2
367 397 1
150 429 10
269 445 12
7 620 3
99 109 7
414 477 16
65 185 4
426 559 3
82 349 6
339 453 3
110 306 15
0 337 4
100 259 15
72 470 10
250 589 75
94 256 14
193 504 6
57 584 3
212 424 4
215 348 6
289 304 7
269 502 3
84 183 2
66 227 6
288 378 4
1 380 8
424 485 7
114 283 6
213 435 9
44 225 10
395 436 8
279 578 20
208 316 35
242 358 4
624 629 4
415 570 31
257 310 4
380 430 3
390 602 2
197 535 12
87 430 19
205 387 8
90 592 178
428 594 20
349 390 2
34 492 114
101 324 122
325 374 18
149 251 2
136 544 112
169 298 4
507 516 6
385 614 10
243 432 18
467 587 6
16 410 155
8 354 9
147 491 19
172 621 17
88 482 18
329 532 1
487 496 3
113 264 16
294 580 20
180 253 19
416 437 2
4 517 19
286 476 3
177 421 8
427 547 3
144 522 3
36 353 3
93 579 15
578 605 12
454 524 10
252 495 9
121 574 55
106 553 15
183 515 20
544 609 4
0 482 10
243 536 15
219 448 2
169 416 5
101 589 15
433 453 179
13 569 171
381 390 10
14 607 11
113 137 9
529 604 12
228 272 5
273 566 69
502 633 3
468 647 115
251 595 13
60 483 7
349 625 6
90 612 10
178 189 82
147 400 10
197 266 6
424 484 3
245 521 12
514 619 4
470 541 15
95 449 135
148 384 19
178 184 18
149 545 18
493 643 11
515 571 17
55 380 20
166 413 19
263 324 15
117 196 15
14 150 13
260 410 20
351 554 18
37 267 13
222 563 2
131 224 34
267 503 159
265 497 12
33 274 16
420 547 262
381 480 104
128 285 9
211 458 4
3 307 13
435 437 10
143 268 10
30 463 13
132 253 16
570 645 9
190 413 14
179 287 17
4 608 19
93 460 3
401 610 6
6 585 9
117 504 4
410 548 12
352 456 9
50 449 19
185 369 51
290 416 5
69 272 167
176 392 83
225 612 10
150 228 2
271 631 2
348 399 3
92 535 154
194 300 516
117 423 20
161 298 6
125 468 9
8 44 3
189 644 18
122 181 146
155 517 19
27 424 131
17 484 6
200 437 13
286 587 17
39 287 6
258 276 10
242 503 5
398 516 18
180 328 12
79 517 110
324 386 20
231 339 17
548 641 2
356 394 3
9 161 19
22 596 14
51 70 13
106 647 10
262 485 72
130 645 20
225 436 13
267 528 886
150 597 17
295 568 6
140 572 9
462 494 3
106 320 20
70 403 11
77 347 171
24 101 11
108 458 17
438 512 2
456 532 18
265 498 12
63 218 10
144 281 14
411 414 16
294 598 9
141 380 6
261 302 9
390 526 19
149 199 5
482 589 16
337 392 5
15 577 14
150 395 52
106 404 185
27 200 3
300 338 4
55 202 19
33 78 46
71 373 17
23 407 150
72 541 109
42 91 10
93 415 7
202 226 3
230 525 9
573 625 8
5 561 142
74 575 20
38 332 5
51 80 3
364 486 2
54 216 2
349 467 1
76 441 16
166 417 9
167 459 2
464 516 2
230 306 112
73 625 3
185 490 14
177 334 138
400 462 5
393 399 18
317 491 133
338 524 7
169 475 18
141 525 17
407 514 2
116 624 9
325 442 603
164 244 47
184 579 28
42 349 676
299 515 9
312 520 81
149 283 9
383 601 18
105 141 8
337 425 1
83 553 2
319 647 18
218 466 5
70 523 197
522 637 15
145 474 95
319 325 19
131 546 18
550 624 3
246 510 10
9 531 8
216 297 76
308 316 4
263 635 936
280 552 4
44 602 12
207 486 12
318 387 6
98 412 3
153 505 5
129 245 163
208 491 20
6 644 132
36 205 13
242 319 143
642 643 5
432 582 4
60 448 12
207 431 7
129 247 15
212 565 7
263 475 369
477 542 9
546 645 15
535 634 8
105 504 13
31 576 16
4 487 11
321 348 20
169 588 20
73 267 18
87 349 7
34 416 13
102 496 5
71 143 96
38 491 42
45 345 19
264 282 45
205 491 10
32 131 2
248 566 4
247 304 13
1 153 10
177 202 14
22 142 180
107 122 18
460 573 135
52 93 6
278 476 17
433 559 1
194 381 17
80 89 15
85 382 2
258 308 4
560 634 7
468 572 4
72 382 7
96 531 19
525 608 9
161 565 20
92 117 1
278 449 8
272 311 3
5 186 20
26 30 15
44 206 525
291 526 10
28 391 13
209 481 9
216 474 15
76 353 6
35 264 14
346 416 8
454 613 94
351 598 16
196 634 12
202 404 14
68 611 17
39 619 10
375 584 15
357 497 9
503 528 3
122 573 5
239 554 14
289 398 12
43 274 4
150 581 16
32 53 4
288 397 9
310 374 11
378 417 92
30 95 16
32 240 11
502 559 197
136 569 2
334 593 8
153 290 7
80 452 5
352 611 93
213 421 9
204 636 17
253 554 4
336 474 116
78 194 6
462 562 13
525 594 338
461 523 11
32 381 10
299 646 6
252 510 5
100 630 178
298 340 1
124 404 554
230 337 6
55 89 98
384 565 17
386 388 7
477 621 44
446 480 11
181 447 178
385 645 6
540 585 146
61 498 5
352 460 1
86 132 14
192 275 14
19 647 17
99 367 13
135 328 156
220 500 20
68 517 5
108 183 5
413 527 18
417 443 19
321 367 346
191 441 17
75 260 10
302 450 9
190 481 4
16 309 1
87 633 4
300 368 18
275 556 6
467 573 175
384 570 7
158 210 102
72 352 15
150 155 15
67 468 5
150 334 13
69 586 11
154 391 16
277 502 20
421 463 8
170 193 8
81 636 5
92 282 185
164 567 53
278 515 28
198 342 2
249 628 5
76 502 2
131 262 12
297 521 4
44 124 3
470 513 13
72 395 110
62 190 185
197 527 4
156 396 19
11 38 123
25 511 17
331 648 8
352 470 7
317 544 5
500 558 120
317 335 7
79 370 9
142 407 15
89 141 226
112 292 99
305 498 107
331 428 126
55 483 10
153 429 4
544 620 18
89 448 99
73 308 6
209 592 13
369 473 104
22 373 12
433 561 5
1 110 1
50 627 14
321 642 6
22 532 18
39 181 139
164 177 1
39 646 2
76 361 9
155 281 3
233 538 8
562 607 8
60 527 98
206 433 3
426 490 13
17 340 74
305 582 14
202 341 20
109 148 4
455 589 8
254 573 310
425 637 20
205 415 12
14 289 162
335 511 5
515 590 10
31 568 135
152 223 13
394 418 6
518 643 12
398 620 18
207 577 17
208 346 13
246 272 10
157 183 3
473 648 86
117 527 4
95 110 58
8 89 11
452 575 11
474 482 4
127 309 187
147 205 7
211 417 16
53 299 12
403 561 112
322 530 30
102 240 5
226 618 7
246 271 5
141 353 136
276 474 2
156 294 1
259 311 30
10 108 7
134 303 17
23 548 163
80 544 13
178 640 18
141 608 1
118 514 6
429 575 2
228 435 14
188 572 2
286 555 60
299 567 13
101 598 9
133 530 167
2 143 14
130 148 16
16 300 4
6 532 108
30 461 12
484 546 11
68 197 17
67 562 9
3 533 16
432 518 151
32 511 18
347 422 4
391 626 3
2 249 122
277 377 6
477 616 9
56 630 16
241 543 6
524 602 16
444 516 6
252 302 18
92 634 8
226 469 9
433 509 11
383 562 154
189 402 1
49 574 19
467 506 8
445 506 149
108 460 17
180 193 9
322 338 3
446 479 15
208 526 20
155 507 102
381 621 11
443 520 12
228 340 10
135 360 6
197 627 17
75 532 64
153 334 13
147 207 8
144 644 79
15 432 15
40 149 103
316 615 16
130 555 1
16 327 9
259 293 3
288 347 7
145 620 11
439 446 1
66 302 16
359 563 163
86 605 6
120 575 2
143 562 5
112 264 52
572 635 19
252 401 62
538 594 3
134 433 18
0 134 10
592 613 86
137 335 74
518 547 90
58 382 142
168 221 4
53 99 4
277 547 7
27 53 5
99 129 1
87 338 12
21 123 6
212 494 5
252 259 1
201 533 16
52 600 2
609 620 57
228 258 1
465 582 5
593 609 150
83 154 9
5 6 19
183 352 11
260 297 14
150 188 30
193 570 11
297 356 8
50 557 101
219 601 19
144 611 9
190 197 164
148 537 16
183 507 16
228 283 19
76 137 5
324 585 2
214 479 3
380 568 11
230 320 18
492 550 18
75 408 69
94 144 8
66 635 7
72 515 7
238 602 9
119 178 13
54 112 2
89 481 3
290 326 148
277 387 11
168 593 12
259 357 9
323 505 19
188 571 12
179 431 15
412 460 11
124 155 50
114 298 9
38 123 19
71 382 15
256 384 3
517 595 3
29 156 15
434 592 13
295 589 16
27 143 8
115 447 15
531 608 140
331 615 17
142 487 15
59 122 10
35 112 188
135 248 17
87 136 15
149 484 13
394 584 20
503 625 7
312 623 2
293 454 6
82 644 17
176 178 10
455 483 17
278 345 6
127 516 18
578 638 2
472 539 5
92 572 17
68 284 11
352 510 18
40 505 18
95 450 5
429 484 12
284 588 14
393 596 153
160 165 6
33 322 14
465 541 18
254 443 17
304 605 20
131 449 173
355 619 15
66 209 197
322 574 10
92 627 9
4 544 6
321 596 16
178 450 14
39 380 3
118 644 3
174 557 184
570 611 6
56 207 8
517 608 9
306 343 9
596 626 14
207 503 10
111 630 14
106 642 46
170 322 15
89 175 5
13 472 1
223 521 1
100 443 19
275 536 12
473 516 6
479 624 9
41 273 162
244 343 12
222 289 6
343 420 172
223 312 9
51 289 6
87 559 19
160 480 2
68 623 8
275 452 2
24 38 75
64 626 69
276 574 6
65 646 13
131 611 17
267 407 118
325 577 18
46 152 11
123 425 8
14 304 1
74 504 19
575 633 9
364 417 116
172 397 6
98 106 128
52 176 1
56 572 5
176 623 2
120 194 5
60 638 605
354 565 85
533 547 2
382 558 119
503 573 12
92 601 2
307 472 29
132 196 6
387 473 7
448 503 19
145 247 16
286 381 7
424 479 5
239 445 204
34 605 18
35 197 108
32 228 6
68 223 2
115 433 13
306 471 10
207 415 20
56 554 13
219 620 1
63 179 18
475 647 17
106 328 632
166 625 14
70 151 22
135 579 1
292 378 10
409 599 11
272 549 17
5 490 1
40 231 66
291 630 11
41 190 101
49 323 1
44 243 3
304 429 11
319 323 5
117 481 13
257 494 4
62 313 13
82 324 5
532 550 971
4 141 4
322 607 3
262 447 6
88 134 11
250 590 7
487 611 55
277 397 12
247 386 11
92 190 20
95 357 4
559 616 10
106 260 19
460 515 10
228 499 18
419 533 66
166 422 13
148 331 131
242 508 17
186 609 191
178 560 37
498 513 17
409 490 30
124 417 18
68 487 13
13 251 972
289 366 14
70 169 137
34 299 42
307 455 17
79 459 99
128 304 14
187 400 8
479 620 16
420 602 12
158 376 11
391 411 12
181 276 19
130 435 7
42 335 2
496 601 18
93 475 13
51 363 156
125 479 7
455 631 4
272 631 6
430 582 33
8 402 10
117 190 12
430 451 49
508 534 6
53 637 40
133 589 5
155 354 75
183 559 12
126 418 20
418 589 580
65 387 7
224 262 15
174 521 8
8 239 197
100 605 9
4 272 5
107 364 8
288 545 19
72 576 6
11 230 14
17 101 159
74 485 4
299 412 16
89 368 18
19 229 5
203 475 17
412 618 6
419 625 18
51 208 17
292 569 9
19 65 4
235 609 3
409 467 18
364 376 20
319 429 78
216 437 17
427 529 66
93 378 12
38 205 6
146 364 10
276 583 17
162 642 5
79 604 4
451 480 15
368 524 7
340 587 2
144 362 11
164 631 5
20 558 175
60 532 9
41 199 19
420 580 10
297 339 9
206 544 9
6 330 5
124 517 147
455 595 1000
126 630 17
55 463 7
426 432 13
465 490 78
302 470 76
580 627 14
371 486 13
244 302 1
339 510 130
10 376 1
101 619 927
13 620 2
282 515 6
458 492 10
30 216 15
107 479 15
183 302 9
146 175 19
0 434 73
4 364 6
48 227 4
32 493 37
188 334 20
485 626 152
610 646 143
360 636 188
241 270 12
4 433 10
255 644 155
302 578 6
114 573 9
74 162 20
432 483 15
51 417 20
284 357 4
4 525 9
215 526 34
350 642 3
143 310 12
198 460 1
403 423 19
98 276 17
466 544 19
468 544 50
115 303 8
72 460 17
65 193 563
365 438 156
27 541 387
364 479 14
311 339 17
192 447 12
464 642 20
15 547 20
306 417 20
67 207 10
169 224 12
358 368 8
200 480 7
318 533 4
315 357 2
22 641 7
251 287 4
40 540 9
435 572 8
241 433 19
51 113 3
31 368 18
128 476 8
541 615 3
47 282 20
31 43 10
394 575 14
9 528 21
294 437 2
321 424 1
71 327 5
483 597 11
408 481 6
368 531 18
36 280 15
53 151 6
115 132 20
93 411 11
24 455 8
62 318 114
49 142 15
65 531 63
269 602 3
328 417 5
469 585 31
50 83 32
206 609 12
88 446 3
564 627 14
392 478 17
385 540 18
259 584 3
170 335 13
189 519 20
63 184 10
466 609 2
128 420 6
124 513 12
127 519 17
264 562 7
53 370 17
289 557 4
620 645 18
8 346 13
151 585 69
248 573 2
135 401 526
132 297 3
566 646 10
14 258 65
363 372 94
108 128 18
170 173 3
85 98 24
241 376 7
242 375 1
25 187 52
282 358 72
225 470 8
109 612 105
501 591 12
340 579 16
443 475 17
10 175 16
91 510 5
481 490 5
7 26 5
76 633 9
102 492 14
122 566 24
506 556 194
383 510 8
247 375 6
341 398 5
106 381 1
77 441 19
96 403 4
346 528 5
310 474 19
366 522 1
161 456 12
397 515 8
105 284 19
338 430 54
1 371 17
140 178 10
27 511 18
172 554 8
455 562 6
114 226 135
37 249 6
421 499 8
101 289 800
39 461 16
94 326 168
110 337 17
264 500 7
143 361 6
269 451 7
150 272 8
14 187 143
64 605 14
167 629 69
293 641 29
93 559 2
13 349 2
320 615 314
290 474 13
48 82 11
147 227 13
215 479 105
84 133 55
151 263 15
79 358 3
305 361 7
497 510 16
273 544 131
39 492 3
249 314 1
404 519 20
271 562 759
77 290 15
466 630 15
462 517 106
20 495 1
167 271 17
200 398 16
278 431 12
45 263 16
75 405 13
465 612 20
577 603 145
370 411 15
320 536 20
169 606 20
257 597 7
239 482 5
276 475 11
4 579 3
82 590 11
211 228 12
232 302 15
54 266 1
465 496 118
123 477 61
277 636 17
242 387 96
438 612 12
49 439 12
63 91 1
323 609 834
217 339 18
10 113 17
359 513 12
27 473 18
162 353 6
92 209 12
1 364 13
318 439 13
456 470 28
236 392 15
105 399 9
15 86 14
21 91 5
458 592 18
162 274 8
143 153 12
263 385 3
20 328 3
351 407 17
50 528 14
408 507 4
186 629 159
220 470 11
87 571 252
18 437 5
44 188 12
473 641 1
49 83 133
9 406 8
260 320 3
196 537 20
75 220 170
111 217 13
285 565 134
108 142 20
602 617 12
424 609 1
319 427 5
188 421 11
154 181 17
155 334 12
112 455 100
237 456 11
169 235 105
201 478 13
449 568 12
131 530 3
46 379 43
175 610 7
233 264 14
73 114 6
321 614 254
417 419 16
284 525 147
38 334 114
286 541 1
345 602 19
559 633 7
371 612 20
86 422 13
283 633 13
53 547 985
238 458 11
147 223 9
38 44 14
232 299 20
463 630 4
35 330 9
106 501 158
100 127 6
112 597 18
277 459 5
12 579 181
103 123 2
120 537 15
452 586 18
289 484 4
417 455 9
423 632 77
346 405 3
192 320 5
73 573 5
137 568 16
80 236 2
346 507 9
19 567 195
79 101 6
220 526 4
83 474 76
315 511 10
0 151 14
481 597 16
49 238 18
43 436 1
131 192 12
541 587 14
32 207 8
268 510 17
389 597 1
68 257 10
131 309 12
341 573 19
34 244 6
193 599 8
65 70 13
313 424 7
528 625 4
57 396 140
140 205 5
487 648 15
139 481 7
57 455 149
470 606 19
112 191 436
432 521 1
402 528 9
78 528 3
149 436 4
352 541 195
279 542 11
48 384 20
65 585 2
81 274 13
129 538 5
330 344 14
2 370 14
112 310 514
103 518 20
147 426 15
276 550 12
299 434 13
265 644 8
42 544 18
100 297 11
164 458 16
535 628 12
265 573 18
85 461 414
397 511 20
571 610 12
171 376 7
325 411 9
267 475 3
61 315 8
58 608 8
126 464 17
139 350 17
25 140 4
116 126 5
580 603 2
527 535 14
47 336 14
38 155 3
298 446 198
196 481 6
144 426 4
120 175 1
417 491 19
459 561 6
125 620 2
47 294 6
109 384 84
141 420 161
190 267 14
32 503 17
348 509 2
447 585 13
285 463 64
273 606 19
109 575 1
118 424 19
36 166 33
45 394 20
46 398 11
189 591 8
241 330 19
78 128 18
35 183 16
299 364 19
134 410 11
74 130 158
25 263 9
76 86 8
444 628 11
438 467 20
376 563 15
300 379 174
23 382 44
500 598 3
101 560 13
40 167 136
207 644 103
256 467 111
138 569 161
136 418 9
263 501 18
50 368 5
187 520 9
388 497 11
23 493 34
284 611 11
259 488 159
123 251 5
266 481 125
74 235 3
36 601 22
147 503 214
14 581 16
32 473 18
87 623 19
40 497 17
270 644 4
222 574 4
207 414 27
114 154 140
38 517 7
302 456 4
167 648 3
403 644 4
38 97 10
200 491 3
74 468 1
228 491 20
102 609 6
331 513 11
26 226 18
178 251 7
10 445 1
474 575 5
552 586 18
19 78 191
445 572 5
311 528 12
281 421 169
295 332 7
34 275 5
45 291 4
517 543 5
18 565 70
135 312 12
194 297 20
308 418 20
201 524 1
230 260 5
72 266 44
301 391 11
214 424 14
320 500 9
339 531 20
74 154 92
95 574 2
330 613 5
264 267 550
221 588 2
359 625 11
379 629 17
55 311 155
125 533 1
267 421 175
189 208 10
131 566 3
14 71 135
598 614 19
8 338 5
501 528 13
24 631 3
64 481 63
127 495 9
32 370 17
209 280 8
57 294 22
389 474 13
84 107 19
49 195 18
242 318 12
267 449 1
412 588 4
265 351 15
51 472 4
140 426 20
21 128 1
317 595 8
45 283 9
515 517 102
135 218 17
210 391 13
587 608 12
97 373 11
249 561 13
62 245 15
174 602 44
548 634 18
155 226 10
120 445 7
164 607 42
2 311 20
539 630 65
138 578 355
50 212 8
337 342 12
434 603 106
228 540 87
115 230 106
50 308 3
371 454 11
103 184 19
418 549 15
402 632 1
45 355 12
515 545 6
405 544 19
396 634 11
290 568 50
287 585 20
123 166 29
284 592 15
150 559 9
458 625 18
5 524 4
103 179 18
195 452 1
348 639 11
84 495 599
331 626 13
196 624 512
358 626 12
352 517 36
442 540 11
239 495 84
223 472 50
38 150 19
264 636 10
88 586 1
9 644 14
343 388 19
219 534 9
543 587 18
348 600 7
608 632 8
223 333 8
47 425 4
164 358 18
199 247 3
328 579 7
292 544 16
164 350 17
61 178 270
148 254 27
183 301 18
11 128 18
155 266 16
319 578 178
34 278 176
521 542 188
83 606 8
581 583 11
422 495 16
478 640 15
18 225 17
106 178 593
139 643 4
504 508 14
31 283 18
106 411 17
147 431 10
93 254 37
125 319 19
121 227 14
298 394 14
95 611 5
209 634 8
105 195 10
341 516 14
85 130 12
139 566 12
158 286 2
109 623 9
108 541 14
235 265 35
159 203 295
42 137 14
592 648 5
157 323 17
261 412 6
134 513 12
636 641 190
220 600 86
191 495 15
141 563 10
355 484 11
303 331 7
393 564 13
261 344 117
449 646 8
46 593 18
88 629 13
183 330 8
70 492 205
543 629 13
47 194 2
110 429 18
361 449 16
89 443 14
302 449 14
79 626 4
269 633 129
518 568 10
146 480 12
563 628 19
623 644 10
119 538 17
252 293 2
83 252 11
278 379 3
148 258 5
295 633 2
45 571 137
213 533 10
331 565 4
8 514 3
116 201 9
39 312 1
437 619 122
199 298 16
170 296 11
496 563 6
92 360 145
27 572 15
366 592 96
137 619 20
331 364 193
10 20 13
61 323 84
105 525 10
188 593 139
204 370 11
234 397 6
239 417 51
0 113 18
122 413 12
472 546 48
74 496 188
171 432 10
500 531 18
326 422 41
242 408 2
36 640 16
132 156 14
68 608 9
66 80 11
330 514 19
507 544 29
246 540 10
284 487 19
157 161 14
23 311 16
79 290 156
54 373 6
278 625 18
320 463 7
12 487 87
138 443 19
444 605 31
84 597 8
54 589 11
76 585 9
207 377 11
85 642 13
372 584 10
380 574 67
355 569 6
245 327 14
120 253 11
278 512 7
230 488 20
46 433 7
286 623 14
148 545 15
326 382 6
252 316 9
138 356 6
206 466 5
250 407 2
117 197 65
159 315 12
24 483 399
144 405 3
76 227 12
310 552 36
105 601 18
253 556 16
425 441 15
75 156 2
566 610 18
470 515 16
44 443 15
165 460 8
163 536 8
479 552 13
196 197 20
302 361 3
219 538 17
439 511 19
93 135 12
431 503 7
364 455 11
211 291 19
157 448 168
270 528 14
184 328 13
261 434 166
498 608 3
162 505 8
276 446 13
295 594 15
37 446 1
164 174 7
228 308 9
286 545 14
88 491 132
114 375 152
7 316 15
575 587 1
291 349 8
200 429 1
69 577 2
164 379 18
93 178 9
368 429 1
21 197 5
202 380 9
407 536 12
268 487 16
261 451 8
514 572 15
152 342 1
336 355 1
32 205 11
85 317 15
312 613 16
50 592 14
26 587 30
252 498 137
277 549 77
303 497 4
89 456 18
13 460 6
488 544 10
31 113 5
274 375 1
19 462 12
20 509 16
37 461 16
29 129 2
221 575 143
141 517 111
44 507 4
105 389 16
59 199 1
471 641 6
281 586 1
88 236 17
223 475 2
227 385 2
480 507 18
145 516 10
420 640 7
185 392 6
80 524 15
1 352 15
203 254 20
145 323 11
60 458 13
48 117 4
135 239 18
503 511 20
555 565 7
51 420 4
200 499 5
8 93 21
109 246 3
195 212 8
183 456 10
240 251 8
190 527 57
69 344 2
32 178 95
105 434 3
60 541 1
480 544 12
147 411 11
252 479 17
162 624 11
120 513 8
391 423 5
53 411 17
455 628 13
139 186 1
220 270 17
493 592 2
182 558 20
361 575 2
109 418 1
548 594 6
155 518 11
375 471 20
304 356 15
480 555 12
16 96 172
74 610 7
482 620 8
33 378 6
48 57 7
65 537 14
77 243 20
533 534 283
89 196 472
54 274 1
418 498 4
52 452 19
60 276 19
331 441 8
219 459 11
155 308 9
3 474 4
53 328 156
315 373 7
87 167 14
284 339 14
203 313 113
183 470 1
188 266 4
228 271 17
145 227 46
526 537 625
180 192 9
182 280 9
214 466 38
274 641 14
283 314 181
87 580 16
331 384 9
73 449 14
408 572 183
162 633 12
98 321 5
393 427 13
8 211 13
117 167 498
287 469 8
291 294 19
481 634 7
329 631 6
150 491 3
81 282 3
168 303 104
9 223 15
404 440 8
32 98 18
137 278 9
243 401 520
452 470 10
274 280 5
13 619 14
513 577 6
271 346 20
104 256 53
34 635 11
108 352 1
55 240 16
345 566 16
156 451 4
358 451 7
295 436 3
213 290 19
237 290 44
24 271 10
14 469 1
135 645 19
13 80 6
147 250 4
352 574 20
19 502 12
196 565 1
51 79 7
13 127 98
108 456 199
303 531 26
123 640 3
282 360 8
217 495 16
412 555 8
277 576 4
266 346 5
36 388 995
6 96 18
257 331 3
143 484 12
12 69 9
103 523 1
228 517 87
196 637 13
14 553 14
85 326 20
161 557 2
120 373 3
372 446 16
210 290 5
118 581 7
421 584 1
555 571 146
243 623 120
84 160 7
199 373 2
35 437 9
299 310 89
164 610 15
32 411 15
14 39 18
77 123 16
32 309 15
268 403 14
287 472 5
49 261 9
414 497 20
53 553 16
45 501 6
30 392 18
232 467 18
304 465 1
