583 4339 3
17 491 8
24 381 19
288 569 12
44 108 2
2 509 5
164 341 11
18 492 17
63 244 13
342 473 8
150 456 788
18 121 168
0 489 4
344 561 26
225 425 12
273 322 11
215 284 1
468 489 58
0 396 6
22 343 19
292 396 10
107 167 16
212 421 3
326 335 11
237 421 165
46 472 129
444 497 1
6 513 11
299 500 18
45 393 10
35 492 8
2 508 106
505 546 15
339 563 17
0 388 3
272 532 10
6 219 20
166 489 13
4 404 7
351 480 15
308 579 10
184 529 4
39 573 3
17 217 4
308 528 1
257 455 735
64 239 129
374 411 46
382 422 73
104 562 90
77 183 11
108 578 36
44 386 17
149 292 84
266 487 4
272 512 5
136 195 2
117 341 198
116 494 4
355 379 11
41 299 62
149 361 18
225 422 10
477 506 13
281 485 9
221 372 20
110 318 130
383 442 17
10 469 121
65 452 236
23 281 3
271 496 143
89 183 14
156 417 4
0 215 5
278 463 85
158 410 13
48 364 14
570 578 1
359 507 13
289 487 17
241 575 20
155 262 122
46 204 8
170 188 14
322 410 47
88 545 13
42 82 153
11 44 11
85 298 16
149 167 18
23 222 19
95 173 5
89 476 9
110 446 115
400 487 947
279 319 136
304 363 10
140 382 13
159 349 2
183 496 11
410 464 4
410 568 19
34 57 15
15 157 5
136 153 16
237 345 10
241 482 20
56 134 6
62 268 17
288 426 12
162 497 13
181 278 160
129 547 1
240 264 60
145 572 7
36 162 16
180 266 16
174 372 86
46 361 78
60 82 200
256 563 19
474 503 17
309 403 11
111 508 20
77 234 11
363 474 6
128 561 8
19 104 10
321 580 20
425 455 259
160 224 115
3 366 16
62 64 17
262 485 9
1 387 12
112 254 14
408 427 18
353 373 660
147 417 8
298 420 17
45 68 9
154 427 15
56 208 85
12 561 13
219 503 14
342 404 13
151 399 10
230 525 9
274 456 37
220 365 31
37 516 18
401 403 14
284 478 13
330 568 18
505 544 20
134 547 10
46 133 6
480 582 19
50 488 13
115 207 11
314 341 1
19 472 9
117 237 7
127 351 169
360 484 471
282 287 17
251 577 12
226 265 20
153 551 134
57 497 5
118 259 6
115 255 331
99 102 9
160 388 8
153 185 9
11 194 9
69 286 8
413 525 25
372 375 11
163 537 16
365 483 17
165 180 9
131 158 3
258 387 11
8 29 15
246 307 165
403 458 17
70 236 13
472 479 115
167 401 20
337 396 12
24 204 16
35 191 33
20 181 8
217 493 155
30 334 192
14 96 9
260 374 145
48 60 19
118 176 5
69 468 19
366 434 19
11 385 17
61 470 149
357 392 14
308 389 19
179 386 61
255 273 10
420 577 54
51 377 62
203 211 51
129 153 10
256 321 17
40 238 4
75 397 4
177 235 7
134 540 1
90 462 141
144 528 13
431 500 13
96 305 6
34 268 8
101 138 4
2 498 19
65 511 19
109 428 6
132 291 14
165 471 18
191 574 20
212 376 5
493 540 1
188 464 3
41 224 20
29 113 19
234 510 8
201 539 4
123 428 4
210 237 1
75 266 17
294 396 7
118 336 18
396 580 1
347 565 11
115 357 2
58 356 146
257 273 20
322 397 18
165 254 107
121 419 17
199 324 8
458 497 10
513 520 2
454 527 1
251 380 15
285 420 15
238 330 16
162 280 10
299 421 2
371 441 4
424 570 5
234 539 9
133 153 1
289 427 63
182 204 20
234 541 18
174 289 16
123 314 15
285 577 12
163 197 20
60 77 19
353 497 100
62 239 14
91 446 2
304 311 5
197 207 6
248 544 5
238 414 11
97 467 15
34 387 17
221 376 2
252 557 7
52 330 10
244 265 154
70 444 6
40 103 77
153 231 4
235 357 16
59 183 5
373 496 11
511 535 20
158 253 6
256 487 15
62 456 17
125 463 12
282 323 8
105 127 18
247 333 3
250 273 1
73 552 144
381 449 243
203 278 10
353 402 12
48 67 6
532 555 19
71 287 1
475 513 13
242 316 11
342 379 19
77 213 9
235 423 7
202 488 128
250 353 1
214 451 127
382 459 1
275 311 6
114 188 14
197 574 3
20 468 5
59 129 11
71 162 115
48 338 8
441 442 5
92 403 14
342 561 17
149 257 6
288 346 14
56 391 17
94 492 17
343 533 19
104 573 1
344 366 12
380 401 20
354 516 426
220 440 12
108 454 132
103 191 15
343 396 152
173 574 1
476 581 16
344 567 9
147 331 19
372 473 181
203 242 20
109 110 9
45 568 17
92 401 110
73 434 6
64 455 2
34 108 12
361 524 15
340 397 6
339 364 6
95 195 5
239 268 15
138 221 148
103 481 3
25 508 5
44 458 14
361 430 19
237 476 4
414 452 278
6 294 75
92 281 108
92 333 10
492 526 18
177 396 5
101 561 841
44 509 14
108 403 7
86 167 16
386 487 15
309 470 3
82 551 3
238 266 829
221 456 1
244 535 65
144 409 16
255 474 63
65 537 13
272 567 15
64 418 393
188 569 11
12 182 11
232 421 20
105 269 193
382 433 5
547 549 2
108 444 11
309 509 2
113 497 19
11 463 9
95 213 38
272 574 19
50 395 7
50 510 19
348 573 8
513 558 56
158 166 14
460 529 1
480 522 1
124 237 6
384 578 17
60 457 19
104 254 2
106 201 20
460 523 5
59 86 12
167 561 10
129 561 19
137 432 116
229 434 5
15 413 16
483 541 20
124 128 2
57 358 14
56 564 1
203 579 1
157 462 11
219 370 43
247 417 12
455 505 19
108 416 19
54 407 14
401 497 4
165 549 13
282 447 4
144 174 11
455 459 158
83 426 6
461 489 17
202 560 107
57 92 6
94 145 20
107 352 12
224 419 4
15 72 19
233 461 3
114 504 11
68 291 193
125 464 20
358 401 11
247 289 9
223 437 763
266 286 9
104 374 154
265 555 164
265 284 12
441 573 25
102 165 14
174 430 17
392 400 12
33 475 20
360 459 13
46 482 4
34 577 5
37 324 12
237 424 7
80 490 3
97 356 1
416 577 20
35 51 7
15 253 7
39 455 14
57 458 76
168 349 564
87 362 13
88 551 4
138 425 3
169 334 12
282 425 6
272 473 101
96 191 154
131 194 31
80 132 156
61 279 19
95 528 854
19 537 13
30 199 3
409 461 4
70 77 14
129 389 3
191 487 4
396 487 69
6 564 14
131 395 6
536 559 5
241 375 128
240 321 2
308 501 11
205 213 17
209 548 180
151 172 19
47 260 17
304 316 6
574 580 2
497 530 4
134 497 105
1 277 7
481 562 23
34 316 7
31 518 4
189 534 2
94 147 8
315 463 9
172 552 8
434 543 19
121 268 3
303 559 20
243 393 19
192 394 58
43 295 15
181 469 124
154 532 3
44 580 10
303 454 20
105 545 16
145 529 7
364 461 352
116 236 19
437 462 20
162 279 11
173 250 11
157 277 2
103 405 2
26 250 133
303 390 70
76 189 26
411 549 5
133 399 2
331 391 10
156 448 128
255 513 13
289 483 7
316 505 16
359 512 10
77 539 11
44 403 79
289 355 3
233 494 18
77 560 2
194 239 14
213 226 2
56 558 20
15 298 147
94 322 13
28 489 40
229 254 2
12 409 60
198 289 4
165 508 11
82 515 992
163 299 255
251 464 4
167 349 320
279 498 4
92 538 6
21 429 2
273 551 106
387 510 20
244 289 11
2 85 15
13 80 14
262 353 10
42 479 14
8 218 1
318 513 12
348 356 16
148 286 18
296 456 6
14 154 19
41 384 57
71 418 5
65 140 10
134 508 18
125 316 12
220 355 4
247 406 86
173 189 18
141 200 13
0 181 180
62 517 16
48 370 8
25 35 15
107 196 9
316 555 3
35 483 2
59 369 134
288 476 15
165 240 3
39 374 11
481 516 7
246 512 8
184 247 17
135 485 16
15 527 8
367 410 12
361 376 4
343 553 67
80 115 5
34 44 3
73 482 868
304 504 88
372 578 15
195 386 10
151 152 3
36 123 175
38 241 15
65 232 10
75 305 131
114 327 20
11 59 4
16 566 10
402 581 16
65 191 1
316 564 4
145 277 6
79 151 13
282 521 1
202 501 4
162 309 4
166 498 17
55 235 8
92 458 16
35 306 3
316 330 16
173 546 15
559 571 9
126 191 3
139 441 94
374 577 5
79 117 7
94 573 3
184 345 11
327 494 169
141 512 15
197 454 7
498 515 16
140 276 14
61 64 14
7 272 75
1 184 15
354 505 4
57 484 102
83 431 9
151 500 9
178 412 16
424 462 2
281 388 6
381 510 1
317 488 16
200 230 9
338 492 22
73 577 190
86 544 12
83 357 94
269 537 17
237 544 9
315 574 70
172 185 175
424 539 17
1 148 20
76 468 14
274 512 11
116 229 15
110 397 4
247 345 10
220 483 15
184 418 43
289 364 4
40 44 9
14 99 18
216 355 8
297 358 6
103 375 12
89 157 6
16 406 5
162 417 11
378 403 19
83 445 9
324 414 17
537 578 20
94 462 16
131 215 14
188 528 10
124 351 15
59 64 9
543 556 169
220 287 17
215 364 1
512 568 93
7 474 85
113 546 12
123 164 19
188 575 286
91 375 112
92 390 7
367 427 19
518 540 16
250 337 12
568 579 870
10 266 2
283 423 18
170 540 17
68 537 59
114 495 1
60 234 670
59 455 10
537 559 15
243 278 18
125 355 1
57 559 3
0 299 11
34 415 15
293 336 5
146 408 18
234 372 17
44 497 8
140 512 145
295 551 4
194 573 4
204 295 12
361 568 11
126 435 18
403 558 15
148 514 2
488 575 10
37 155 3
140 358 2
214 438 10
26 58 13
193 459 11
73 289 8
2 354 4
316 331 12
343 467 10
367 455 18
217 445 18
125 453 14
415 528 170
190 406 10
251 468 11
46 64 14
314 426 14
194 582 78
437 546 8
3 354 10
178 488 5
179 273 18
408 540 13
38 220 63
253 410 17
253 461 4
64 173 8
161 169 7
423 575 20
263 332 620
280 401 11
102 555 192
5 374 14
456 544 14
298 401 5
11 193 19
106 491 3
213 444 4
55 236 749
38 48 70
253 311 13
5 58 15
37 145 17
106 457 13
24 569 15
257 375 7
1 137 3
358 454 8
326 352 13
108 497 1
117 400 9
215 474 14
239 522 3
204 277 17
371 418 19
127 248 8
543 578 16
117 317 6
61 365 20
442 561 15
177 357 11
31 402 15
282 555 159
15 129 3
121 536 13
171 453 57
80 348 8
333 402 2
365 467 10
32 185 4
324 491 9
337 388 9
293 488 15
78 152 2
129 456 84
471 563 18
412 527 9
207 522 4
493 582 10
191 413 14
253 343 74
453 504 5
22 395 19
9 470 19
242 388 11
391 545 18
11 222 105
142 297 10
254 500 7
122 210 14
198 342 6
77 512 16
339 448 9
265 482 9
361 415 19
12 129 132
374 530 101
261 495 16
86 343 10
333 360 16
112 228 136
434 467 11
66 229 11
296 298 15
86 91 12
26 248 7
125 265 8
244 555 20
266 453 767
144 236 156
9 368 198
140 441 107
48 354 6
296 361 13
111 331 1
356 394 199
127 204 37
457 513 114
309 344 1
301 451 20
86 494 19
370 569 187
189 283 11
495 511 5
22 390 54
447 554 12
173 528 9
234 504 18
216 372 16
161 314 14
59 239 20
405 548 255
360 554 14
226 577 1
194 383 12
101 279 20
34 500 11
107 438 1
509 551 11
223 411 6
273 420 15
47 77 8
410 536 1
509 513 2
387 551 20
62 488 19
253 405 21
488 567 3
109 374 18
285 433 17
276 370 16
12 253 1
37 241 13
239 322 42
167 356 2
122 414 18
26 226 14
140 273 4
22 289 1
177 581 440
6 40 3
127 236 6
178 519 20
7 174 906
49 507 7
257 464 13
159 356 8
52 536 16
170 510 8
11 62 1
54 539 10
101 426 3
267 378 5
391 577 17
351 393 11
160 559 10
222 340 11
183 536 9
358 430 15
146 234 4
243 263 19
75 484 15
103 318 4
353 375 84
380 511 17
112 248 72
78 227 14
134 165 20
263 549 10
115 312 16
185 438 270
87 101 1
30 179 15
231 288 6
183 287 20
124 253 14
310 332 8
562 567 12
17 55 6
268 455 166
259 378 14
62 86 194
225 342 17
107 244 5
134 216 4
158 453 15
139 172 92
42 102 2
355 483 2
157 525 135
5 422 4
435 563 15
92 355 13
207 265 14
360 377 14
321 457 11
21 47 16
225 563 2
352 395 51
3 70 167
11 498 1
51 166 182
57 444 22
439 515 224
437 451 7
69 215 17
61 185 8
409 503 9
227 528 20
100 165 16
293 548 2
151 162 17
63 346 16
243 283 19
243 322 111
120 347 104
189 519 1
30 62 20
249 321 19
32 53 11
182 529 7
133 234 68
419 471 5
171 493 10
150 577 55
270 303 20
104 522 1
279 511 143
329 504 3
184 237 47
398 497 18
132 420 81
105 567 7
330 331 18
183 504 13
204 456 3
12 168 164
393 582 20
205 497 2
147 434 18
269 337 1
59 167 20
213 306 16
304 317 26
169 480 18
104 335 5
348 551 150
237 358 5
379 399 11
234 396 519
332 513 477
269 306 13
290 494 13
58 497 53
174 521 44
396 434 15
143 148 19
182 332 13
47 60 19
61 379 6
101 132 3
189 449 18
56 165 6
173 400 2
492 554 13
431 485 12
341 423 9
151 204 11
384 439 19
105 395 22
168 573 5
30 230 5
295 511 152
104 164 7
163 276 162
311 439 19
39 194 5
250 266 11
241 367 8
291 413 18
444 528 9
62 573 13
232 394 155
262 423 13
289 473 16
96 330 18
253 394 6
214 381 4
410 497 9
4 435 6
361 371 7
50 410 1
92 135 43
152 469 519
190 361 10
419 438 6
140 320 8
112 188 178
117 434 9
0 353 685
24 472 14
265 365 7
56 216 20
135 185 20
134 201 8
96 461 15
7 312 9
201 331 19
213 241 259
122 262 7
297 427 15
240 575 7
361 466 13
50 465 12
290 421 36
219 282 12
410 559 3
80 258 13
141 480 12
360 457 17
253 305 156
349 569 13
146 162 2
194 268 115
154 374 14
390 531 17
473 569 141
12 232 9
300 461 16
328 427 11
183 539 5
508 547 52
127 454 20
7 269 131
274 462 137
181 421 11
265 572 149
169 396 19
114 215 6
389 485 66
60 183 94
15 248 12
396 486 13
154 430 17
232 556 232
314 348 14
182 312 12
134 582 19
15 153 9
188 566 12
370 432 8
251 439 1
403 572 7
28 65 17
131 135 20
443 527 13
305 399 19
321 473 16
51 283 2
202 404 183
318 325 58
213 547 12
145 182 3
216 333 12
15 133 8
80 395 3
511 564 163
143 159 19
94 380 4
295 406 1
63 316 3
289 512 8
221 247 15
255 380 6
7 347 54
126 195 15
264 291 20
130 446 19
47 82 7
145 532 2
504 539 733
227 400 93
29 563 15
172 255 18
257 383 140
79 464 104
228 361 98
22 498 17
143 348 293
37 70 4
171 566 14
155 178 18
98 245 15
300 328 76
436 516 19
55 316 14
209 403 14
179 294 16
245 434 8
95 575 2
134 526 1
198 337 20
349 408 12
104 115 181
33 500 15
50 348 18
144 165 15
385 411 16
387 530 4
146 168 194
315 326 10
82 539 11
379 518 14
545 552 84
204 236 13
109 247 12
37 169 10
85 88 6
7 567 13
177 413 125
436 509 19
60 539 932
145 293 142
278 298 8
252 387 120
34 497 13
112 137 5
196 270 34
142 477 18
13 441 17
409 558 10
446 505 1
49 411 156
114 184 8
1 472 20
361 535 17
289 290 20
395 562 79
347 395 9
459 550 74
418 576 19
224 473 17
95 529 5
99 437 492
53 494 16
71 102 9
464 559 114
7 432 537
408 525 10
347 562 11
189 208 18
135 277 53
230 353 19
78 180 3
276 482 8
83 293 127
189 227 3
49 107 16
57 267 2
176 498 18
173 317 8
174 337 8
378 519 11
84 579 8
46 551 17
76 118 19
452 478 18
125 244 19
17 59 8
246 256 120
162 408 7
8 150 12
284 318 1
86 165 10
118 165 4
220 356 1
153 204 12
168 490 3
455 458 4
126 330 8
122 171 108
473 483 13
259 347 1
71 266 28
88 133 3
18 377 192
25 373 17
97 459 9
123 515 8
244 365 559
89 383 13
263 472 140
82 504 7
13 408 178
48 320 1
15 41 4
190 374 124
253 280 9
417 476 6
233 292 198
80 567 12
180 515 13
269 418 19
47 70 15
187 218 20
389 494 11
3 492 1
9 141 1
54 336 274
229 330 12
98 334 3
247 306 137
330 547 13
313 476 10
124 305 16
421 468 11
181 238 13
405 537 131
243 456 13
10 34 15
331 474 18
296 554 6
248 405 105
78 298 12
195 434 3
9 426 4
95 116 10
93 218 13
129 435 9
173 195 3
235 362 4
369 491 11
561 577 9
77 211 15
37 204 3
13 120 118
157 169 14
33 476 17
228 395 10
234 330 16
327 515 1
287 302 4
81 144 3
244 554 4
165 418 125
174 228 9
128 305 16
44 500 10
259 401 105
134 300 15
374 541 14
143 161 224
493 497 6
63 381 6
165 544 3
93 307 106
110 479 176
73 500 13
82 123 8
28 169 673
275 417 3
488 538 5
129 225 18
467 549 20
98 483 15
188 547 18
285 500 88
238 434 13
196 356 5
226 482 5
367 462 7
41 48 14
104 530 1
194 280 4
25 337 192
115 345 15
140 216 7
25 43 16
30 402 847
150 177 18
16 341 18
93 175 14
341 494 1
134 400 17
277 439 5
401 503 7
342 459 57
411 484 12
413 557 75
335 370 25
549 551 9
146 386 10
365 521 5
214 536 70
168 225 10
71 433 8
197 362 7
147 420 15
406 418 10
169 545 13
66 435 82
112 581 16
482 500 608
415 510 6
323 366 109
255 442 15
206 330 6
26 320 13
47 317 19
105 565 7
180 224 10
119 246 16
308 562 6
200 274 13
266 554 20
56 582 11
259 511 138
110 146 12
147 216 9
234 502 13
382 466 8
179 183 20
308 576 11
44 226 1
251 311 133
152 159 15
264 497 6
125 289 3
316 577 2
268 336 8
113 381 9
59 144 13
298 551 15
27 322 7
7 105 17
238 505 17
30 464 9
104 275 2
210 314 11
165 234 17
257 276 8
42 423 18
103 475 9
87 501 4
367 575 75
9 378 4
307 496 10
415 442 2
269 567 1
202 555 3
93 138 84
27 108 12
305 490 15
223 498 6
174 388 14
146 389 14
7 284 239
485 524 1
130 168 17
133 202 4
133 330 17
125 511 20
280 494 397
321 581 5
145 513 5
48 203 5
277 462 10
382 404 18
530 573 16
242 462 14
147 370 14
117 558 11
338 400 480
222 362 66
198 231 11
142 190 18
4 27 4
193 348 2
93 352 17
364 446 18
258 394 15
127 193 14
385 468 20
76 98 19
77 343 11
129 133 4
315 485 15
46 88 18
63 125 1
9 134 10
34 444 5
162 413 15
309 472 16
423 451 13
519 527 139
303 376 31
7 331 154
265 355 13
57 401 11
359 559 8
158 460 15
191 514 27
413 499 19
28 354 145
13 442 11
99 275 172
212 384 8
467 550 12
175 399 19
497 560 5
399 547 19
279 280 15
13 271 9
368 415 15
361 387 2
274 404 97
287 499 11
279 375 19
60 70 8
6 374 13
294 507 5
86 117 10
407 424 4
348 447 70
173 321 173
224 579 190
47 234 20
45 267 48
88 574 13
85 544 13
59 62 20
198 372 14
291 501 5
88 129 7
160 326 10
354 378 159
52 251 183
1 328 15
279 408 5
565 570 17
469 568 14
343 544 18
355 555 37
38 163 4
330 423 7
244 390 17
149 256 7
510 542 9
358 574 19
20 429 19
267 446 1
401 513 1
384 462 12
51 307 112
38 308 19
89 548 14
124 409 10
128 485 18
315 403 10
110 510 6
192 352 17
363 412 14
110 347 7
129 214 15
77 461 8
354 469 20
60 327 14
318 349 19
39 59 8
539 562 2
167 209 11
49 301 391
0 196 6
75 111 5
58 263 6
77 82 7
188 224 16
162 314 20
417 539 6
158 395 26
223 502 53
35 432 3
293 325 6
394 546 2
189 550 7
109 277 1
30 359 116
277 531 8
50 463 14
279 510 9
174 528 17
90 572 7
20 159 1
253 463 13
47 504 19
264 400 19
267 444 17
100 444 19
23 418 5
309 438 1
85 153 6
187 332 8
259 501 19
86 144 16
320 364 11
104 455 4
76 312 17
290 299 137
111 507 11
184 328 7
486 557 745
273 528 21
147 243 917
192 376 6
340 581 17
316 365 1
183 273 15
247 480 498
198 569 17
28 460 184
46 54 17
32 474 6
265 441 18
279 339 9
149 396 6
65 264 95
227 369 2
26 514 3
47 74 360
3 337 12
80 174 10
146 506 9
114 324 20
279 413 18
392 499 7
238 286 7
64 573 9
253 569 18
144 375 55
110 436 8
153 397 12
105 228 15
63 304 20
43 421 93
342 442 11
138 457 124
461 544 12
228 272 69
34 169 3
121 128 14
366 477 276
192 500 7
6 255 7
349 552 2
89 237 4
145 495 19
68 102 13
61 67 15
162 510 8
201 482 9
104 194 11
230 302 17
237 247 152
158 224 4
157 198 2
493 576 2
269 350 3
321 427 17
416 480 2
44 364 3
117 225 18
150 335 18
313 341 10
34 93 17
7 417 3
108 401 19
175 471 58
96 499 19
12 59 1
64 439 12
200 369 16
141 292 2
78 322 3
210 228 11
70 349 5
341 461 11
195 503 17
184 208 169
116 359 15
28 366 14
58 154 7
472 480 5
87 521 5
194 374 20
106 182 15
337 569 15
70 373 12
309 402 11
18 504 14
397 517 11
91 432 163
147 325 20
72 444 10
133 204 1
147 461 7
425 485 4
189 508 168
451 575 4
202 428 58
420 442 12
11 104 4
332 491 4
262 515 15
356 400 9
73 420 10
280 540 9
32 97 420
251 527 20
184 291 18
31 390 28
87 513 8
14 60 13
383 448 4
167 342 2
144 350 8
117 156 17
225 415 20
10 277 20
488 519 3
131 382 125
295 397 13
101 135 16
393 550 6
8 514 942
534 553 5
316 481 17
183 535 10
248 374 9
232 409 2
177 185 194
105 501 1
12 161 9
511 574 8
261 394 122
285 316 10
336 500 5
161 509 1
13 162 17
139 251 5
43 52 3
267 362 18
15 295 175
406 482 16
151 202 17
423 450 153
177 193 14
88 287 16
60 559 11
151 323 162
33 540 15
73 372 5
96 294 16
204 406 19
119 303 186
1 124 1
289 328 11
294 385 2
2 321 183
349 458 2
282 518 13
167 435 2
337 378 9
315 413 550
92 514 12
156 530 144
195 270 98
164 417 15
64 530 4
221 305 18
332 528 20
44 550 139
89 386 8
523 524 2
215 297 12
52 121 7
255 384 5
95 433 111
220 555 14
127 230 20
13 347 13
50 371 15
73 93 147
75 438 4
63 422 9
121 372 33
304 331 13
383 457 18
29 473 2
70 417 15
344 442 2
14 337 20
317 451 6
188 557 20
99 229 11
228 370 13
62 194 4
80 551 16
537 564 3
172 485 20
144 305 1
98 185 19
28 73 6
47 541 10
78 384 3
24 526 19
265 392 7
230 520 9
9 467 14
55 137 15
77 249 15
117 423 11
179 375 9
50 295 3
138 183 11
271 286 179
211 438 7
408 440 178
45 348 18
12 355 5
184 426 14
152 182 2
178 189 18
172 575 185
52 215 20
123 206 12
95 118 17
33 397 62
19 171 10
316 483 20
11 530 137
213 581 11
367 536 16
352 422 9
70 504 19
53 85 6
55 565 60
44 57 16
161 436 13
232 253 15
136 139 60
57 403 9
228 322 11
164 353 8
75 294 15
85 451 110
226 500 19
0 15 571
289 555 2
99 302 2
228 574 191
3 286 3
59 530 677
44 443 20
247 313 15
104 219 19
165 467 94
39 530 17
80 177 79
132 531 151
60 255 81
98 406 13
427 503 8
309 530 15
483 555 8
213 440 5
218 317 15
24 295 89
36 494 5
341 529 16
43 305 22
528 529 16
31 94 71
316 353 6
297 416 10
144 461 20
75 110 615
349 383 10
409 553 10
245 332 19
341 479 10
46 415 170
234 426 20
80 331 18
144 494 7
420 482 2
115 336 3
146 266 2
132 456 16
329 456 3
61 307 16
483 543 13
259 429 80
69 289 11
172 434 13
242 392 142
267 317 19
462 495 1
75 198 7
363 518 5
261 500 3
433 580 12
304 483 548
46 219 13
203 282 12
88 297 19
121 462 18
468 549 119
110 525 12
65 116 6
12 342 20
239 405 64
86 305 12
7 228 18
165 409 15
101 297 150
105 471 15
239 521 147
386 535 185
242 446 12
287 518 3
377 494 6
82 172 10
169 303 17
161 316 155
169 315 122
22 195 5
90 206 74
264 502 19
146 380 36
374 455 10
346 569 83
132 306 14
6 439 19
131 159 157
134 159 19
44 177 6
330 554 11
40 416 4
252 282 5
222 500 19
8 303 5
288 582 11
223 287 12
40 351 6
47 539 12
23 117 17
469 570 3
64 374 118
334 452 3
231 393 158
201 476 2
74 358 9
298 479 9
122 242 15
32 519 3
81 239 15
315 530 5
155 521 18
255 443 6
19 517 2
67 467 20
322 563 8
200 382 157
188 322 119
140 541 9
159 571 8
139 324 12
435 442 13
35 178 5
36 340 9
121 326 14
43 401 14
97 270 147
111 564 5
35 368 8
77 165 10
124 184 13
93 521 17
207 312 1
115 452 19
239 530 10
253 335 2
102 247 11
80 272 3
306 374 20
38 538 51
39 514 10
56 568 74
22 364 177
100 156 16
55 269 2
165 253 5
129 204 1
66 170 7
252 347 6
234 316 12
26 44 11
198 473 1
391 561 3
82 367 5
216 547 14
289 315 5
168 343 95
92 182 5
412 490 11
274 534 731
213 487 5
87 191 7
194 297 14
1 247 15
294 350 2
12 503 3
160 280 8
36 349 87
248 471 80
129 167 10
224 263 10
35 76 3
36 540 11
109 440 4
278 550 15
249 483 20
251 516 9
142 428 11
14 328 34
92 244 10
127 547 13
94 283 11
366 485 12
11 64 10
8 469 12
24 227 19
462 492 13
463 535 20
76 187 47
405 462 1
72 120 6
279 336 15
68 477 20
77 424 2
228 315 6
487 492 4
301 424 131
208 430 163
446 502 12
5 183 138
216 389 17
384 513 12
214 459 15
266 516 134
156 330 1
170 338 8
60 417 169
64 322 20
126 494 7
11 39 18
499 540 10
517 568 75
12 442 10
156 312 17
133 298 19
72 252 18
389 490 9
330 448 181
127 406 13
91 358 192
128 442 15
12 128 20
85 560 13
129 298 11
293 461 17
108 562 34
3 65 17
248 401 196
418 481 3
108 325 17
26 137 65
58 444 19
64 268 14
100 253 9
46 129 5
177 305 100
25 273 3
228 289 42
421 470 20
455 530 13
296 345 3
328 486 5
77 215 62
66 275 15
416 485 6
23 470 2
267 490 57
6 33 17
147 301 94
127 151 4
13 405 15
319 419 2
314 519 435
352 359 13
131 249 13
0 539 10
243 421 169
302 471 16
160 400 2
39 104 7
44 410 9
334 558 12
295 520 2
113 433 11
149 265 13
360 414 1
138 552 11
82 194 30
91 356 5
26 194 6
428 453 126
138 144 72
289 503 6
77 124 98
168 253 7
47 510 44
153 557 14
362 508 14
253 409 12
499 552 16
102 172 10
124 343 12
319 323 11
71 327 3
162 540 16
50 175 13
197 378 77
92 511 1
117 120 4
185 460 17
124 334 1
46 310 5
174 574 13
176 318 16
231 345 2
7 13 19
455 464 17
216 331 8
214 540 12
164 573 15
250 279 14
401 519 18
424 504 17
31 328 17
145 236 18
63 483 19
124 461 20
296 400 11
220 304 14
19 284 78
72 567 19
136 282 5
222 572 120
210 498 19
54 437 16
7 509 419
443 526 7
232 258 4
140 467 9
332 442 6
101 146 19
118 155 20
200 438 20
485 541 1
191 236 16
355 570 2
98 222 12
206 528 88
458 528 8
60 175 14
181 212 170
423 490 6
180 443 15
333 437 3
252 461 19
7 255 2
311 567 4
100 393 16
104 119 1
244 483 162
153 306 6
125 313 99
447 448 13
135 327 191
76 453 199
395 567 988
96 403 19
157 276 19
128 287 20
336 545 17
237 491 668
320 473 16
120 165 4
35 490 13
374 472 8
2 298 12
380 567 11
258 271 321
538 553 18
13 565 13
216 299 16
44 401 11
75 396 18
501 556 9
187 353 15
228 340 4
40 269 7
292 543 15
223 307 15
194 242 10
44 374 13
356 508 15
133 178 4
188 466 4
35 62 9
266 312 158
426 518 19
208 309 842
229 347 4
280 342 15
377 408 17
149 413 3
501 520 197
162 288 2
103 459 7
0 544 16
102 539 8
407 560 13
175 486 78
55 196 2
108 230 9
204 383 9
276 381 18
320 493 195
399 565 14
121 231 175
434 438 7
230 512 113
212 409 10
284 569 3
160 423 20
63 486 135
294 529 12
127 501 15
165 331 20
259 426 11
29 142 9
292 487 129
6 540 2
410 576 54
285 564 18
121 459 15
73 403 6
287 389 11
250 272 4
304 365 11
351 490 3
128 298 1
435 561 2
235 521 1
192 409 196
479 559 13
187 245 92
197 215 4
98 105 17
207 566 16
175 233 15
291 494 62
145 204 69
232 357 8
403 556 10
131 537 4
152 393 11
496 544 14
183 234 17
256 456 10
37 551 13
85 337 12
59 198 164
66 552 7
325 439 6
124 402 16
141 374 13
70 572 2
132 240 15
104 446 19
168 503 8
324 437 188
136 550 1
13 329 14
163 320 10
30 103 14
238 475 16
292 334 10
118 216 17
80 269 5
357 390 11
178 475 390
20 526 3
39 532 6
125 572 15
298 459 4
235 534 1
190 253 14
43 539 11
2 201 9
129 221 19
122 519 11
478 503 16
446 462 2
237 255 11
175 194 17
277 548 11
66 373 7
129 385 20
233 516 174
359 555 5
324 372 185
273 319 14
27 530 16
55 253 16
167 332 18
19 404 5
108 553 10
382 581 11
507 555 15
391 392 12
117 575 95
308 329 7
13 363 2
271 370 5
365 391 17
23 274 5
345 360 20
211 304 1
264 516 12
5 278 13
324 427 16
13 36 13
464 479 8
153 449 17
55 204 12
35 488 15
165 316 8
112 375 6
142 175 18
228 337 7
86 344 11
308 414 25
120 218 12
40 550 6
3 76 559
64 194 18
416 478 159
214 482 10
68 434 8
57 305 8
10 85 20
221 574 17
328 564 3
237 473 10
114 252 15
400 561 171
412 478 3
156 278 194
341 575 28
53 261 13
36 279 13
67 345 30
407 433 812
76 327 15
15 131 84
79 513 23
97 301 13
179 257 10
13 567 11
11 573 15
272 557 13
500 577 20
103 376 148
44 488 5
12 74 1
219 434 188
29 187 18
126 387 12
423 488 339
61 283 2
349 549 7
4 167 12
265 460 10
131 277 9
345 570 19
478 535 16
421 505 12
332 561 1
55 225 13
45 488 362
137 417 12
251 512 117
87 90 20
11 455 12
47 424 13
254 457 10
55 442 12
11 82 102
118 476 12
323 543 8
235 475 22
344 375 9
168 320 2
121 564 6
13 392 13
258 511 20
95 515 15
41 550 11
415 425 15
73 221 7
99 366 4
316 500 9
439 538 78
77 253 19
13 562 6
136 210 3
380 429 66
105 391 15
181 530 54
133 297 12
218 243 11
146 148 16
113 543 159
70 140 3
63 355 12
166 267 12
338 351 1
157 422 16
336 571 102
20 309 27
70 328 90
393 397 151
143 241 334
254 364 15
215 528 5
334 501 4
27 105 19
12 435 13
109 544 15
50 447 11
372 512 8
97 405 11
440 505 17
274 472 1
73 460 14
49 364 91
184 299 17
174 268 63
333 531 15
8 227 3
424 577 8
479 515 10
269 557 6
27 448 10
286 370 88
80 472 15
239 580 24
279 312 17
45 349 142
165 461 99
138 168 7
462 503 15
56 394 55
342 353 8
80 341 15
232 554 6
388 466 13
340 462 17
90 534 2
100 477 177
183 383 12
317 442 15
349 520 16
43 581 17
135 182 4
84 100 357
279 436 13
377 429 1
158 524 7
255 511 18
67 152 120
15 37 10
318 530 3
261 346 15
170 535 12
289 316 1
522 551 14
77 128 77
48 400 8
27 363 2
183 257 96
35 121 15
208 532 13
38 182 7
198 574 7
89 179 10
303 461 5
219 490 20
88 204 19
6 555 3
14 344 9
64 488 95
118 409 12
469 508 6
204 547 15
228 347 117
191 302 2
224 228 2
314 455 2
7 110 56
123 374 18
107 514 172
403 527 10
285 320 19
95 306 20
294 560 2
47 85 16
260 302 8
366 513 23
71 111 8
365 404 67
415 420 8
404 528 105
390 494 13
272 401 10
87 186 20
443 507 3
371 404 10
73 337 10
336 560 18
269 565 14
372 412 19
118 184 18
77 431 6
182 418 2
308 449 16
111 216 14
93 293 18
205 229 155
60 239 20
184 478 5
518 549 16
237 246 11
373 415 13
92 131 19
39 453 4
171 223 17
200 342 13
417 541 141
55 61 18
458 570 12
117 576 163
46 165 2
205 339 8
395 483 6
298 352 138
250 349 6
140 483 18
411 558 8
234 564 1
341 488 13
187 421 20
257 284 17
399 406 2
37 88 15
62 325 8
59 561 12
64 425 3
562 565 35
159 336 19
234 550 15
85 348 6
40 104 16
69 471 12
285 447 14
34 92 12
2 480 12
516 579 81
384 550 5
310 435 65
38 442 18
390 402 15
253 490 19
230 581 42
4 223 15
124 328 14
289 368 15
1 289 2
420 500 16
12 332 11
141 435 7
506 518 18
178 289 9
88 377 20
65 418 2
284 331 18
183 249 2
98 323 14
10 239 19
111 354 12
384 419 4
213 244 170
332 568 7
77 193 4
175 240 5
268 374 5
118 280 6
562 574 1
128 159 3
220 563 662
52 123 17
66 247 19
24 35 149
104 490 12
162 284 5
361 495 145
84 136 1
135 545 5
365 450 11
81 226 20
511 554 18
238 427 118
196 288 4
188 197 230
228 565 8
35 140 10
92 444 2
112 491 11
126 487 5
36 580 10
185 283 20
253 295 15
256 266 12
395 548 5
62 417 187
131 326 3
56 477 8
230 282 156
415 545 18
189 487 11
223 509 2
202 547 20
44 444 3
10 446 151
388 571 117
23 450 17
86 561 6
63 555 9
0 470 17
239 430 3
325 457 263
343 536 4
412 441 186
135 355 17
496 569 16
83 262 20
206 522 2
263 299 10
34 401 83
139 384 8
36 408 19
41 212 8
194 530 17
293 544 15
8 38 19
232 367 9
266 338 95
202 449 1
282 544 9
56 331 10
284 385 20
228 473 139
328 363 112
150 231 16
237 289 19
37 46 10
261 555 73
226 337 15
90 455 1
399 519 13
136 518 75
234 518 17
272 378 35
103 144 17
91 580 140
111 134 7
424 551 67
188 541 2
274 540 1
17 219 6
88 298 2
44 203 22
349 380 157
134 439 5
84 562 5
225 355 3
209 459 2
177 308 12
321 336 11
75 269 7
61 126 2
91 175 180
234 494 20
555 577 156
514 529 15
44 476 2
220 316 15
135 220 15
143 286 20
395 497 10
272 436 186
6 129 13
205 427 16
207 497 12
55 457 2
59 332 19
27 109 2
286 416 8
221 282 18
152 501 17
485 512 9
229 498 194
109 307 4
165 480 9
387 569 19
429 467 11
290 304 8
234 386 18
81 88 20
382 471 12
372 574 19
130 358 11
205 245 16
317 573 11
88 240 11
249 444 17
332 435 14
80 565 6
211 220 18
20 254 4
59 194 158
5 357 4
233 427 1
143 217 20
110 480 2
244 304 12
24 215 14
30 32 2
184 346 154
335 503 17
40 429 77
366 572 25
502 545 16
206 552 15
153 447 106
90 509 13
420 451 177
232 268 13
46 263 19
133 522 13
95 419 10
139 162 13
364 544 15
380 424 37
77 417 17
27 112 20
9 302 15
68 322 20
132 254 16
45 478 3
315 513 9
448 573 20
88 442 10
93 373 181
76 413 8
199 276 6
117 406 16
245 482 19
324 421 4
109 288 14
250 425 5
78 422 4
40 79 13
52 508 106
204 208 140
13 395 14
245 444 150
198 221 7
302 507 9
275 452 4
3 547 16
292 337 18
36 125 3
124 399 11
339 446 31
185 554 421
282 319 12
78 490 12
339 428 153
413 429 10
274 350 128
206 282 16
100 513 11
317 503 7
253 575 5
563 581 15
113 187 21
132 244 7
73 174 50
89 109 4
140 365 2
471 562 3
182 236 84
96 207 3
60 410 15
30 250 18
219 317 4
59 445 17
269 395 12
34 360 19
81 441 11
12 335 3
96 458 15
272 347 18
413 420 12
217 409 7
114 421 5
257 540 17
316 478 5
401 444 127
7 239 1
78 489 12
52 96 11
101 372 17
0 91 20
303 384 18
341 466 17
46 505 18
305 440 18
31 414 11
353 517 421
178 278 2
113 529 18
14 294 17
77 305 10
57 108 12
9 471 7
1 345 10
158 178 237
173 251 6
104 239 18
34 73 17
80 228 18
5 401 20
5 174 140
87 426 196
74 299 4
34 420 36
100 443 9
46 353 10
31 135 13
13 351 2
201 334 3
22 181 16
64 72 19
369 456 12
243 259 90
48 448 3
289 337 15
55 577 3
151 549 28
218 517 4
528 536 5
265 483 1
455 521 9
146 530 16
384 448 12
1 515 6
102 180 15
505 507 18
34 458 3
157 265 1
301 356 6
133 157 19
73 226 3
375 383 302
167 515 15
280 349 3
276 547 842
142 223 409
219 258 18
69 222 17
127 186 5
135 507 10
18 572 1
14 304 18
295 425 7
200 373 133
37 272 20
470 498 10
141 261 2
55 260 18
71 573 16
216 264 626
47 463 3
111 377 1
12 104 13
41 463 89
286 317 3
0 37 20
165 287 16
46 298 17
134 147 9
403 444 1
49 514 7
321 341 230
7 521 6
328 582 10
337 409 11
86 169 10
229 562 19
124 144 18
55 107 6
18 395 12
405 418 190
265 289 13
14 179 14
175 216 16
365 555 2
245 439 1
151 270 11
181 300 1
270 378 4
342 435 50
156 427 18
86 96 723
220 398 7
145 355 13
401 458 11
190 417 72
453 540 14
374 573 3
17 468 11
26 350 17
317 575 12
159 582 19
225 377 18
153 262 9
175 178 3
146 428 5
189 352 172
174 569 10
126 478 13
378 538 16
221 501 15
82 466 9
125 304 19
12 61 1
282 541 88
489 512 1
241 334 10
152 306 3
212 525 2
267 271 7
393 423 70
341 451 10
2 34 5
16 179 69
111 183 19
250 259 12
220 582 376
0 157 10
150 407 7
6 93 6
420 542 11
153 442 10
16 424 2
129 295 5
20 505 194
321 577 20
268 399 3
9 303 13
230 498 13
5 447 2
233 453 8
358 476 9
44 491 20
134 353 2
295 471 3
299 385 18
297 432 15
33 542 18
140 496 1
272 425 98
108 118 164
221 289 5
227 420 18
203 316 14
98 464 20
21 79 6
469 475 11
56 240 17
44 394 3
269 272 78
406 520 5
10 350 5
60 372 7
16 400 4
62 515 14
247 372 2
166 518 9
398 435 7
307 342 9
228 569 11
117 192 6
128 253 18
449 562 79
106 437 12
47 417 6
400 438 4
47 508 18
12 195 67
37 529 30
382 512 2
210 216 4
291 323 230
229 364 14
149 353 3
430 498 16
108 190 4
45 259 4
207 506 7
4 397 2
119 500 88
172 197 308
205 410 7
513 578 85
130 514 4
211 547 20
183 534 7
380 559 3
337 574 4
341 453 10
232 525 1
275 391 171
254 573 7
247 427 10
11 374 17
127 506 17
60 260 15
405 515 7
91 210 14
269 530 20
125 211 5
43 479 10
305 461 18
109 319 12
141 543 234
313 431 5
56 330 6
37 298 177
134 172 4
187 559 3
96 379 12
103 249 93
73 285 12
19 215 150
28 420 19
59 573 3
22 131 9
180 233 3
202 549 511
128 129 19
111 300 5
118 471 210
36 512 17
332 342 6
81 294 158
244 316 4
49 410 133
97 328 16
14 474 1
376 381 5
104 168 356
30 171 5
84 294 14
145 464 20
62 208 182
474 498 17
291 541 9
361 409 6
171 239 187
263 500 13
255 465 12
332 412 19
426 463 5
183 275 4
515 520 4
105 404 4
79 139 19
91 450 10
96 342 74
241 555 12
212 402 194
211 288 13
374 515 3
92 472 184
86 394 16
49 150 11
420 474 6
31 336 11
127 202 5
17 122 1
39 118 157
216 564 15
183 424 11
16 476 12
156 425 20
133 487 17
110 574 11
29 200 17
215 240 4
53 187 1
185 292 1
56 560 2
83 180 11
13 568 5
129 342 10
168 448 10
169 398 192
131 182 10
56 316 9
202 239 105
269 294 25
41 511 9
134 206 4
289 345 4
287 505 6
247 359 99
354 467 154
70 234 30
239 401 4
110 123 3
106 373 1
126 269 6
162 250 13
228 372 2
46 535 142
55 527 14
11 450 19
169 479 5
328 450 126
166 402 1
219 310 166
56 205 18
404 564 17
454 540 116
101 271 19
128 144 72
334 435 4
155 258 13
121 204 5
107 329 2
163 189 11
170 523 15
372 524 3
86 128 4
210 523 1
272 363 94
210 331 13
362 470 17
424 528 5
328 345 8
141 332 143
80 562 10
327 496 19
119 200 3
23 278 16
75 85 15
12 229 20
160 355 30
92 543 2
174 547 15
164 191 3
105 327 165
115 266 19
235 348 10
577 578 1
308 577 16
372 426 13
313 512 10
26 412 3
114 553 4
87 358 14
29 396 8
395 452 16
434 524 189
317 512 185
119 523 126
124 548 20
162 388 10
86 435 4
15 313 14
416 453 10
310 574 15
403 497 15
41 362 113
177 467 1
364 563 3
37 66 101
258 451 10
35 118 1
15 85 6
401 480 146
102 398 178
234 547 18
131 434 3
118 547 3
475 485 6
61 193 5
36 430 59
47 251 9
79 476 15
104 232 8
198 267 17
55 484 19
504 543 122
345 427 16
128 435 136
85 479 5
357 402 13
29 324 10
124 544 72
36 280 13
298 302 9
229 433 19
17 45 15
257 557 15
59 435 11
358 365 9
75 331 17
177 369 13
70 82 163
132 146 4
58 204 16
464 518 19
188 190 20
135 204 2
12 490 164
289 569 896
34 513 20
168 192 2
154 291 15
400 462 14
92 236 4
144 384 8
62 574 16
83 279 14
96 144 6
62 164 130
98 374 10
46 406 6
526 570 528
311 538 17
143 504 12
124 427 181
43 47 8
59 104 13
346 432 17
37 538 77
160 377 17
52 270 16
204 549 12
329 524 18
274 409 12
51 374 11
206 558 52
121 177 9
173 319 7
220 289 2
148 565 5
98 500 19
91 225 19
99 132 6
244 512 13
200 263 19
32 522 7
173 529 5
523 535 72
274 431 2
39 179 875
234 417 3
127 379 8
341 577 18
11 268 18
201 353 139
59 439 11
47 183 162
298 411 14
194 455 14
343 476 13
223 430 19
189 319 18
154 432 15
417 424 6
48 213 45
327 505 7
178 401 16
377 486 17
245 520 12
382 556 4
461 580 102
96 253 16
395 565 6
543 553 17
88 182 9
4 142 13
59 120 3
314 316 17
271 382 30
46 329 5
214 274 629
201 581 16
232 335 7
390 441 19
150 563 9
362 482 2
246 344 10
353 429 7
128 343 17
244 355 11
336 340 178
111 268 2
117 321 13
103 210 14
13 540 10
2 329 3
206 371 18
184 427 193
307 513 6
370 490 11
191 268 2
86 332 20
29 261 47
257 291 19
171 324 15
268 328 20
335 409 1
226 285 10
234 358 4
85 253 8
12 86 11
60 504 9
118 211 18
388 518 18
284 364 20
219 409 15
287 316 28
104 253 19
336 473 16
24 291 19
108 175 12
447 530 17
243 531 8
478 483 149
290 434 7
278 515 106
455 573 14
158 179 13
34 226 18
12 291 1
395 513 8
332 565 7
491 554 8
448 506 17
42 223 83
299 512 2
23 467 105
28 482 2
102 184 10
373 493 1
457 511 3
153 190 3
173 341 10
12 277 14
316 537 114
88 460 10
526 577 18
476 555 11
293 404 177
172 321 23
43 342 17
182 355 8
472 552 133
131 145 7
478 579 7
260 408 79
67 388 9
323 339 5
511 534 14
8 408 13
401 572 17
82 183 2
132 346 17
234 308 17
72 258 11
162 349 8
239 455 2
157 249 8
139 402 17
75 297 13
15 357 12
165 330 2
244 328 16
164 519 4
528 556 621
300 308 10
60 358 16
69 237 145
139 571 16
148 441 18
19 506 382
89 196 20
300 503 4
113 343 10
101 301 4
84 329 1
76 493 627
259 296 8
268 361 16
151 465 172
131 236 1
303 555 137
136 534 89
238 513 85
9 538 14
284 294 92
342 386 19
168 409 32
164 193 3
240 579 4
153 235 119
242 444 61
295 432 72
62 474 18
13 195 9
70 383 15
301 339 19
210 316 9
113 120 162
442 540 7
89 120 22
24 551 1
105 347 120
116 357 12
385 548 18
317 334 15
3 25 8
144 343 8
267 341 54
181 411 8
43 84 11
100 158 16
247 473 24
88 153 13
198 494 174
164 367 15
42 312 153
96 231 13
47 440 10
86 409 1
178 372 18
86 113 32
35 139 7
166 190 10
73 569 11
92 497 8
203 224 52
365 382 8
280 408 183
321 483 14
472 567 15
75 377 15
358 512 1
240 251 15
217 415 10
304 503 10
165 564 11
224 310 19
10 463 3
268 356 1
84 131 160
347 567 4
172 179 17
244 413 12
49 545 39
520 564 16
439 461 11
135 324 14
476 483 119
218 351 3
345 437 101
167 489 4
332 569 17
133 295 18
379 432 61
322 564 1
268 573 3
221 473 13
40 565 11
17 484 156
132 193 12
300 531 71
117 216 8
82 234 640
273 375 3
355 511 5
66 500 45
89 273 2
330 564 758
250 408 14
195 530 20
423 424 55
13 406 16
37 295 13
138 450 13
125 196 8
439 532 11
163 275 1
170 199 17
500 516 146
187 358 19
187 316 13
83 369 17
248 488 195
259 462 4
173 190 8
406 549 17
431 513 2
282 356 12
76 447 78
184 503 8
184 366 13
305 311 17
439 541 16
315 435 14
259 265 922
138 484 8
337 372 179
318 373 979
134 558 11
83 287 9
298 561 11
111 475 76
8 353 10
133 406 14
259 301 8
6 167 10
292 453 13
58 269 14
113 125 3
421 469 15
397 407 19
470 516 86
402 464 6
316 547 122
59 235 14
177 433 3
128 234 166
269 330 19
243 450 14
371 457 6
302 404 2
76 528 20
307 559 5
189 459 18
92 277 7
61 293 11
150 566 9
369 418 203
190 564 666
389 556 3
7 16 15
138 417 132
100 420 18
77 144 15
63 526 6
158 182 5
0 293 88
82 424 786
42 308 164
341 528 29
182 413 16
145 242 9
299 376 9
146 445 14
65 130 189
137 193 171
104 503 2
86 386 19
45 193 8
117 488 12
151 547 20
300 432 79
73 216 12
285 307 17
31 285 13
49 323 18
152 204 12
547 564 9
106 304 10
234 523 17
207 562 14
379 565 189
127 260 17
157 367 20
346 358 14
297 519 6
272 562 19
125 477 10
200 403 15
238 450 32
92 168 14
230 485 8
188 313 8
551 566 7
180 302 14
282 334 15
198 228 15
162 503 7
199 271 17
267 335 200
97 550 95
206 484 10
179 351 16
204 540 15
201 313 12
41 532 2
320 420 2
518 553 17
40 56 8
357 518 271
60 338 15
278 579 3
204 399 9
282 465 20
232 567 8
8 26 293
130 496 18
265 481 987
133 151 107
176 272 19
295 491 123
62 530 15
280 413 105
187 548 16
318 491 7
289 574 13
257 422 9
39 342 17
255 359 14
314 508 10
157 201 6
76 316 14
404 466 13
131 355 7
64 536 6
453 496 8
114 320 886
39 470 3
59 268 20
356 465 19
177 544 8
258 444 11
59 272 8
117 565 15
92 425 7
76 533 18
284 304 9
243 504 2
153 437 825
162 440 6
415 534 9
39 64 137
128 167 18
129 160 5
103 158 14
276 513 8
22 202 19
96 128 4
81 249 15
233 471 7
246 414 186
93 133 1
17 339 10
343 461 18
160 339 3
27 222 16
156 559 7
227 472 180
115 283 980
86 518 6
171 195 20
234 424 7
124 345 90
395 468 122
288 297 186
302 446 4
67 430 96
231 295 6
305 567 16
427 564 135
189 440 14
82 516 6
289 365 9
126 148 11
260 318 12
6 122 106
168 445 14
36 213 13
466 484 12
258 416 7
204 298 30
19 32 13
181 520 6
85 532 2
5 452 13
77 504 767
232 520 28
561 568 15
63 220 2
39 478 157
305 551 8
306 501 20
353 382 19
312 368 4
97 493 118
372 569 196
305 451 9
134 234 119
257 508 4
188 280 10
24 177 6
376 566 16
157 508 20
364 382 9
57 96 20
14 243 19
50 574 1
35 519 8
251 571 18
304 555 10
202 399 20
319 481 140
216 463 106
149 260 8
80 546 4
181 252 26
91 508 9
212 234 20
355 365 301
316 334 2
186 521 3
187 533 10
3 488 9
293 464 46
254 262 4
337 473 18
162 423 169
567 568 19
15 307 17
232 490 3
77 272 6
474 540 98
26 515 13
62 374 12
81 542 14
104 268 2
368 469 13
287 452 114
403 521 19
215 531 18
184 289 2
452 576 6
125 220 19
123 408 10
334 508 6
180 387 17
231 326 47
37 112 5
13 349 108
342 500 15
134 335 8
179 482 15
379 489 8
299 464 16
154 568 15
184 303 11
9 523 11
191 478 3
119 167 7
19 334 141
243 547 1
427 556 18
88 111 9
12 167 12
201 312 11
36 92 13
504 522 19
334 459 11
234 349 38
239 341 2
520 527 8
226 464 2
26 106 8
189 504 5
435 457 18
94 571 13
120 313 10
75 325 60
64 248 20
134 577 141
216 285 16
165 248 9
110 182 9
259 295 3
155 360 6
376 474 1
135 567 3
132 356 5
139 554 4
359 564 6
294 531 20
442 565 16
195 255 2
62 455 3
234 298 7
273 383 3
406 547 14
482 577 5
258 520 17
399 431 118
88 185 13
161 549 16
304 400 10
461 487 7
470 486 9
115 565 1
50 449 9
514 560 4
165 305 199
219 232 17
434 559 16
204 527 5
233 367 14
91 148 19
256 479 53
273 394 7
331 525 5
86 337 16
250 269 16
59 225 4
18 62 138
247 328 6
53 360 4
342 510 71
113 174 3
70 190 14
12 383 672
141 493 19
288 512 14
205 458 5
255 478 34
17 28 6
21 150 13
99 361 57
94 535 13
115 388 6
87 356 12
295 473 9
11 239 3
102 290 6
14 141 5
345 530 17
100 175 17
127 399 6
13 230 6
357 464 16
46 186 1
128 332 15
502 549 4
12 219 12
55 274 7
375 489 200
250 287 5
253 503 13
89 257 13
343 438 16
126 259 8
59 285 1
202 204 19
387 444 52
195 513 18
239 573 3
502 506 17
149 419 7
466 514 9
306 443 6
8 457 7
208 246 5
330 508 11
181 553 18
162 329 19
59 442 17
267 575 2
304 484 70
149 351 16
43 538 747
196 261 68
32 262 4
82 182 874
353 484 6
291 483 9
391 393 3
116 503 17
336 582 4
165 396 2
477 529 10
114 487 19
234 508 9
210 578 113
134 330 9
19 88 18
180 356 5
412 574 16
545 558 5
385 442 12
281 451 12
215 492 4
33 132 16
133 549 14
150 387 9
231 328 18
129 332 11
154 344 12
441 486 98
241 364 76
375 550 32
92 556 46
137 175 5
164 326 6
304 428 16
408 474 18
209 248 9
50 509 9
250 506 184
237 321 7
96 165 14
462 575 20
86 253 13
143 430 14
294 314 9
34 482 6
226 420 11
46 451 20
236 509 16
330 476 9
215 326 8
116 480 3
221 358 10
141 400 17
323 582 11
100 561 19
176 335 1
193 322 10
440 482 20
117 267 7
94 139 191
129 479 7
515 535 16
330 424 10
50 253 18
67 126 12
280 429 2
29 262 17
1 427 15
137 301 1
250 490 16
286 580 489
1 233 19
228 447 1
299 329 2
89 390 5
267 423 2
60 562 4
299 414 16
306 440 7
367 368 7
414 573 12
87 350 4
198 554 13
377 462 17
126 196 19
98 446 12
272 395 17
237 427 8
41 297 17
73 430 17
89 354 11
347 412 4
325 366 4
96 124 16
3 541 177
50 168 5
399 549 12
192 373 2
221 337 6
211 573 4
53 433 16
260 556 19
166 538 6
290 430 3
128 165 132
27 407 7
77 86 33
274 276 15
54 60 4
51 441 5
187 371 4
43 195 13
276 549 18
35 568 106
71 148 77
65 95 17
223 248 20
114 559 11
17 448 13
331 508 15
163 222 122
127 549 20
268 530 19
131 459 14
82 425 14
215 513 16
32 554 20
35 163 10
409 490 13
238 477 12
370 431 18
329 355 14
220 265 17
85 129 11
335 548 16
204 551 2
202 444 20
459 482 2
189 305 11
24 360 15
514 546 114
72 223 195
43 205 12
89 375 16
305 362 107
550 567 12
77 495 7
55 306 17
147 392 46
237 328 12
86 129 14
298 441 2
34 504 17
13 269 19
416 543 200
190 199 15
14 381 10
31 357 13
295 467 4
65 192 10
64 104 297
187 534 2
76 132 15
249 298 4
367 489 18
281 540 486
37 129 11
167 442 300
59 128 13
3 388 23
93 446 4
487 550 351
17 156 20
172 247 5
402 446 7
263 511 4
361 505 20
16 520 19
149 484 6
115 176 10
279 540 5
285 533 168
203 327 13
145 373 13
1 356 8
36 338 126
80 575 4
368 560 19
247 569 13
164 488 8
364 428 14
14 530 16
402 518 11
10 35 78
310 492 4
162 446 175
253 324 19
56 382 15
128 342 193
193 317 4
402 442 17
218 421 147
31 198 14
136 151 15
316 420 9
394 441 2
497 531 165
34 285 90
164 178 4
174 432 8
61 267 14
190 440 7
110 136 9
221 369 8
31 338 9
219 335 18
176 341 3
337 543 14
190 484 16
105 272 20
369 449 2
323 330 16
44 189 3
274 500 10
111 337 1
105 211 7
1 303 20
32 122 3
311 487 20
246 294 8
82 417 9
35 164 9
129 307 19
104 120 16
98 441 14
269 347 1
34 263 19
80 347 15
225 345 15
253 315 5
187 288 5
178 580 14
338 494 7
37 419 54
20 99 965
312 451 6
226 346 7
10 549 5
44 266 19
262 374 18
47 434 196
184 542 1
56 234 16
303 322 16
183 417 371
31 476 11
184 461 196
62 299 17
333 522 153
74 423 4
43 168 16
59 342 19
211 324 19
481 537 7
26 381 645
148 390 7
41 300 19
308 535 6
55 150 69
507 515 9
36 515 13
60 424 20
345 558 1
196 219 16
165 216 15
227 446 29
120 497 184
199 382 19
323 504 8
45 128 20
178 255 12
107 235 8
7 89 4
226 316 51
91 140 12
278 571 2
342 430 12
317 341 18
456 490 17
280 323 87
189 354 15
52 286 180
21 66 2
95 463 7
50 406 2
356 523 45
129 517 14
327 474 4
245 530 17
5 237 10
327 556 18
365 422 1
205 559 18
417 457 17
451 488 2
68 476 10
454 469 18
25 55 33
164 486 156
241 563 4
222 355 12
356 434 5
114 557 13
312 399 3
289 304 5
12 204 8
15 551 1
103 115 3
151 462 10
71 512 89
304 341 133
327 542 14
13 105 14
490 503 20
201 335 13
127 133 16
203 431 140
15 165 20
248 534 12
273 434 5
282 476 5
236 548 19
102 166 6
277 368 62
26 37 159
31 205 3
394 439 98
277 304 9
174 473 22
427 565 11
134 189 11
124 247 1
257 578 162
497 561 4
239 374 1
304 446 12
80 116 10
115 118 2
232 427 9
386 493 16
347 417 10
8 52 10
231 487 143
162 409 12
373 432 18
59 564 15
464 487 6
30 128 4
264 428 14
370 393 1
24 129 5
124 289 16
32 487 46
365 548 5
63 365 14
57 266 20
43 492 7
67 390 9
389 548 352
108 129 18
47 218 20
47 492 10
60 543 112
136 493 1
21 40 15
189 297 17
36 427 14
214 568 7
247 574 19
211 365 12
24 394 6
471 550 5
12 328 2
278 492 16
15 47 3
194 318 3
211 359 12
557 564 424
394 459 9
74 128 10
420 425 6
150 579 113
83 497 10
405 517 31
71 113 10
221 228 16
501 514 17
163 266 9
7 565 6
292 354 160
388 538 13
105 303 157
343 378 109
94 375 132
471 491 4
173 497 15
262 293 4
370 438 52
156 223 20
397 415 1
262 326 4
164 363 13
183 245 182
50 564 18
69 129 18
130 170 3
252 306 20
95 399 2
263 516 9
81 232 4
344 407 6
128 497 11
39 268 176
131 204 12
42 413 12
152 277 14
166 269 9
36 247 119
380 485 17
237 372 15
208 224 5
163 348 4
152 456 18
183 375 14
264 374 198
267 290 7
39 62 11
132 513 15
481 577 17
409 544 12
20 435 9
12 135 2
195 329 20
419 574 28
33 58 11
232 503 17
21 73 20
194 505 4
53 283 14
130 409 17
488 542 13
118 162 114
