697 6085 4
171 241 4
221 259 1
273 559 2
107 301 2
104 589 18
338 348 160
443 518 163
429 630 175
77 273 12
234 603 5
82 152 162
66 402 7
270 301 2
60 169 16
157 554 9
325 610 14
324 540 147
33 531 9
102 394 17
121 137 11
404 656 114
385 686 18
128 558 2
263 595 19
211 637 16
167 695 6
105 150 2
167 578 3
260 398 41
316 463 14
456 614 178
284 552 18
516 619 19
10 106 4
59 532 9
286 490 16
447 542 12
260 535 17
436 540 15
288 383 18
39 525 4
261 653 10
55 431 2
97 434 4
73 74 16
521 550 965
181 649 4
151 401 19
256 556 155
157 286 16
474 669 136
65 489 17
288 690 15
221 481 17
291 473 8
176 600 19
166 191 646
431 615 18
270 510 12
95 373 132
294 569 13
188 572 14
79 324 200
532 570 1
387 540 7
90 216 12
530 552 14
379 521 191
526 580 10
168 539 10
231 313 4
152 569 5
474 508 9
487 532 10
188 231 19
138 139 12
166 469 3
265 267 16
105 496 2
492 582 12
119 678 6
338 509 7
40 665 14
59 600 55
80 355 10
221 267 5
284 619 12
19 565 17
202 569 11
97 571 6
40 423 174
8 392 7
363 680 120
242 244 5
96 647 16
50 489 167
233 261 13
530 567 12
465 677 3
164 692 19
252 463 5
297 328 9
64 600 17
653 669 8
4 274 8
198 422 2
69 144 132
126 372 12
48 472 16
35 135 2
61 91 160
111 236 8
371 393 198
10 255 11
468 560 18
327 390 4
103 267 1
105 487 17
177 200 9
593 615 63
5 247 10
474 632 4
318 536 9
474 601 2
94 493 130
195 208 15
70 391 13
532 557 660
188 381 7
219 644 5
136 331 6
78 189 152
171 236 14
508 615 13
300 523 14
111 199 13
407 552 15
144 394 13
301 440 19
269 302 964
368 414 11
52 543 10
179 327 9
390 632 18
442 497 7
586 609 18
299 380 8
312 375 3
104 230 13
61 652 9
35 273 67
33 109 50
317 438 5
128 674 18
19 24 15
306 421 7
628 636 3
77 287 2
289 444 11
158 389 10
112 502 121
365 366 17
241 618 4
274 684 6
222 696 516
205 615 15
232 408 35
147 610 3
95 242 4
672 692 9
294 385 7
443 524 125
245 634 11
281 577 6
18 21 14
528 681 7
376 645 13
6 490 3
121 615 18
124 481 26
429 534 4
107 589 148
112 576 11
425 483 465
136 596 256
612 681 1
74 205 6
159 564 3
279 322 17
252 390 6
233 364 10
420 637 15
224 274 198
270 639 1
401 635 11
22 610 15
9 302 1
115 467 80
423 540 15
271 587 4
440 686 1
34 178 16
70 692 19
49 280 63
377 668 15
194 498 14
38 592 7
104 583 4
113 497 3
86 153 8
214 535 4
232 301 3
510 636 2
287 388 3
336 630 9
125 128 136
2 218 37
81 169 101
202 534 161
22 290 12
301 630 18
399 693 2
167 178 11
134 285 14
18 189 18
28 659 4
4 527 1
262 627 18
224 343 4
206 553 3
389 680 2
230 276 18
186 371 15
609 626 8
422 613 20
114 368 9
220 590 17
329 437 114
636 668 1
220 441 49
65 458 191
227 370 4
147 644 9
8 316 20
5 235 20
16 392 1
52 210 180
77 375 13
344 679 3
227 629 4
286 368 23
145 670 7
361 671 4
401 410 17
33 519 188
220 232 16
371 614 9
149 563 159
202 338 14
83 104 13
451 516 111
289 334 732
325 361 199
223 461 151
64 330 161
102 153 14
21 693 13
306 522 15
571 675 6
80 152 16
301 335 12
180 696 2
232 588 20
510 547 474
506 683 2
244 527 12
310 367 20
431 653 102
202 561 4
210 386 7
442 639 71
154 663 11
136 630 8
256 539 40
120 363 12
162 447 13
133 619 5
206 658 104
198 640 15
289 346 69
257 678 4
0 4 11
300 624 19
88 600 3
341 639 15
354 641 7
78 436 15
144 535 10
74 221 116
310 580 163
246 602 6
168 512 16
83 508 15
183 489 3
322 341 42
71 266 94
578 601 32
633 681 1
514 531 7
24 550 14
392 508 39
357 415 5
324 620 4
203 229 54
245 299 55
141 267 17
398 592 20
18 434 366
629 680 1
281 370 20
247 577 19
128 662 10
428 521 19
108 360 20
106 217 6
70 565 117
63 385 14
27 270 3
233 300 5
365 665 14
232 365 14
28 413 3
297 510 6
212 436 9
475 534 2
156 446 18
226 664 14
278 503 7
105 195 15
348 378 17
194 368 19
63 537 17
309 675 8
118 457 17
226 570 18
279 299 15
298 448 7
469 531 307
354 487 11
390 656 10
368 557 15
433 485 977
479 656 33
116 341 3
17 562 6
97 524 4
157 248 16
41 465 9
163 671 76
510 564 14
169 623 49
143 526 12
411 644 125
163 558 149
6 332 14
1 53 603
70 506 6
341 691 289
90 176 19
490 552 163
120 508 14
74 497 7
249 343 16
481 619 2
537 692 4
392 642 16
9 496 163
117 298 176
29 398 14
371 590 8
0 636 6
334 686 164
287 508 20
76 182 3
230 524 19
238 354 52
47 663 19
126 407 123
131 630 182
334 397 10
664 680 85
188 437 19
40 580 1
243 380 8
416 592 19
116 124 155
386 460 4
398 406 168
24 353 116
142 653 18
62 375 3
109 435 10
3 119 16
116 652 1
25 592 8
396 443 7
75 213 2
378 610 13
253 590 7
350 623 4
253 301 1
390 639 5
368 656 10
382 602 18
155 319 9
300 652 6
354 679 4
141 521 164
154 577 18
32 325 2
366 566 17
307 486 2
39 410 166
327 352 27
429 582 3
442 623 20
85 188 2
9 80 11
147 255 11
294 442 12
521 576 20
129 522 184
53 290 14
373 617 17
196 627 14
481 485 2
239 314 116
251 461 89
40 647 92
28 69 62
219 332 7
76 457 4
187 231 3
462 548 16
119 304 19
268 296 36
132 322 6
365 590 3
9 612 2
44 464 14
234 574 20
566 672 11
145 355 154
206 327 6
44 631 12
175 602 854
219 370 11
65 194 1
145 339 185
15 434 384
206 650 182
377 457 15
233 459 94
168 264 19
258 554 177
234 650 154
218 549 17
429 511 9
559 595 13
305 587 5
360 378 4
380 499 27
641 678 14
49 598 15
146 395 20
628 668 139
142 669 17
122 320 18
244 641 7
228 400 19
406 446 11
39 134 113
122 603 11
14 376 18
302 639 5
113 365 35
204 580 11
5 27 14
304 445 17
305 489 3
401 437 15
383 544 13
288 463 47
8 559 353
175 472 3
128 544 15
330 489 8
404 633 12
360 692 8
30 304 1
260 669 14
27 114 6
200 261 86
244 409 19
115 232 162
117 309 14
393 394 5
76 185 3
188 431 18
201 265 95
309 509 194
91 261 1
603 670 14
349 673 7
35 109 13
82 535 159
27 349 47
256 662 10
207 366 17
161 552 6
75 426 150
177 475 178
210 573 20
16 169 9
157 567 8
188 571 1
56 85 4
112 411 17
411 527 5
461 476 12
74 99 17
366 590 111
27 341 31
570 693 13
304 306 2
33 558 162
375 615 73
392 559 2
464 683 16
613 643 12
607 666 17
100 550 16
372 683 8
39 563 15
104 348 19
75 261 89
84 186 11
36 295 15
70 585 11
13 337 18
313 436 175
424 519 3
67 376 17
144 215 13
374 512 46
498 570 6
270 536 9
10 141 17
26 643 11
32 314 20
169 308 11
117 532 18
214 411 1
636 669 12
183 274 146
29 388 134
221 358 98
344 435 9
122 494 9
57 457 14
645 667 89
184 379 16
503 522 1
254 615 13
291 528 6
275 519 11
602 648 7
298 593 14
24 195 16
234 452 124
90 644 13
233 373 14
317 366 17
76 450 138
326 695 18
112 346 8
396 675 10
291 379 7
412 441 11
28 351 44
302 540 53
339 427 177
263 440 17
50 423 12
43 397 666
141 673 5
175 418 8
201 494 119
43 333 20
192 618 10
103 470 4
112 511 18
43 393 78
40 244 1
128 143 15
293 556 18
493 578 15
60 452 8
35 77 605
61 100 2
601 612 14
11 158 4
220 402 17
518 543 13
318 668 12
265 381 124
602 608 7
82 221 6
359 671 11
15 139 159
314 379 81
73 583 18
16 388 6
341 589 4
48 259 573
282 374 10
489 600 140
235 669 960
442 661 9
40 321 4
107 478 18
73 234 10
89 190 13
158 430 187
450 457 7
324 409 3
11 333 16
561 693 16
58 542 191
451 472 11
64 461 3
551 588 13
106 109 46
226 655 10
259 405 9
572 594 19
194 665 13
133 656 18
122 588 12
536 636 62
182 205 13
30 32 11
366 641 10
210 661 5
444 686 761
311 674 1
449 524 14
304 495 12
316 689 2
27 54 12
259 401 168
386 565 151
154 278 20
187 462 3
57 424 4
395 584 174
385 460 10
481 509 99
347 464 4
48 615 3
178 490 20
443 543 11
288 409 15
384 633 184
388 654 11
218 397 17
8 308 3
141 224 2
80 157 24
14 300 13
532 596 6
406 563 15
275 312 4
554 612 2
554 593 9
14 561 18
72 273 12
158 267 192
182 393 12
247 317 6
421 596 17
353 357 14
95 508 9
221 661 9
52 307 460
115 385 9
292 686 20
440 514 10
52 373 18
44 343 3
42 578 4
110 480 7
33 333 198
39 431 12
123 647 1
398 513 9
75 600 3
361 489 13
282 688 14
428 690 10
267 282 7
256 385 17
147 320 7
189 332 6
1 629 13
45 100 14
264 621 5
425 472 9
42 418 3
4 446 9
89 509 5
312 528 148
408 430 104
76 546 7
1 331 19
35 114 8
234 636 112
286 646 11
297 429 11
40 690 160
349 514 14
570 654 1
299 648 15
345 611 15
493 691 510
18 488 5
339 670 3
437 642 13
178 231 83
388 509 20
348 615 72
208 450 13
168 381 13
60 296 12
270 657 7
1 487 18
44 398 436
84 256 2
465 567 17
299 605 14
339 397 13
267 523 7
271 676 3
239 312 19
318 554 19
383 563 4
300 471 9
468 603 19
270 488 15
184 337 15
425 660 95
145 184 1
94 649 17
42 221 16
56 602 17
477 648 27
182 497 6
4 340 1
2 430 9
55 627 19
43 530 8
332 431 18
499 619 1
70 178 14
298 541 2
121 610 25
363 591 36
205 632 4
96 250 13
253 416 3
91 561 18
116 645 111
261 284 9
196 568 56
233 533 14
459 669 10
36 284 9
144 451 15
462 517 7
190 202 7
207 258 6
353 577 9
37 471 17
259 306 7
114 410 9
6 105 20
261 418 13
535 636 8
34 628 7
95 635 14
649 658 8
384 510 11
159 569 10
226 457 2
159 304 8
38 74 7
36 383 17
162 517 13
324 656 8
312 316 501
173 390 20
419 518 8
144 691 10
211 559 11
161 403 19
296 635 17
164 350 19
224 564 16
318 525 10
190 556 17
96 179 2
100 669 1
576 633 16
241 261 3
178 379 11
80 669 15
42 302 9
364 374 20
102 280 2
8 347 4
230 475 110
442 641 19
553 566 20
622 658 10
145 526 15
272 548 18
343 522 14
315 689 159
64 124 14
317 371 11
64 407 19
153 238 42
38 242 188
184 410 15
297 413 19
17 310 859
328 470 18
70 322 6
124 350 18
101 616 15
561 694 193
511 526 11
42 341 17
348 425 18
338 613 132
546 664 16
226 317 10
568 635 14
369 425 3
41 210 14
211 439 15
151 631 120
416 600 28
133 524 1
17 525 7
192 196 20
67 318 20
243 248 20
330 476 179
324 489 75
75 529 3
229 415 54
539 696 12
17 245 17
253 570 16
400 486 8
351 434 84
134 509 10
108 408 20
297 655 18
107 690 16
203 413 2
357 562 11
50 291 5
540 620 18
122 137 10
306 530 15
66 139 91
556 579 3
498 586 8
574 636 14
147 503 20
12 120 12
656 658 15
143 653 13
19 196 175
148 301 6
364 611 42
120 688 13
140 329 14
116 505 9
492 675 13
666 677 19
124 417 7
373 681 4
115 516 13
327 624 4
29 262 10
266 348 87
100 636 9
75 199 1
156 198 85
161 663 252
182 339 9
538 694 19
11 134 158
135 141 10
400 517 6
49 271 8
109 561 14
216 400 4
232 487 13
577 653 19
71 330 9
34 171 19
428 484 9
179 452 8
12 16 8
265 662 18
111 391 8
399 434 3
670 675 20
492 566 8
255 476 15
122 476 20
294 443 39
221 422 10
215 630 10
423 695 18
272 457 8
53 569 8
568 569 8
332 575 5
516 545 13
156 427 3
368 583 18
281 387 12
59 190 11
15 587 7
72 453 6
123 513 2
221 397 66
425 567 16
214 305 87
521 660 12
20 177 4
307 582 20
316 385 150
332 648 15
112 371 14
138 314 15
100 418 1
94 363 12
547 668 3
343 375 15
15 98 9
255 610 142
376 683 16
197 676 33
143 682 20
390 531 49
332 353 13
196 559 4
65 354 10
399 458 17
289 696 5
543 612 20
227 310 4
383 537 2
411 690 12
147 269 10
354 434 3
202 667 6
178 316 11
19 583 15
497 673 4
348 526 8
0 74 13
278 599 3
490 527 1
427 540 3
266 461 87
385 435 38
525 535 133
170 375 20
377 494 2
110 210 59
63 92 155
627 657 7
72 673 6
478 555 20
223 579 84
77 482 7
116 533 17
333 578 2
157 206 58
299 550 14
260 631 3
134 641 12
134 299 17
102 238 5
79 319 15
122 668 20
236 534 7
447 462 16
201 679 41
403 497 8
273 674 16
452 534 89
19 297 50
354 495 20
209 504 13
40 672 8
199 203 113
221 690 728
2 250 3
277 407 20
524 689 15
287 484 6
43 687 103
30 139 19
242 484 19
179 499 2
148 358 168
264 542 11
294 576 23
200 632 2
420 574 119
135 666 14
102 546 8
83 643 2
221 584 145
518 689 3
242 393 167
508 694 184
381 452 538
421 540 19
84 480 16
185 615 590
291 622 7
2 58 820
406 479 4
144 306 10
73 146 20
460 542 5
317 451 4
145 501 14
340 401 20
235 555 14
219 227 10
352 597 10
202 604 20
12 468 4
130 170 368
107 331 20
337 601 3
430 607 809
491 660 9
69 179 18
457 526 27
369 507 46
471 490 43
199 604 70
238 458 104
335 468 18
256 597 15
171 502 16
36 603 192
110 659 10
39 547 90
569 586 13
185 444 4
22 580 4
22 544 4
596 679 4
232 482 175
132 463 10
366 438 5
126 625 3
190 446 156
152 605 6
433 668 175
341 614 7
142 152 7
110 489 15
106 683 76
100 668 13
302 467 10
23 197 15
471 587 14
15 60 19
198 596 9
107 474 18
243 419 90
215 401 5
348 416 1
29 50 13
70 300 10
131 224 19
371 443 2
158 171 9
406 525 8
454 547 1
433 612 16
501 610 7
183 414 11
35 618 121
341 510 20
183 554 20
465 658 16
171 527 15
60 493 17
227 540 193
134 671 3
455 590 4
81 114 219
102 642 5
170 682 17
221 360 12
259 523 4
441 513 6
6 18 195
154 458 156
250 676 9
226 666 15
247 253 8
50 516 59
382 596 17
456 532 14
137 581 4
143 192 10
105 404 715
264 372 14
15 332 7
55 487 8
363 445 14
150 385 8
126 335 2
24 211 6
171 341 5
318 636 23
585 689 65
218 407 15
317 347 12
89 200 20
244 540 10
497 633 16
432 640 15
291 373 18
107 406 13
167 403 15
160 569 3
519 675 9
59 448 9
84 600 5
58 169 19
235 565 8
319 370 1
111 482 15
78 509 6
237 664 127
235 322 99
139 460 37
14 311 7
336 399 74
434 626 166
148 568 8
171 280 191
450 565 128
185 287 4
145 498 17
65 579 182
345 446 20
155 569 6
101 606 12
659 674 2
70 539 211
318 459 16
212 637 9
30 434 5
138 206 18
441 447 14
55 149 8
173 436 19
94 356 17
276 379 2
2 215 20
4 171 6
42 248 2
155 338 11
140 212 122
499 559 3
37 637 16
368 457 189
140 146 12
0 666 5
58 252 10
257 685 9
107 530 11
174 581 2
59 341 18
121 667 199
187 674 12
261 512 2
543 673 11
5 214 1
442 483 172
397 518 12
422 466 12
3 161 10
481 518 16
25 291 388
184 659 9
310 460 18
153 207 17
148 462 12
112 393 2
165 399 19
440 527 9
323 525 14
268 340 12
464 620 180
39 683 16
317 588 2
347 564 4
155 520 10
180 334 13
179 215 6
118 300 9
503 642 6
369 485 1
23 624 14
91 630 65
264 577 74
438 567 19
20 290 112
7 611 428
120 231 9
446 471 199
16 256 8
301 547 17
58 451 274
176 408 1
319 494 4
329 620 17
163 515 15
145 440 15
82 287 23
285 665 14
602 664 16
68 344 9
89 400 6
335 394 12
255 395 11
564 694 5
91 571 2
516 631 6
146 238 175
219 602 11
170 405 13
80 142 18
318 599 15
488 649 123
290 548 11
243 269 529
59 426 55
398 588 100
240 647 3
16 574 131
440 610 161
241 356 18
86 195 24
17 108 95
494 662 9
21 462 15
166 549 6
22 50 17
132 534 8
73 316 20
11 201 974
243 583 6
218 444 2
266 647 15
30 202 11
301 358 134
451 646 4
290 554 9
468 537 1
195 477 1
178 335 3
246 342 9
106 131 6
444 529 9
541 691 28
130 403 152
437 500 17
411 531 175
365 575 3
300 556 9
506 634 19
122 138 11
171 202 3
316 641 20
75 672 776
122 367 18
271 606 11
323 438 2
131 690 14
237 655 16
482 516 10
12 143 1
186 533 339
125 528 1
274 425 17
154 228 18
202 335 13
159 265 84
236 286 148
7 378 15
52 507 8
128 619 16
83 95 19
541 543 7
337 511 5
355 664 7
212 332 12
308 397 8
424 450 16
49 52 2
274 280 17
112 524 7
113 334 18
311 341 3
282 355 13
152 261 4
552 634 10
264 560 7
9 486 3
619 646 11
515 685 105
108 533 5
279 663 14
109 518 3
337 429 6
218 671 7
670 691 13
148 582 7
481 581 5
616 677 2
261 432 17
636 653 19
219 348 31
6 238 5
616 649 10
204 629 4
80 274 113
460 480 3
96 386 3
144 185 4
20 551 85
454 545 9
135 204 13
402 413 11
570 688 195
411 514 14
78 479 2
376 560 6
114 555 102
388 585 15
524 585 14
2 184 143
146 175 2
235 446 16
63 661 138
418 677 12
351 512 4
412 572 7
92 476 124
310 370 10
195 419 7
454 512 61
13 550 4
423 646 8
629 647 3
71 453 11
356 416 1
270 680 8
264 650 16
16 83 18
27 301 17
433 528 15
176 664 17
319 647 9
202 565 16
30 497 8
381 608 1
232 691 14
107 191 14
150 551 18
551 669 13
68 420 2
91 152 4
96 255 60
626 658 17
190 440 13
297 341 11
410 577 13
248 523 8
36 164 34
301 510 18
337 624 3
63 455 19
141 547 809
146 192 12
310 478 15
322 521 20
405 569 44
241 475 19
404 441 14
38 427 16
120 571 15
95 553 17
68 162 12
86 592 2
6 265 156
233 508 15
95 666 14
254 419 8
58 186 15
238 415 8
79 568 6
66 200 7
214 427 191
464 465 13
57 305 10
551 592 14
155 289 10
384 678 1
220 319 16
146 371 6
100 628 4
633 644 11
10 154 115
305 327 16
8 123 12
581 649 12
109 530 20
246 563 192
68 512 8
106 141 17
188 242 12
450 562 6
247 650 17
167 490 4
231 526 8
49 198 14
5 50 917
318 538 48
486 679 6
526 684 53
61 197 10
11 641 8
202 644 18
175 322 15
121 420 8
180 644 18
499 540 13
171 274 2
73 347 3
558 661 11
142 475 19
46 254 2
29 296 9
89 296 12
151 467 167
41 442 25
315 591 20
20 423 20
325 397 7
598 648 12
183 426 14
303 361 13
235 655 17
524 609 17
66 316 20
423 499 12
339 373 96
447 463 14
93 590 20
63 618 11
193 219 37
146 410 18
455 490 17
42 619 158
530 568 10
45 420 10
414 523 20
527 639 13
243 399 10
381 399 16
60 257 97
374 528 67
279 507 12
448 593 9
369 604 11
209 319 18
493 568 11
585 660 12
179 432 49
105 608 14
103 241 11
154 366 10
461 490 29
20 588 15
122 675 2
70 133 129
437 460 12
169 469 8
263 596 5
139 148 45
204 286 22
78 244 13
506 656 12
406 432 17
199 332 21
334 396 20
294 452 17
117 394 16
190 561 3
207 404 15
168 664 516
134 655 3
309 610 11
474 532 55
172 231 17
99 631 14
101 422 1
564 570 3
301 318 19
274 496 5
319 357 9
362 571 11
236 497 18
36 109 62
5 102 137
49 454 7
364 679 9
72 674 15
195 423 1
235 259 50
129 539 14
46 169 5
57 123 9
96 661 7
70 291 3
68 203 29
249 541 7
169 427 19
167 283 10
161 310 7
555 609 1
16 389 6
330 569 8
559 674 17
270 438 11
102 449 3
14 542 1
297 382 19
334 604 7
18 153 7
35 324 6
98 466 74
297 644 6
60 92 167
78 227 2
440 478 2
141 424 13
437 492 12
207 288 14
226 450 19
462 622 4
88 571 17
28 70 9
56 167 155
50 324 118
448 599 7
6 113 19
5 452 942
503 647 7
316 516 4
255 683 39
137 241 5
315 685 12
385 532 15
422 608 12
585 642 17
423 578 1
613 651 4
274 577 15
47 345 31
47 560 17
234 301 182
357 465 15
250 661 3
22 108 14
51 151 42
73 664 5
118 439 8
20 399 13
51 400 5
553 593 9
111 612 16
0 236 19
89 478 5
445 548 19
437 602 10
223 630 1
165 491 192
38 228 3
231 392 8
173 241 8
231 462 18
457 634 113
543 546 8
404 497 88
319 445 11
22 125 9
159 612 2
259 373 2
281 443 1
100 632 8
268 609 18
80 551 67
398 579 4
176 592 11
288 681 57
263 266 7
471 651 17
66 520 170
100 354 15
456 536 17
75 221 95
10 52 16
170 629 3
315 462 8
75 399 4
552 609 19
523 635 46
18 634 5
14 392 171
360 387 12
311 401 4
79 85 17
150 534 12
37 79 11
143 146 192
130 632 7
528 652 7
270 691 6
143 370 3
140 161 61
93 371 137
17 243 527
180 519 4
95 269 4
531 690 3
8 35 19
101 354 5
158 586 9
110 142 39
88 489 19
232 249 55
215 278 9
668 669 10
92 664 16
21 463 1
294 658 2
208 323 192
346 673 5
22 334 16
16 173 51
199 626 160
9 473 6
54 479 14
136 321 1
83 594 139
37 480 20
233 560 3
598 655 3
156 571 9
448 663 19
110 565 17
298 527 13
123 680 4
37 565 83
216 674 18
223 355 15
21 68 4
300 373 15
105 531 2
202 291 13
220 562 13
388 674 1
259 440 18
301 668 2
194 199 20
129 656 15
59 508 125
192 538 10
410 457 20
259 481 2
210 647 178
442 477 6
62 249 13
118 673 8
366 570 896
31 120 17
222 402 10
364 464 3
185 256 14
185 662 16
282 597 168
77 248 18
307 654 124
99 524 18
308 557 11
34 476 4
13 102 2
0 158 4
210 529 11
140 696 11
381 397 71
111 318 17
650 693 2
12 354 169
190 335 68
463 688 9
98 625 11
153 443 3
332 373 14
433 533 11
239 313 14
87 406 11
122 250 18
4 159 4
161 676 4
296 358 9
456 691 89
265 668 3
213 259 4
333 513 11
36 650 2
159 583 12
218 618 18
31 124 197
252 421 184
153 582 131
158 280 10
377 518 2
178 427 15
294 510 6
69 237 5
148 479 15
531 658 5
648 654 14
314 404 20
333 663 2
7 314 5
477 507 8
46 167 16
264 289 166
608 638 149
50 646 6
45 314 8
278 652 8
20 354 9
239 616 7
372 537 12
562 676 3
133 232 133
79 201 4
311 359 10
372 589 98
167 382 7
247 494 11
523 676 2
343 681 5
640 679 1
326 503 18
529 633 6
219 341 5
202 427 6
396 595 4
614 653 9
277 502 10
4 341 17
36 516 3
321 359 1
95 291 5
597 667 4
315 316 16
105 125 144
158 177 13
48 248 20
633 669 13
70 385 9
59 206 101
66 167 13
125 500 719
596 615 5
368 646 163
429 616 10
517 646 16
370 571 32
93 175 48
4 49 19
154 438 13
541 589 16
68 261 8
119 427 11
132 299 20
315 641 1
90 245 13
488 495 138
628 669 186
297 620 19
315 521 11
264 546 16
61 405 6
287 597 7
154 632 8
495 535 161
69 601 8
259 450 7
176 607 2
50 619 2
250 437 8
150 314 710
174 680 146
181 692 8
267 539 2
451 540 4
218 299 20
306 660 145
100 198 12
327 616 1
71 265 16
211 449 11
50 451 198
244 365 19
158 341 5
103 329 2
127 158 9
217 420 5
258 477 5
410 511 20
367 486 8
316 688 6
81 620 2
241 642 11
186 609 9
267 340 1
515 621 2
440 531 11
121 322 8
410 675 16
316 341 14
178 385 17
76 113 4
172 627 77
57 651 4
180 482 161
406 512 40
476 594 19
169 468 10
151 435 35
620 692 191
359 521 20
14 162 898
87 541 11
526 553 3
606 631 1
4 78 9
90 127 14
103 401 19
291 339 20
237 283 7
234 269 185
69 186 1
66 550 4
368 421 10
309 663 20
519 564 29
165 627 8
244 259 5
19 337 12
145 228 55
303 608 8
324 560 223
63 593 4
70 83 8
549 659 5
358 431 6
444 519 18
383 601 10
441 578 2
380 530 3
342 646 50
214 556 10
531 627 4
426 468 13
438 645 19
71 404 18
357 599 8
95 597 18
546 605 8
217 326 10
57 226 15
198 327 1
243 580 17
98 356 1
242 381 19
339 526 47
229 252 81
416 537 7
288 331 7
156 263 14
28 558 10
242 442 176
397 457 19
408 481 18
187 672 50
462 588 13
80 512 17
275 304 19
242 540 15
333 465 11
134 635 15
272 554 7
79 120 4
234 270 15
258 574 19
332 532 106
397 613 79
316 427 58
108 399 10
329 380 4
126 517 10
170 489 18
68 255 160
182 491 16
22 460 5
113 186 2
50 591 20
288 444 17
57 565 8
253 366 5
162 592 3
482 570 184
121 128 12
75 519 18
403 693 840
524 581 20
529 531 10
571 649 15
355 656 20
125 224 8
338 428 6
21 183 17
93 192 117
68 234 13
103 443 13
244 399 3
417 432 7
52 639 12
29 393 13
5 499 189
272 323 11
115 559 12
273 453 397
1 348 9
95 486 10
357 438 3
87 492 10
17 423 14
324 375 8
73 339 19
491 642 4
449 455 2
187 447 1
231 289 8
308 680 7
200 387 4
156 324 13
78 381 9
127 486 89
140 559 8
342 394 13
20 289 15
289 675 16
526 670 20
151 621 18
106 139 20
395 405 11
143 152 10
313 687 12
50 472 16
345 691 14
155 580 2
213 408 16
558 656 1
39 441 7
282 521 19
471 690 17
399 553 13
412 667 20
301 455 11
475 674 3
23 160 6
152 384 3
277 454 114
141 675 7
284 414 2
369 584 15
58 192 18
241 417 121
325 370 7
437 458 7
116 217 19
129 444 10
269 431 13
3 216 17
111 359 1
326 413 11
181 656 14
586 602 4
401 667 8
381 456 18
404 566 6
408 474 3
238 656 144
305 565 20
61 518 923
188 540 15
96 388 6
532 618 14
140 143 3
283 341 5
301 305 15
342 547 20
475 487 3
331 359 8
22 596 20
39 368 144
245 358 14
55 417 5
78 673 7
230 453 5
235 514 18
90 96 17
277 524 5
371 475 7
26 469 11
110 613 4
40 520 8
398 425 16
179 570 20
197 232 12
156 597 4
143 410 18
207 269 16
78 258 10
451 489 18
530 538 19
503 532 1
314 455 20
166 404 16
43 416 64
645 691 757
210 612 12
362 617 1
39 536 2
0 280 74
147 488 11
73 100 1
323 331 199
153 664 8
67 169 22
365 506 3
350 629 5
85 255 94
285 645 11
6 646 10
506 566 108
562 575 14
166 451 10
116 492 14
321 424 13
113 556 9
434 633 2
221 281 5
76 635 19
196 397 192
275 560 1
365 369 7
29 42 100
142 633 19
341 445 99
100 397 18
233 571 41
480 565 12
340 397 6
226 468 1
110 468 12
4 158 8
528 688 16
459 503 14
42 481 5
91 546 12
301 344 20
354 365 417
299 531 2
56 670 2
205 674 18
179 660 4
334 401 15
314 472 2
40 431 161
121 145 20
480 583 17
1 213 18
8 231 15
46 405 3
443 508 18
25 667 7
477 597 6
340 391 113
177 512 20
420 452 10
134 332 20
539 610 10
377 477 186
332 477 311
66 421 16
95 475 145
498 687 3
285 383 14
51 461 17
156 235 167
5 451 140
584 629 2
645 680 86
626 666 3
69 660 9
129 263 50
621 668 11
323 404 13
57 351 19
306 583 135
38 528 14
40 294 10
445 509 156
108 565 10
45 593 16
270 651 83
111 119 8
145 397 16
378 448 11
112 609 15
369 382 18
314 555 5
211 361 500
198 220 5
301 558 4
335 509 3
313 546 7
362 536 7
242 431 59
90 336 78
51 511 18
56 117 6
316 402 3
156 190 19
312 340 1
522 673 4
380 606 16
157 587 198
104 196 18
87 235 101
645 659 5
233 434 9
10 11 7
622 637 115
119 208 6
92 357 13
242 289 157
48 263 15
102 516 8
224 356 19
111 632 161
369 570 3
175 617 19
360 499 305
443 447 9
39 589 6
65 497 149
102 301 11
186 568 7
156 385 15
267 639 10
327 589 16
504 616 13
499 673 12
213 479 13
130 672 100
220 474 19
163 216 15
270 669 16
99 594 13
459 510 200
30 59 459
329 355 16
37 225 140
32 528 426
166 561 6
155 314 8
362 494 18
153 683 14
35 262 8
1 126 288
317 590 15
473 555 1
154 174 13
337 696 67
251 592 197
235 548 3
291 588 17
16 278 42
385 659 16
423 433 5
24 657 12
557 645 10
41 574 1
336 507 15
178 225 2
158 659 11
220 430 15
242 436 126
484 492 10
507 533 9
412 658 18
280 527 81
354 696 6
254 640 9
316 355 140
443 474 13
305 501 8
2 252 6
140 581 19
390 694 3
260 287 6
61 94 13
581 664 14
7 466 4
158 219 14
8 586 15
356 682 13
365 438 12
670 695 2
249 333 432
133 620 11
309 478 328
193 643 56
63 601 38
438 624 19
408 657 12
70 316 7
57 213 81
82 402 3
337 586 2
196 647 4
167 475 1
468 509 89
29 518 325
146 499 88
578 676 10
12 605 10
9 49 25
161 584 114
232 407 9
45 285 147
393 643 4
173 219 63
341 585 110
335 572 5
301 591 4
379 650 19
66 619 10
218 269 170
55 283 1
98 229 1
244 262 8
164 258 17
231 316 3
21 433 17
193 241 8
28 687 20
22 364 16
233 542 2
410 673 15
5 549 1
355 652 6
225 421 16
293 382 4
318 628 2
345 371 13
176 576 13
239 535 5
131 619 18
70 359 2
89 286 127
103 275 3
309 505 15
179 229 14
424 578 124
257 295 15
339 440 65
457 666 189
118 185 17
354 614 41
348 398 123
510 645 14
174 462 16
262 282 7
1 162 154
280 341 19
357 394 124
197 581 5
147 482 19
392 533 8
156 417 1
95 119 12
252 524 11
31 325 392
200 279 16
7 440 8
78 540 12
111 150 4
556 646 10
289 582 7
68 131 15
212 557 16
13 207 19
174 601 143
491 644 7
118 693 18
250 574 32
99 501 2
65 230 5
603 648 15
34 273 9
324 472 2
389 639 5
476 675 3
142 437 17
111 605 12
114 650 15
57 149 4
16 441 13
72 194 103
502 615 10
277 392 16
5 505 15
64 160 19
141 235 17
75 415 17
234 669 5
136 344 6
560 689 3
500 655 39
186 655 18
435 617 9
250 587 3
23 513 171
30 90 7
234 547 16
23 106 13
602 693 17
251 363 10
498 499 5
122 227 4
255 584 12
308 604 12
157 174 18
34 463 686
223 364 40
147 526 9
358 391 34
62 483 3
99 103 9
74 273 100
267 541 2
50 414 9
72 559 15
156 202 7
254 532 11
85 466 11
469 541 14
54 162 40
20 36 182
120 317 16
191 629 14
15 285 193
391 656 16
180 257 82
303 374 5
417 632 1
429 568 5
192 328 15
111 349 10
223 371 110
457 467 10
117 519 2
202 494 9
100 459 2
216 234 40
202 677 18
541 635 20
105 296 13
349 423 18
4 388 142
108 186 17
28 625 2
94 165 8
111 498 210
591 601 123
117 211 17
373 655 12
169 440 4
5 619 9
211 613 12
150 427 11
183 550 4
140 263 2
96 251 14
577 625 152
440 609 14
226 590 1
209 444 67
23 335 168
61 308 9
73 127 14
6 434 7
382 495 16
178 371 108
306 489 10
563 627 180
349 404 15
190 316 14
332 612 16
335 577 20
586 651 650
139 360 1
121 478 299
66 163 11
202 576 10
298 652 2
202 438 11
168 323 13
134 505 1
147 531 10
553 664 15
489 619 20
59 257 140
275 655 10
341 524 16
414 476 7
443 666 4
81 515 17
342 540 4
150 202 144
13 338 12
26 37 69
88 253 17
529 631 8
118 368 113
97 260 16
36 521 13
51 139 82
345 640 12
283 509 3
85 540 34
412 570 13
397 670 17
472 506 797
125 660 16
595 612 2
518 576 19
8 166 6
184 670 15
289 690 8
92 290 7
13 240 6
129 534 9
450 610 15
79 112 19
435 662 12
341 443 18
489 516 506
132 690 10
288 622 7
368 379 16
46 283 1
124 394 1
204 449 705
134 254 7
197 284 19
40 540 3
97 167 174
207 490 2
97 274 14
18 38 9
29 498 10
171 346 191
259 569 7
292 375 12
259 521 187
407 691 6
130 204 10
80 162 128
154 253 19
54 671 66
245 276 16
8 619 9
470 570 337
455 677 7
163 530 9
296 549 17
11 438 99
337 688 3
316 585 16
456 656 11
88 105 2
319 664 4
5 236 19
70 256 373
565 687 18
201 316 4
328 508 15
161 437 14
429 485 4
73 446 16
314 390 19
51 494 17
450 686 13
8 355 13
268 382 2
14 187 181
414 665 2
415 519 11
181 320 16
143 311 15
259 612 23
324 499 13
468 627 14
160 354 11
447 450 13
8 75 99
395 531 3
2 630 14
80 351 7
144 622 15
299 613 20
261 330 20
352 371 54
175 528 2
534 589 2
9 339 4
434 653 2
13 175 7
0 274 4
117 663 25
330 543 15
299 403 1
350 534 13
315 618 146
16 539 10
505 645 115
343 350 18
237 544 12
180 281 2
441 522 24
68 93 8
9 73 5
405 454 8
496 544 16
99 135 191
204 514 194
151 479 3
265 303 148
306 420 39
249 578 14
100 607 158
231 308 3
15 29 158
142 148 20
487 549 199
137 144 146
261 582 15
100 536 4
141 348 18
388 472 564
214 291 19
398 534 1
59 691 187
226 366 18
383 439 15
429 455 20
537 613 2
123 578 10
53 652 132
194 342 14
34 380 128
522 525 3
160 471 3
315 405 7
4 236 40
395 635 130
443 547 14
283 368 195
165 516 121
328 355 6
216 378 177
431 446 31
192 400 5
72 166 9
482 547 13
339 524 14
465 584 146
310 583 9
399 537 8
318 669 14
615 647 17
13 472 19
511 621 6
337 492 6
381 657 11
670 674 15
429 574 6
137 512 18
102 193 16
324 451 2
406 431 6
80 653 6
141 164 3
47 581 19
575 626 16
491 634 74
274 340 138
475 514 4
86 627 2
241 624 37
47 416 7
151 159 9
158 181 1
269 485 143
12 75 7
242 582 12
444 560 151
191 349 2
605 644 121
395 610 4
636 640 157
185 571 12
464 601 6
368 652 19
258 334 218
102 279 3
153 689 4
236 340 6
231 486 1
6 151 8
617 676 7
150 173 11
482 617 14
57 468 15
134 173 3
82 107 15
232 426 12
533 653 94
21 515 10
340 683 4
41 599 19
34 355 8
521 616 13
241 563 67
155 255 14
608 615 9
556 571 5
391 689 18
41 656 1
146 356 74
431 596 6
131 537 13
604 676 178
233 554 9
165 679 1
247 522 2
176 223 16
472 499 378
85 436 16
7 207 16
33 404 4
565 607 1
66 522 3
235 278 8
517 643 7
372 649 17
161 600 135
44 571 8
64 468 8
64 384 7
25 446 7
115 210 15
154 590 17
19 186 141
50 620 18
391 464 129
542 621 28
73 308 18
180 464 13
163 578 3
118 481 6
6 99 20
85 687 7
55 58 6
160 242 4
123 234 14
279 411 191
291 432 4
197 261 4
227 387 3
35 541 1
268 572 6
382 575 20
376 503 7
60 565 17
276 373 176
135 580 8
36 43 15
469 595 10
116 432 3
59 629 165
226 483 6
35 584 496
190 385 17
107 541 16
511 599 11
311 654 3
313 475 3
419 439 6
3 619 44
435 480 9
157 543 6
370 544 16
434 512 2
425 454 2
129 185 15
40 603 20
234 536 3
336 368 9
324 517 19
101 611 25
96 128 5
29 684 10
11 193 1
137 327 4
29 252 10
373 382 13
95 396 33
46 91 12
4 175 19
158 678 19
98 337 3
352 556 6
106 415 50
98 129 68
70 544 6
64 272 17
91 376 9
70 434 28
43 342 851
150 653 73
202 414 735
530 639 2
376 412 6
274 341 16
351 451 6
57 581 14
178 297 13
381 508 14
355 600 6
215 575 149
512 519 129
32 364 5
481 588 16
222 633 17
54 264 877
79 509 16
236 401 17
459 636 4
391 553 14
3 73 19
314 410 65
218 582 13
261 669 7
106 387 37
477 651 14
244 346 13
385 483 18
495 670 38
244 316 5
83 247 17
388 558 4
328 660 8
16 70 11
327 592 16
626 649 601
384 582 4
224 614 19
181 546 6
102 442 4
572 584 17
535 618 20
2 526 17
440 670 2
25 33 16
108 318 14
47 557 17
30 49 11
388 425 14
561 661 20
190 431 7
2 542 16
346 394 7
165 278 3
114 518 20
179 387 16
400 547 12
45 228 346
268 322 153
95 96 2
108 572 3
375 678 14
154 226 19
164 445 3
241 453 10
128 297 5
43 541 9
430 696 19
243 566 11
34 570 49
187 193 9
271 350 14
200 666 31
25 412 12
69 80 15
427 446 10
291 562 20
90 397 10
303 456 15
386 553 12
16 291 19
277 432 15
613 622 1
516 620 15
194 627 17
495 543 13
122 537 10
342 621 137
464 619 9
103 228 117
72 507 5
208 608 11
247 529 2
334 576 20
269 553 8
165 526 337
253 317 186
125 602 7
203 269 10
157 402 9
407 561 19
16 213 11
166 518 20
139 581 10
539 654 1
105 252 14
53 264 134
229 658 17
129 363 10
98 275 14
403 508 29
34 454 9
282 286 162
58 469 17
122 589 13
471 665 8
516 656 16
70 573 13
400 505 1
505 509 3
441 597 2
56 537 2
292 413 8
499 646 61
427 554 9
131 372 7
123 498 4
351 495 10
358 569 9
152 319 3
102 458 2
98 526 6
200 252 17
172 674 2
154 317 16
475 654 20
80 434 8
141 375 11
306 357 163
235 331 51
335 431 516
12 90 12
244 281 4
67 460 16
97 343 13
318 393 9
10 511 5
452 523 18
102 185 16
48 299 11
68 351 16
189 377 3
56 585 1
189 567 279
146 372 97
44 610 10
94 364 5
5 152 6
55 339 2
2 375 7
226 365 6
16 351 61
95 212 15
297 385 15
66 509 10
214 676 2
459 583 195
473 479 268
543 561 8
378 440 10
176 206 2
306 663 12
245 349 140
536 567 57
341 641 20
262 684 17
0 569 20
411 501 680
142 512 56
91 500 2
45 267 42
454 591 1
41 466 8
438 484 7
165 366 182
86 489 78
331 468 3
396 423 6
467 631 12
6 368 2
478 673 13
239 619 19
189 561 3
305 661 12
341 527 75
40 632 13
182 472 2
22 482 6
438 590 542
205 441 60
228 507 170
112 148 8
175 692 15
122 428 11
459 547 12
293 385 7
19 388 67
204 604 20
301 578 25
228 230 13
201 680 7
37 590 18
83 233 14
225 471 3
444 685 14
210 577 3
146 357 15
604 663 17
453 687 4
451 654 13
159 160 13
175 512 8
152 546 16
49 563 12
57 164 7
376 438 14
361 397 3
350 609 10
480 568 19
226 438 100
174 669 11
572 622 5
177 549 110
655 661 13
517 636 4
86 136 131
327 488 487
184 633 5
197 226 18
55 462 30
114 189 2
55 270 16
371 431 7
199 627 11
458 511 48
264 326 14
195 529 92
64 592 146
53 666 197
237 239 12
92 441 20
27 222 20
258 645 2
279 513 92
80 261 7
170 505 14
15 512 16
404 449 14
333 388 16
279 581 2
395 619 138
100 318 9
447 548 1
481 606 5
163 546 10
345 377 19
431 514 5
286 287 10
214 523 19
245 376 11
223 381 19
146 558 14
255 440 382
330 538 19
12 394 19
276 388 7
164 503 19
289 604 4
53 160 16
128 233 50
95 539 18
82 138 8
483 569 167
267 280 14
435 593 18
351 593 19
20 242 12
482 639 19
301 438 19
277 416 1
244 585 7
581 643 13
135 485 6
131 247 3
350 688 20
186 694 19
25 549 20
474 547 20
246 685 5
209 475 15
423 475 7
72 626 4
110 306 14
49 593 18
204 236 20
49 259 5
494 564 7
308 506 523
356 384 42
125 557 11
131 571 20
79 81 59
43 125 5
230 269 12
44 367 9
344 657 25
107 432 5
349 550 6
391 419 3
131 200 10
457 468 16
141 318 17
359 435 13
143 175 6
54 353 19
145 457 15
374 508 3
236 557 13
240 265 2
581 673 134
257 408 19
540 619 8
336 389 9
298 667 20
583 604 1
205 671 5
124 656 9
151 252 90
68 257 6
306 484 285
143 332 1
128 551 16
432 610 6
205 253 106
39 662 6
165 266 18
425 521 8
544 622 12
351 453 1
6 254 153
181 398 11
98 614 19
401 651 668
377 580 576
135 408 3
492 495 7
48 189 1
164 303 6
299 644 20
160 262 20
99 571 10
30 351 3
375 682 8
102 135 3
191 692 18
557 574 16
188 315 18
295 678 147
218 423 15
326 653 2
386 665 1
62 369 16
257 297 7
98 665 199
20 434 5
44 424 9
49 179 65
123 650 11
160 343 134
97 231 15
232 578 20
40 575 2
47 209 4
186 187 6
296 431 5
535 661 10
266 465 23
61 247 9
151 369 12
78 242 16
633 686 18
217 644 20
14 496 3
410 502 18
545 656 189
550 603 6
439 678 133
247 684 17
66 201 4
283 419 19
15 643 143
315 490 17
16 233 120
108 519 18
391 405 1
358 696 4
144 407 12
77 550 4
39 629 3
402 619 8
199 255 20
565 629 20
164 606 11
444 667 13
125 384 6
212 461 2
298 630 6
0 354 194
158 527 11
391 418 185
614 658 13
171 183 13
194 538 14
190 531 4
138 440 130
421 511 9
508 539 9
256 298 14
155 156 12
213 637 17
68 443 18
138 416 4
55 83 18
494 610 18
472 540 18
436 619 2
15 663 3
202 648 20
69 324 2
82 631 17
224 225 2
667 692 647
67 669 6
14 516 152
374 511 10
320 525 4
158 204 10
316 431 13
301 636 19
27 462 1
106 113 13
258 605 11
394 512 7
84 597 20
395 541 18
39 181 15
669 681 12
324 612 30
25 625 12
260 687 14
163 165 736
481 558 12
197 546 12
459 463 19
234 510 17
402 538 188
114 628 20
237 499 13
459 536 6
188 206 17
85 655 56
103 209 19
458 524 10
383 387 129
312 562 3
83 368 94
514 597 15
68 583 19
380 477 9
77 302 173
78 141 15
86 329 144
529 646 9
184 487 25
78 188 92
222 396 15
110 424 109
254 303 11
12 30 21
411 546 7
65 161 16
387 522 9
276 286 96
350 457 54
189 345 13
333 377 15
219 691 61
680 689 754
120 329 10
287 462 3
305 405 18
437 643 157
274 357 2
258 501 16
280 606 14
212 482 6
180 627 7
127 368 17
80 335 12
440 457 16
489 646 18
119 390 20
482 645 8
253 452 138
371 483 4
50 499 12
251 690 17
105 449 14
543 579 16
110 278 18
186 465 5
34 35 4
204 332 16
154 570 156
207 419 150
432 676 3
122 660 11
163 279 10
175 681 7
330 556 9
208 447 9
147 615 1
259 665 15
278 615 62
219 627 9
196 654 15
163 647 3
60 505 3
12 361 12
380 659 3
134 258 112
489 490 108
558 662 932
107 281 110
225 314 17
75 397 6
243 541 12
140 451 9
254 630 1
7 37 4
55 327 8
103 203 17
412 670 13
96 338 12
199 434 6
151 274 89
112 153 12
144 591 479
382 694 18
13 367 4
56 113 11
449 467 103
524 641 18
191 598 184
593 658 16
175 371 18
120 616 37
36 547 20
180 235 7
174 535 5
256 382 169
25 648 37
140 535 6
322 659 5
32 137 542
317 632 3
481 510 139
99 448 6
166 341 14
301 632 19
356 526 15
107 459 8
94 216 10
598 602 5
29 32 46
255 586 3
365 632 97
228 413 4
54 566 113
190 315 9
100 447 13
436 440 2
94 630 10
111 515 25
85 309 199
347 402 2
17 449 8
520 612 1
266 516 15
282 520 806
242 379 16
565 633 137
403 652 1
61 295 3
43 447 17
292 596 20
290 628 8
512 669 924
429 481 6
146 206 9
263 305 6
190 606 14
68 152 174
250 280 6
446 540 7
210 636 8
373 630 20
99 203 12
129 400 6
243 434 9
344 535 11
95 313 8
211 683 7
47 315 3
541 673 194
259 621 6
42 110 5
256 508 55
468 666 6
227 244 13
56 453 4
307 586 13
114 421 1
201 311 14
374 502 124
386 564 15
528 687 1
127 479 1
101 672 12
34 123 4
464 514 5
243 391 38
259 422 11
346 585 13
384 680 12
503 560 15
516 547 7
510 669 15
123 611 10
227 546 7
260 591 11
469 503 7
249 496 112
9 221 2
427 431 14
132 390 17
528 606 182
110 500 7
150 276 20
119 180 81
115 475 2
410 440 9
15 296 29
76 427 17
489 620 10
52 439 6
174 302 964
70 214 14
168 647 15
623 660 18
150 540 74
20 646 3
156 616 9
343 498 10
96 453 69
46 321 12
78 567 10
181 313 130
281 585 2
80 659 15
499 681 19
292 672 5
103 663 16
234 668 17
117 294 2
491 511 12
12 374 132
324 405 17
247 619 82
146 482 10
515 673 67
23 303 17
388 672 15
473 658 4
140 175 5
150 546 778
256 476 30
39 45 15
412 528 1
292 567 14
582 688 11
426 445 15
403 678 6
443 689 167
125 178 10
43 230 3
395 576 108
153 641 25
93 354 12
540 672 3
158 274 12
129 147 3
249 295 19
281 450 19
286 506 6
49 415 82
97 300 6
514 520 3
107 317 19
320 642 14
227 381 18
465 572 8
44 204 9
459 531 14
218 234 152
99 307 140
175 676 16
37 548 108
161 243 9
120 246 7
328 431 16
10 324 11
324 550 11
127 430 5
24 269 20
32 214 33
229 478 5
240 490 12
242 571 16
100 301 18
84 414 20
35 440 148
4 477 13
428 650 8
230 440 943
199 681 16
112 404 13
300 384 68
536 681 90
301 522 8
471 666 10
437 625 3
101 693 7
70 619 10
80 283 9
270 645 13
597 608 13
150 616 44
83 451 17
148 290 4
29 455 8
167 623 15
182 292 3
263 441 2
39 206 16
327 599 7
28 366 86
386 612 63
155 624 6
53 538 14
371 410 10
48 213 10
126 641 153
142 353 40
137 423 9
38 650 15
257 481 13
393 410 15
94 439 2
517 533 19
92 231 9
40 162 1
57 152 13
424 565 19
108 553 893
367 376 5
68 631 3
178 457 58
355 423 8
489 527 11
471 595 166
100 220 161
366 420 5
301 366 9
60 63 16
22 448 18
305 666 14
138 243 141
100 534 13
503 523 19
30 129 2
78 672 18
276 469 19
217 409 15
422 572 10
158 302 15
246 394 637
40 121 18
198 245 19
570 651 1
280 340 19
222 251 524
145 270 197
81 431 19
162 620 20
130 155 9
159 245 11
300 659 129
121 499 13
10 229 185
29 654 19
408 626 5
27 338 6
278 292 16
375 524 11
332 549 154
347 376 22
78 387 3
68 579 6
275 495 20
409 467 20
499 620 8
304 634 19
573 658 6
8 681 19
177 358 93
231 610 16
580 679 13
75 634 18
505 528 16
534 680 14
106 385 19
152 501 7
263 672 49
151 223 12
294 407 5
233 649 190
307 656 6
615 662 94
184 259 15
333 639 74
321 655 12
143 409 165
386 528 13
231 347 9
146 471 6
202 589 16
195 310 16
338 455 10
53 503 6
176 403 5
329 463 7
255 649 2
51 433 16
131 220 14
285 471 10
18 579 18
367 434 8
510 589 9
398 606 10
72 83 18
286 671 12
154 548 18
615 632 8
444 468 7
124 207 2
280 679 5
4 289 45
262 339 171
207 435 17
255 367 5
514 627 38
301 365 11
293 441 15
343 632 13
48 326 18
416 440 20
489 540 12
112 436 86
35 441 51
244 431 3
38 347 3
208 217 2
572 669 10
113 117 160
79 143 117
73 125 5
516 665 178
166 531 11
305 518 19
146 339 6
278 394 14
195 393 6
50 376 103
433 450 20
30 637 4
381 481 3
420 523 14
459 637 15
154 616 6
156 168 7
154 355 18
283 573 20
215 506 12
135 337 11
237 439 3
75 335 18
78 376 19
234 389 19
318 510 16
301 317 12
31 455 7
161 622 13
398 608 11
427 464 19
77 558 16
270 547 1
190 567 7
484 574 20
457 675 3
223 509 12
215 581 11
259 463 11
384 676 13
523 566 4
19 645 169
73 495 1
430 655 12
19 359 3
168 506 20
69 396 3
14 543 8
58 444 17
578 626 10
61 681 7
41 70 19
83 630 6
9 307 6
308 535 20
205 458 14
82 659 8
130 239 12
291 539 15
196 348 13
111 286 6
410 606 7
234 628 8
187 356 19
39 246 193
633 648 2
337 643 14
586 636 8
16 247 59
485 649 1
5 84 6
457 498 10
537 685 8
211 448 14
33 51 1
317 365 2
578 687 3
439 649 967
133 380 5
482 647 1
326 621 4
286 579 8
124 540 3
411 469 15
12 260 25
151 573 9
30 368 15
340 529 31
316 561 12
341 689 18
124 377 48
116 683 1000
142 320 10
115 618 4
230 357 20
185 383 5
263 308 20
94 543 20
347 559 17
45 532 156
37 41 8
148 248 8
45 432 15
550 588 8
316 406 9
304 510 11
243 471 93
44 661 13
410 670 16
133 683 17
464 512 1
514 527 10
434 612 13
589 610 6
5 360 7
138 458 4
494 613 14
504 542 39
73 220 6
492 544 9
305 606 16
302 420 8
167 199 13
487 599 6
194 562 11
607 662 12
178 540 20
385 433 19
465 606 17
54 208 1
193 253 5
347 677 7
146 645 13
124 468 3
340 504 15
97 508 11
260 331 61
223 456 109
69 173 2
342 687 19
277 484 20
124 196 2
163 378 11
162 555 15
158 340 20
83 219 11
273 491 8
150 376 160
175 459 19
152 350 121
236 646 5
270 276 150
226 632 12
221 621 6
106 638 19
145 566 14
128 376 106
54 532 20
330 632 16
244 381 11
12 152 7
499 516 150
2 547 16
50 645 14
165 648 9
157 499 16
496 554 30
409 450 13
72 243 17
140 192 8
486 558 6
381 670 336
551 567 9
131 315 11
356 368 6
295 483 66
161 369 4
105 520 17
173 617 14
486 542 171
393 468 6
102 632 183
223 291 10
304 431 16
472 619 39
61 269 10
113 625 17
75 513 19
388 645 20
40 242 2
253 457 4
75 209 13
143 371 1
310 445 63
321 564 8
52 251 119
450 531 1
52 345 155
117 559 49
168 235 19
304 691 7
4 649 20
608 682 173
37 286 1
553 594 12
28 599 12
79 139 5
522 620 10
553 644 14
151 439 32
381 540 5
239 629 3
242 480 10
513 584 3
148 411 3
177 533 779
424 468 15
62 477 9
5 475 152
257 296 5
197 637 18
595 625 7
171 340 194
347 514 12
76 337 20
137 291 18
292 418 18
138 386 10
136 387 19
159 427 92
158 287 94
265 487 10
629 638 20
7 185 1
202 515 11
237 646 12
339 675 5
193 609 19
160 466 1
129 398 7
30 228 58
152 633 9
535 623 5
102 345 17
123 185 10
655 677 15
302 381 4
441 660 23
249 312 15
373 539 20
105 502 3
590 625 855
93 146 469
227 518 5
182 595 18
146 505 9
274 619 9
157 533 6
87 128 124
112 319 7
357 581 9
377 378 11
531 610 16
187 330 8
512 602 190
554 692 12
45 83 13
115 695 10
217 392 5
341 413 8
226 305 9
172 612 197
608 683 17
170 394 11
142 591 8
2 43 1
191 320 12
165 426 2
271 574 5
42 89 16
303 331 20
13 328 5
199 335 4
199 554 11
7 45 1
337 466 184
241 430 19
89 442 65
183 343 2
119 483 17
597 688 12
193 384 6
531 681 102
627 654 16
183 448 8
346 687 17
466 656 8
5 620 10
53 114 16
85 485 11
233 256 7
19 489 2
261 635 3
120 316 13
270 318 143
103 336 3
322 638 16
85 608 152
477 582 18
82 487 17
8 285 15
405 451 5
84 185 11
217 607 15
246 441 101
269 655 159
64 532 135
267 506 3
130 290 1
200 538 16
610 631 5
184 397 7
571 653 6
154 213 181
167 225 81
68 434 9
362 552 7
161 624 4
142 638 10
5 347 17
397 675 37
88 177 13
152 437 19
286 432 6
227 436 10
389 468 2
32 548 4
246 544 26
423 501 2
265 434 4
178 324 18
71 209 11
61 690 198
279 491 18
308 347 15
232 404 39
197 324 8
315 585 2
110 450 116
36 558 45
70 373 9
81 321 4
577 661 5
41 120 18
113 326 20
489 654 937
387 597 16
154 483 14
201 203 2
122 278 93
202 597 13
5 605 6
64 197 11
470 589 19
440 555 14
161 537 12
29 531 5
102 602 13
51 453 2
250 673 11
284 638 14
84 304 31
190 351 13
348 674 12
166 337 638
349 445 12
323 459 15
145 675 127
127 198 4
614 691 13
230 318 10
23 278 3
199 245 10
262 270 11
135 644 3
210 676 15
6 374 16
239 396 12
73 376 9
190 449 24
174 332 12
504 584 10
563 588 4
127 455 11
95 116 13
49 346 19
531 543 18
18 694 10
8 191 15
316 540 57
375 450 7
226 651 122
13 43 15
140 410 3
53 541 15
140 371 13
55 483 112
220 280 5
223 417 16
232 468 3
34 641 14
35 322 18
186 471 15
429 502 17
78 434 17
160 286 6
115 514 18
265 535 175
339 688 19
286 649 89
14 275 110
178 196 7
53 612 2
365 570 7
393 692 11
501 621 14
410 643 4
6 454 17
218 467 5
26 351 11
527 633 20
427 616 7
105 155 3
519 527 102
623 679 8
227 484 12
62 600 2
161 289 9
19 70 13
102 594 736
39 52 13
402 406 477
231 559 7
383 599 8
291 300 49
355 444 14
442 489 802
467 683 31
535 692 3
211 256 52
189 201 4
124 378 4
546 628 11
45 111 17
12 191 2
86 279 10
209 564 155
421 500 11
46 276 16
391 682 5
168 654 11
239 298 14
35 539 17
76 144 9
25 228 15
369 446 3
550 583 2
125 166 69
312 637 5
229 547 155
58 372 13
202 522 18
456 556 122
536 663 187
345 507 4
421 531 19
226 301 67
140 153 15
428 574 13
211 230 7
593 682 9
121 475 5
165 592 20
62 273 193
93 645 9
468 657 18
116 201 15
80 376 8
441 535 92
483 599 114
163 311 3
143 658 7
321 436 8
48 636 1
337 366 20
204 255 161
301 459 176
315 686 9
409 696 11
319 513 46
98 556 146
177 395 95
462 532 13
175 601 51
99 237 18
589 692 19
376 399 4
461 538 10
159 234 8
316 524 136
286 601 7
434 648 16
478 615 34
44 262 11
586 680 17
36 222 15
168 373 19
430 432 16
269 525 92
22 462 4
69 411 137
423 451 18
20 636 94
277 322 153
354 561 15
84 657 13
121 213 2
356 541 2
28 484 8
244 689 33
127 226 17
80 633 5
19 188 12
542 658 20
295 541 20
406 587 18
450 487 13
170 537 109
392 569 183
92 591 57
36 169 20
73 392 10
10 430 68
589 627 18
611 616 2
94 180 3
178 660 12
39 207 18
82 346 85
335 427 6
154 609 5
105 204 18
86 447 18
101 618 12
377 579 5
431 678 35
318 372 2
149 536 12
32 215 18
339 678 2
92 141 34
243 288 7
293 363 123
305 638 56
30 653 2
200 459 147
481 562 14
68 210 17
166 361 4
40 188 75
68 612 63
98 503 17
414 500 5
155 361 13
449 602 7
5 618 12
60 543 9
423 512 4
351 677 11
253 375 7
211 387 7
82 617 10
35 563 9
113 687 3
483 520 14
45 335 13
199 226 88
259 486 4
90 150 2
38 305 188
533 546 20
19 200 12
633 653 10
270 668 4
47 542 16
560 603 853
286 571 10
337 559 4
378 478 56
425 429 11
63 179 3
88 527 4
158 206 585
482 593 13
37 526 71
327 397 19
112 489 9
472 646 20
115 302 3
249 609 1
619 620 1
248 271 9
59 579 158
380 425 19
35 261 1
381 431 11
57 158 8
27 591 2
133 640 6
153 524 6
146 381 11
128 349 3
324 380 20
439 585 17
19 543 18
96 545 15
45 675 20
383 436 10
232 543 190
4 544 14
319 506 14
444 634 4
195 240 16
324 508 8
463 479 17
495 690 11
359 425 20
73 327 37
119 527 13
184 457 18
282 497 1
263 455 17
440 460 184
163 304 4
42 122 16
142 434 1
110 202 6
437 668 327
547 592 18
68 75 1
518 677 12
270 372 9
447 642 4
196 300 60
39 145 9
73 546 676
340 341 16
102 536 266
0 73 355
245 441 159
413 520 6
77 553 19
482 692 1
42 308 18
213 341 6
221 569 9
55 651 5
593 664 1
236 274 1
315 443 99
215 650 6
38 259 16
48 385 20
358 492 14
362 419 18
256 291 14
568 627 17
153 446 9
234 459 9
244 663 14
230 694 4
107 286 15
436 539 10
367 458 78
369 463 13
215 416 3
486 650 16
295 576 12
57 112 4
204 342 167
149 696 6
256 283 17
111 363 15
152 264 3
71 107 14
189 588 17
236 392 19
394 417 5
77 630 19
366 632 178
58 597 12
242 672 15
12 620 16
413 432 9
25 272 17
17 39 12
389 648 4
63 436 9
82 596 12
329 461 93
310 426 3
383 433 1
84 105 7
232 501 19
301 628 151
109 584 19
439 467 484
653 696 5
326 557 11
244 260 2
481 690 12
197 695 1
253 632 1
179 636 756
255 531 19
497 570 3
58 322 34
205 487 9
261 511 12
140 197 2
220 585 6
470 546 12
158 236 10
458 619 1
248 361 7
305 332 16
148 355 16
135 528 6
4 571 6
185 222 12
256 339 15
278 529 11
295 367 3
41 123 3
497 538 4
331 380 10
17 217 15
459 571 5
399 680 69
291 537 152
204 663 8
479 585 1
219 662 158
4 141 13
143 341 20
486 615 8
409 567 7
294 348 101
132 448 20
220 607 6
372 543 19
87 188 6
456 604 13
258 442 18
115 621 16
202 406 3
550 609 129
451 620 18
202 385 117
35 635 1
587 607 6
75 107 18
199 352 90
52 159 157
509 571 10
85 570 8
149 382 11
14 101 9
404 580 11
413 660 11
155 389 135
100 355 10
302 398 44
356 588 17
347 392 32
206 443 4
169 466 12
81 330 17
318 347 4
16 116 13
318 658 14
57 368 172
41 412 74
363 395 11
5 333 14
476 585 5
254 338 3
295 431 1
203 371 17
203 496 142
275 656 12
385 693 17
124 276 9
87 411 2
97 638 13
123 449 13
440 450 21
96 341 15
7 11 19
76 368 54
243 517 14
463 567 50
301 570 8
312 623 3
256 264 4
220 451 169
87 174 13
273 434 83
52 392 147
289 489 13
403 542 18
70 233 18
198 607 17
147 153 2
464 564 15
182 639 128
126 654 4
38 297 190
8 502 20
260 608 16
227 233 136
226 338 51
420 652 6
18 465 31
213 486 4
93 140 108
503 662 162
479 669 5
100 413 4
275 470 8
410 471 2
121 301 19
452 488 20
5 125 13
228 486 12
533 583 280
408 677 14
53 231 18
509 615 18
4 280 2
565 690 11
52 504 6
307 344 172
459 628 3
251 426 58
363 450 10
126 275 20
318 624 12
69 485 186
35 472 17
95 504 14
484 658 4
2 41 120
188 668 4
256 300 2
96 502 19
522 632 12
290 395 20
125 230 9
207 599 94
220 334 18
511 645 4
125 143 161
0 340 103
165 228 20
202 316 3
339 556 6
381 628 60
164 544 6
394 405 12
360 665 3
25 91 130
189 559 15
442 549 17
370 681 4
501 508 19
280 369 7
79 357 645
67 580 20
65 538 19
377 600 10
496 659 18
185 483 3
196 353 167
11 309 5
261 633 4
381 480 10
407 578 64
281 322 2
253 691 6
604 679 809
648 663 37
237 555 183
303 318 20
8 73 163
81 638 9
555 674 11
285 376 15
391 618 8
23 131 7
22 353 19
125 346 8
655 683 6
359 580 4
306 334 11
341 348 4
14 156 14
107 450 155
317 570 20
438 632 10
591 652 11
435 666 17
183 266 13
69 386 11
23 630 8
244 472 417
274 527 5
53 318 9
257 674 10
189 508 7
293 402 4
234 368 64
576 583 15
324 516 18
100 430 9
362 661 13
92 208 15
76 83 893
92 526 19
248 658 18
119 636 9
290 575 9
42 643 116
158 363 454
179 331 3
53 574 15
124 542 14
79 532 15
90 138 3
341 657 12
22 146 13
48 637 7
536 669 369
185 451 188
340 527 20
3 620 4
119 298 9
359 619 13
20 271 17
127 607 8
232 600 17
169 636 137
316 361 4
410 599 178
499 546 8
200 590 7
56 564 20
225 256 5
327 385 19
229 683 6
351 669 3
297 514 13
418 664 5
163 236 942
535 573 75
379 673 7
536 628 7
162 355 162
68 671 6
251 543 4
141 311 956
220 454 5
62 609 29
268 589 20
8 404 8
305 424 4
73 552 15
381 436 17
156 316 17
335 355 8
96 504 19
541 621 8
33 596 14
424 457 13
116 170 2
221 483 893
273 599 73
381 485 15
341 499 79
315 606 17
16 536 189
162 669 175
31 647 20
109 590 155
440 675 3
28 270 8
0 341 3
4 56 424
196 408 19
318 375 1
461 556 1
446 679 13
349 442 605
35 525 56
24 339 102
103 496 10
354 560 19
41 638 5
21 510 253
74 214 102
163 244 19
349 383 15
1 96 10
226 499 6
53 190 8
106 634 14
142 261 116
313 317 16
79 484 19
171 361 6
85 272 152
38 573 13
1 196 13
154 266 38
77 599 13
509 635 16
357 464 9
515 549 14
672 689 3
108 508 18
425 580 7
447 488 15
512 653 2
243 317 15
287 537 11
180 640 16
243 408 8
111 303 160
373 422 17
226 253 7
100 118 34
105 541 11
82 500 5
98 549 20
57 450 1
410 559 6
281 689 6
370 524 758
398 498 2
400 527 7
366 555 11
326 532 20
282 669 187
102 183 11
454 573 7
11 129 11
543 595 48
339 457 14
57 94 192
60 608 323
365 461 18
276 344 139
45 352 3
337 543 85
227 397 4
459 472 12
0 226 2
5 324 3
43 310 3
54 417 10
150 406 3
29 194 17
118 625 7
93 410 16
257 596 11
276 462 359
426 511 4
152 649 7
77 568 15
627 679 16
223 230 175
100 510 19
43 149 20
102 682 18
154 301 4
65 466 4
150 696 10
368 441 21
257 292 166
109 513 5
652 674 12
244 436 121
138 542 17
42 446 4
297 555 10
55 451 14
471 538 12
51 239 19
65 431 13
477 554 9
377 521 2
47 117 5
537 628 20
53 287 13
159 664 11
651 662 6
443 675 80
140 569 10
456 531 15
321 653 5
282 621 33
459 470 1
36 407 16
4 308 846
219 513 7
516 599 5
100 523 10
244 560 8
423 619 20
389 441 37
189 665 15
324 646 137
137 254 20
205 592 12
401 431 8
475 634 13
299 515 4
285 290 192
166 344 1
215 608 17
192 271 15
239 242 14
340 455 12
32 346 7
439 570 17
305 366 10
281 588 11
309 458 7
152 669 6
82 94 7
244 341 2
9 693 138
460 658 8
485 532 559
3 617 14
261 429 19
95 233 7
189 598 572
96 616 13
333 392 8
540 689 14
19 546 57
218 453 127
5 404 7
177 299 7
243 299 131
120 539 1
435 670 19
496 632 222
31 250 10
178 233 9
50 267 19
73 559 16
547 636 99
138 255 20
183 250 2
229 590 9
105 262 1
10 80 4
293 381 1
204 502 11
413 627 3
75 195 20
95 556 156
152 335 6
292 609 13
525 527 19
399 570 14
99 629 13
395 449 19
5 540 7
333 378 21
68 353 8
485 595 103
370 380 1
259 323 7
463 617 14
69 559 8
119 415 1
531 614 492
140 572 106
232 304 1
363 658 67
139 247 6
0 479 187
457 694 49
356 512 1
415 555 5
89 679 4
397 598 1
224 386 12
209 462 11
116 639 8
350 682 4
516 646 19
1 439 6
138 531 16
510 668 46
556 637 193
432 686 18
83 300 7
353 617 5
435 451 10
393 476 1
223 659 8
62 77 13
68 500 4
186 285 15
157 608 12
338 562 34
103 169 13
98 531 4
576 649 10
196 688 14
85 167 6
193 650 1
21 121 18
107 340 10
69 117 149
73 430 161
570 590 17
187 426 10
73 454 61
207 249 5
344 463 9
168 350 15
203 292 18
226 424 2
150 431 87
442 488 76
213 286 8
599 649 18
227 482 3
435 554 18
129 174 3
140 350 63
135 510 16
104 253 7
621 644 16
436 617 20
501 555 11
99 169 42
73 198 12
460 529 12
182 381 16
187 370 12
316 498 174
14 54 86
308 504 14
474 476 58
322 535 18
352 552 2
67 125 11
218 384 17
74 290 1
591 631 76
526 607 6
431 672 9
103 581 17
35 248 20
117 686 10
559 677 1
389 615 1
74 442 7
478 487 4
175 192 10
165 571 19
369 629 16
53 583 7
27 666 12
642 668 4
270 628 20
359 655 9
101 578 10
23 416 39
511 521 9
31 618 130
331 582 6
137 148 2
189 572 5
486 569 9
115 272 9
0 48 6
279 488 11
55 117 6
421 675 16
55 607 18
58 368 9
18 42 2
254 500 4
340 408 17
349 422 18
436 437 11
88 606 239
157 601 8
53 150 13
108 131 7
79 565 2
182 666 5
391 537 17
316 446 3
170 644 161
4 63 4
6 285 8
188 227 7
305 676 7
22 696 13
153 585 5
84 264 11
166 505 75
177 643 12
675 690 5
323 514 29
197 565 16
115 193 17
56 304 10
150 156 11
234 586 18
192 410 3
172 376 12
502 571 5
132 652 8
135 375 9
284 418 2
305 457 10
82 670 6
100 547 20
72 615 2
6 492 19
113 433 9
141 537 8
80 386 14
34 499 12
196 594 12
410 526 8
64 133 83
126 622 12
443 641 17
153 341 5
179 403 183
89 310 7
0 97 17
136 440 14
319 432 5
277 310 11
431 436 18
188 586 93
252 340 10
404 511 119
121 317 14
160 543 198
54 406 18
80 490 17
36 504 20
275 661 8
40 78 7
44 527 15
202 431 19
253 365 11
361 445 15
190 462 4
59 307 2
109 264 18
230 545 16
27 360 55
473 666 7
262 593 6
143 300 25
212 564 566
82 307 19
282 630 94
459 465 20
325 455 14
517 614 165
62 65 143
333 524 5
149 464 7
195 217 34
187 595 3
152 332 11
52 297 18
138 610 11
215 562 4
423 516 5
48 610 8
86 609 17
120 611 1
385 406 6
335 540 1
570 632 169
520 603 68
62 122 52
296 426 10
156 308 7
80 383 806
499 549 7
434 454 13
153 316 13
9 680 144
307 373 6
315 444 1
225 535 83
128 449 1
329 337 8
219 285 1
593 611 16
188 244 7
75 537 16
125 272 13
297 335 14
157 427 7
12 503 14
291 694 47
17 171 20
15 622 3
62 175 197
312 635 6
207 372 74
313 548 137
422 629 10
233 556 20
628 695 160
423 472 15
225 664 9
316 443 12
12 134 19
410 529 8
145 570 6
7 484 9
318 617 1
255 488 11
169 229 15
85 559 13
188 672 160
64 91 3
143 450 4
258 464 16
310 529 5
491 670 1
142 431 14
349 501 83
274 401 14
11 675 11
424 584 4
164 575 10
177 356 15
91 107 51
481 533 181
474 497 80
145 303 5
451 477 58
489 569 16
334 366 18
652 664 4
244 524 14
340 398 10
83 339 11
488 668 5
313 573 11
30 503 15
184 440 13
185 593 20
157 450 7
69 689 1
209 626 10
438 570 17
620 662 9
199 402 9
50 522 615
362 469 9
253 438 1
47 398 1
298 408 20
52 313 3
356 556 16
552 589 95
290 634 13
152 525 13
137 237 12
110 448 19
103 406 6
324 619 112
13 78 18
567 588 12
603 644 9
383 440 20
314 329 12
437 620 20
553 695 11
40 366 17
555 679 7
191 208 8
140 179 7
44 391 10
113 639 2
200 283 16
423 684 2
217 245 16
296 493 1
211 325 3
26 33 37
25 401 9
501 504 6
159 231 70
52 116 15
100 127 92
504 553 9
17 665 6
452 494 14
361 548 59
292 542 9
540 646 9
24 598 20
74 249 20
244 473 65
273 550 20
299 627 5
512 530 87
229 556 13
82 391 15
273 660 10
547 628 53
93 143 18
22 350 1
165 596 12
366 489 137
620 655 7
234 318 82
101 196 104
324 454 845
73 607 13
441 654 5
183 650 14
397 440 2
10 442 19
257 579 67
545 647 2
213 262 20
330 540 8
401 545 3
140 172 19
527 692 3
17 386 11
446 477 60
70 496 15
634 669 20
168 677 19
439 680 9
183 541 9
100 252 11
94 285 20
383 534 164
575 668 129
295 659 14
7 341 3
601 640 4
117 164 19
126 526 15
37 46 5
82 180 131
194 694 8
456 585 179
67 123 347
257 514 16
642 674 9
209 353 79
23 576 10
160 580 81
441 449 121
264 576 17
424 666 2
411 521 694
227 643 7
530 631 18
429 626 12
59 244 10
609 645 14
313 656 7
432 444 14
13 677 69
493 537 116
190 427 17
146 312 11
169 223 15
26 605 88
300 508 14
239 598 17
121 349 13
181 407 15
332 621 6
289 353 17
119 260 15
536 668 13
56 665 4
532 558 860
227 269 18
424 626 7
273 492 14
50 540 13
355 543 1
57 110 177
388 493 13
131 174 5
317 501 16
98 569 18
394 428 20
193 217 9
161 651 1
71 679 16
226 300 143
477 569 15
108 222 196
60 182 6
68 142 125
258 529 9
205 270 32
42 139 9
86 157 10
231 399 5
256 622 118
456 579 15
360 595 7
167 455 109
63 128 47
241 504 103
127 220 37
130 212 107
57 266 10
207 584 18
6 424 19
18 393 18
92 327 19
173 277 13
562 669 4
2 417 1
20 642 20
62 116 1
388 630 11
74 676 3
105 235 9
406 427 20
54 573 10
248 257 20
98 371 229
111 234 4
137 315 186
89 101 21
439 459 15
240 371 82
252 622 13
28 674 7
161 649 10
88 468 20
188 468 8
3 338 5
577 616 11
13 384 7
59 407 52
149 179 13
175 410 70
227 242 430
221 528 9
420 654 12
16 426 15
8 343 3
347 692 93
39 56 7
39 300 7
345 468 3
259 646 10
607 669 131
291 508 163
541 692 16
263 463 884
213 352 15
426 535 3
329 439 10
565 666 92
105 572 17
54 350 16
77 274 19
142 647 19
21 173 14
295 510 24
253 320 2
309 584 9
54 146 9
280 301 9
597 681 18
450 687 187
153 441 14
292 334 1
29 35 59
282 317 10
146 644 125
246 694 750
56 177 669
266 469 1
144 629 9
228 545 3
25 542 3
125 281 150
357 530 4
534 540 18
42 366 85
399 456 131
150 542 8
89 302 15
512 582 170
395 502 20
566 635 11
254 363 135
171 675 11
438 537 98
158 410 13
186 574 12
208 577 17
331 355 3
317 587 88
121 606 14
450 614 9
40 114 9
250 328 73
265 479 20
88 694 917
284 564 18
223 629 17
268 535 3
659 677 13
663 669 6
357 518 3
51 133 1
294 337 2
128 561 3
96 398 20
187 505 8
197 429 4
188 641 14
202 540 15
540 604 16
238 323 13
178 446 4
15 238 8
262 491 2
254 616 13
362 398 163
361 555 19
186 486 80
466 547 10
355 514 8
75 630 12
325 549 171
37 106 3
241 264 16
122 131 19
151 301 6
385 431 11
450 597 17
153 281 4
445 688 149
42 171 11
138 147 1
414 478 19
395 662 881
252 543 11
15 636 1
236 527 6
366 426 9
255 562 20
28 391 409
633 639 5
12 597 10
106 388 19
149 220 9
283 357 10
36 288 18
286 427 20
241 409 1
280 377 5
143 169 7
479 671 8
44 155 13
33 221 20
103 256 14
177 197 14
119 391 20
413 587 172
415 645 20
100 234 13
236 280 64
9 690 132
211 578 11
0 517 20
106 416 19
326 543 14
321 546 8
495 641 10
267 554 17
110 603 20
336 457 7
287 481 655
54 509 3
88 106 6
25 389 46
4 150 272
90 598 5
227 591 16
61 555 10
240 538 10
193 627 10
482 643 3
22 26 18
4 483 14
300 358 20
76 80 1
46 266 16
158 629 13
95 463 11
479 547 19
483 636 8
143 360 10
407 592 67
89 651 6
171 240 1
588 604 15
190 540 14
29 145 13
295 584 12
11 240 8
26 350 4
11 615 4
133 401 6
252 317 18
244 549 4
526 665 5
200 578 5
186 230 76
177 644 133
256 451 10
84 656 7
285 625 15
82 166 14
253 260 6
106 687 11
107 159 3
102 109 11
192 245 123
258 439 13
290 625 19
546 596 6
172 588 98
16 26 123
510 552 12
238 685 19
178 460 9
90 238 3
465 585 18
330 436 9
37 196 1
193 640 14
544 618 19
539 681 20
110 226 18
217 341 10
172 330 20
135 696 18
226 339 13
450 468 12
73 231 189
172 626 11
120 393 11
292 522 185
148 454 12
270 291 169
198 212 173
27 674 85
487 682 11
627 629 28
154 651 20
117 480 11
70 86 16
43 544 3
12 466 18
171 319 2
543 573 15
157 187 16
175 482 12
328 562 1
79 140 28
351 425 14
88 379 20
106 168 15
53 63 1
137 384 119
154 478 4
90 97 8
387 398 19
470 488 77
92 445 14
418 496 17
94 277 16
336 595 13
290 571 6
84 552 11
467 651 20
184 526 9
126 555 23
195 296 1
232 475 4
50 115 15
473 577 197
171 258 32
426 658 15
217 680 11
294 444 15
154 251 457
43 182 15
172 254 20
228 309 7
5 472 17
192 371 168
0 527 9
467 608 58
186 620 11
66 599 1
414 484 11
169 436 8
222 278 13
259 400 106
39 158 13
70 464 49
194 399 15
136 164 19
524 562 14
25 673 121
110 457 4
301 590 7
526 675 7
18 376 8
236 341 14
408 561 4
14 634 1
3 604 4
320 510 4
316 335 11
268 369 13
21 281 16
286 292 6
20 182 2
255 450 8
123 344 4
178 406 7
77 191 2
577 677 5
492 503 12
261 351 3
319 388 148
281 428 12
368 607 19
332 617 15
147 440 20
160 375 8
472 516 11
51 110 20
200 383 3
489 499 3
258 387 14
406 540 52
252 454 16
39 522 196
2 196 19
79 169 22
164 585 14
321 477 2
543 609 2
72 225 17
146 236 144
641 689 2
432 555 11
246 338 7
120 341 14
50 241 15
40 584 19
499 693 48
368 397 3
337 496 9
425 671 1
139 310 17
361 383 2
29 116 17
216 643 3
395 582 125
466 522 12
74 114 15
147 450 188
248 576 11
206 439 533
22 253 12
169 187 14
277 633 14
208 580 98
53 193 26
160 414 19
232 309 3
153 388 6
490 571 10
492 578 2
223 442 31
665 687 187
100 648 165
311 523 19
488 632 11
47 154 5
242 304 13
266 674 13
325 519 90
474 611 15
71 637 7
144 330 5
206 573 10
540 542 85
429 471 10
150 248 3
562 602 6
329 694 2
325 326 17
546 619 15
33 203 3
87 481 13
419 589 841
531 606 3
68 266 2
457 585 4
27 287 802
24 504 8
439 690 7
302 401 19
48 246 10
236 240 13
308 676 3
173 618 13
92 147 16
87 482 7
248 550 10
270 459 5
38 176 8
32 170 18
96 254 4
16 229 7
75 203 2
149 161 9
141 533 14
5 623 17
115 243 178
268 323 18
487 521 8
212 249 14
86 432 1
42 384 15
489 532 18
208 487 6
59 529 82
29 395 7
59 506 19
167 651 10
432 562 1
174 668 12
211 251 59
301 669 664
219 529 18
170 266 4
331 492 5
14 631 168
286 650 14
551 671 7
109 480 20
296 690 287
482 661 5
282 478 5
493 581 18
301 536 17
495 633 19
136 520 8
183 363 3
110 401 63
163 538 16
147 670 127
210 296 8
376 492 11
282 393 16
4 548 11
433 590 6
153 315 20
110 449 11
301 493 12
340 501 2
181 630 11
242 494 137
36 597 1
23 250 6
224 364 185
636 647 14
142 423 17
215 491 13
30 372 16
11 678 17
498 650 6
160 180 19
77 514 6
305 660 15
40 324 16
250 504 198
8 170 16
232 474 323
110 410 114
553 651 8
357 533 17
60 611 20
217 402 6
518 564 15
243 443 17
7 144 18
345 672 14
607 657 19
401 417 11
201 410 4
25 187 2
387 508 88
77 370 105
140 158 12
232 645 173
386 659 18
422 684 13
121 291 5
56 344 4
84 163 188
160 602 18
164 511 452
345 638 3
88 118 12
434 550 10
1 460 10
509 647 5
467 668 5
426 635 8
404 492 9
88 218 177
518 642 182
255 428 631
240 263 12
111 128 10
155 359 19
405 640 5
24 321 13
395 527 19
20 137 18
381 465 9
18 238 18
110 383 10
451 499 5
488 645 9
66 436 11
138 450 11
73 135 11
250 607 5
397 526 17
278 465 17
93 499 18
509 600 10
211 585 19
510 614 99
280 517 8
163 560 4
612 625 556
70 559 12
491 574 10
124 408 19
316 559 11
18 342 10
21 294 13
156 431 16
97 370 17
162 283 124
135 578 176
398 570 13
118 508 20
318 547 13
460 484 195
468 565 21
40 559 760
491 608 18
180 393 4
4 672 7
607 671 43
346 406 17
37 240 186
274 371 13
124 596 19
590 632 17
267 561 12
132 185 6
632 686 16
265 364 18
98 160 9
203 410 4
278 537 4
286 550 125
536 597 12
207 442 15
373 658 17
80 264 16
407 476 17
42 502 16
181 300 13
256 373 10
435 609 11
20 220 170
463 492 8
376 456 4
278 387 2
246 317 20
375 645 11
245 464 4
4 194 11
283 337 19
607 636 5
230 497 133
334 619 9
205 647 82
235 497 80
69 232 20
164 248 2
236 575 20
94 436 1
481 668 18
519 591 5
29 370 4
379 488 6
16 373 8
57 538 72
84 144 8
203 530 7
76 410 5
297 403 18
431 495 137
557 651 17
150 316 17
75 288 13
140 586 102
197 413 509
83 308 90
70 538 11
365 581 13
145 247 18
549 675 7
105 201 173
469 517 2
122 145 189
217 627 5
316 658 3
101 242 6
73 604 1
97 581 2
421 567 15
335 464 3
249 551 19
277 594 20
193 520 10
101 623 15
152 653 18
3 343 8
678 679 4
335 512 7
83 291 7
83 373 5
139 491 17
475 556 4
367 654 99
288 694 1
95 339 1
7 449 12
482 517 4
154 365 64
147 557 3
118 543 8
461 463 174
17 36 16
235 595 2
48 396 217
423 489 2
33 352 30
145 537 11
207 679 18
581 658 133
457 473 9
50 389 15
258 609 10
374 514 6
198 430 77
300 509 14
451 623 16
194 512 12
392 619 12
378 444 17
515 674 4
209 639 20
5 342 10
12 48 3
175 567 16
3 210 1
324 423 14
431 540 15
40 490 2
431 483 11
15 642 7
412 552 11
575 603 18
301 634 17
283 396 1
229 249 152
351 633 13
36 412 14
373 580 19
190 378 20
423 620 405
105 116 12
563 669 705
312 446 12
67 586 18
194 642 20
278 527 18
132 517 15
19 228 20
536 547 18
12 190 92
261 419 11
306 676 2
89 325 13
226 515 15
39 137 20
67 517 7
605 613 4
23 257 3
107 151 88
128 312 16
162 197 9
73 440 20
340 671 17
259 684 20
194 560 9
380 493 1
155 362 7
141 557 9
459 668 1
105 594 12
591 694 17
576 635 105
10 681 12
399 597 45
628 678 198
213 614 5
412 620 11
149 285 4
233 539 59
78 276 20
517 568 20
6 37 7
278 562 264
47 600 17
