443 3395 5
98 187 12
94 395 20
196 426 108
4 224 6
25 422 10
252 368 187
49 75 12
74 222 12
99 229 134
172 297 19
355 359 5
88 275 13
47 216 30
9 102 2
125 351 4
425 442 9
25 131 8
127 215 4
55 424 11
95 222 18
110 132 16
325 424 9
252 258 111
119 195 14
23 111 96
285 333 20
126 196 13
193 264 13
125 397 12
320 355 7
11 212 2
58 221 13
407 431 4
138 229 126
117 348 2
313 335 9
244 354 14
102 350 1
133 224 14
208 287 2
55 196 16
48 89 29
32 401 12
69 209 19
87 125 9
170 340 3
134 388 8
226 354 17
83 241 12
99 237 38
119 378 10
301 323 5
196 383 20
187 248 18
265 357 18
46 84 19
1 2 16
99 268 3
74 308 150
239 438 2
157 358 3
281 416 12
111 398 16
154 293 6
60 260 16
215 401 534
128 348 16
168 398 1
294 358 106
218 374 37
271 438 19
241 332 11
63 98 20
104 138 17
71 260 12
122 260 13
165 212 13
108 406 15
11 277 1
129 280 118
16 102 17
170 344 8
13 166 17
232 280 13
38 162 6
287 373 102
88 117 11
348 408 6
336 435 2
237 434 43
87 99 83
141 305 2
14 351 5
255 269 17
288 304 1
140 143 18
93 313 145
54 169 16
103 104 10
277 302 103
292 348 17
63 153 7
238 282 3
90 323 3
307 359 4
98 248 18
339 348 12
307 354 18
197 408 130
372 376 4
202 274 14
226 350 19
302 426 20
51 300 16
189 328 29
215 246 53
391 394 11
69 388 14
11 329 14
24 189 4
27 208 19
119 289 4
30 51 19
226 285 1
54 196 13
293 435 527
17 235 10
88 238 19
36 54 1
153 403 20
290 363 163
58 288 177
140 303 6
183 378 18
42 200 18
352 369 159
5 32 12
28 439 4
57 330 5
15 394 391
140 310 5
9 58 10
99 201 65
6 319 79
18 273 1
65 329 18
154 338 12
175 299 10
63 210 125
38 416 80
6 359 3
184 213 13
25 174 20
192 218 5
166 169 5
17 24 6
228 431 48
209 281 9
23 434 3
237 433 19
341 375 30
153 217 15
158 429 14
0 228 9
273 371 1
260 442 15
5 438 11
114 381 12
9 169 5
291 320 177
4 67 119
113 126 1
105 154 18
97 292 16
128 411 1
21 435 20
129 395 4
78 222 28
24 43 16
166 354 20
131 235 11
127 225 116
189 294 13
331 391 6
257 302 8
166 366 12
67 192 1
74 335 19
231 395 1
182 241 63
140 315 565
14 380 16
0 95 4
25 103 3
147 174 10
25 438 16
62 391 11
224 236 12
16 418 4
346 436 12
36 260 6
0 338 2
227 312 3
13 63 13
72 153 17
3 10 15
339 418 19
43 279 14
179 389 12
42 277 2
13 121 189
131 438 4
60 125 15
70 187 1
159 215 11
74 219 11
142 152 10
291 315 20
40 244 185
27 74 13
48 331 10
15 192 8
55 175 8
111 293 180
32 325 174
219 424 1
71 405 17
158 262 115
210 360 3
105 289 105
103 442 19
179 420 3
167 232 18
124 136 7
106 157 1
350 353 20
386 419 31
29 426 12
291 306 38
178 342 191
162 410 20
238 330 171
152 330 60
42 305 13
164 434 69
34 218 18
109 366 12
85 251 171
88 376 19
139 149 2
300 398 5
7 162 1
138 248 17
33 323 514
51 336 14
109 342 5
78 313 8
105 345 18
194 196 3
245 436 177
27 385 8
180 426 113
92 392 15
164 369 474
75 321 8
105 281 129
342 354 2
309 439 74
298 423 14
1 294 7
156 391 6
50 115 5
184 388 79
215 357 15
174 362 3
57 209 8
3 14 20
118 219 19
63 126 20
9 163 13
146 200 7
100 398 137
15 191 3
273 437 19
32 243 6
177 407 20
165 246 8
91 121 14
14 375 13
348 354 7
320 432 13
117 384 20
61 233 612
22 190 15
36 322 109
40 234 4
118 176 10
161 207 53
292 342 18
200 322 12
86 313 13
226 265 17
47 240 19
52 158 28
12 75 67
241 362 4
108 125 16
64 69 45
134 352 11
100 376 3
133 189 15
21 122 20
180 219 18
20 383 6
57 245 155
169 392 16
213 217 112
126 367 6
84 170 17
262 398 1
162 438 11
351 375 17
44 146 117
25 168 16
79 266 18
305 432 79
320 366 215
320 425 46
15 246 20
60 115 16
5 165 17
280 383 10
375 422 18
280 358 8
63 159 332
81 397 13
64 131 17
193 346 10
382 383 13
198 369 64
131 308 167
172 335 16
92 410 1
215 439 10
187 401 10
13 258 1
152 422 18
190 331 155
5 52 19
155 376 1
146 442 8
344 350 1
67 356 8
9 23 1
58 331 4
108 135 10
29 57 4
298 395 555
290 328 16
413 435 2
267 340 5
323 357 18
213 388 118
148 416 1
173 204 30
109 410 189
70 93 8
335 391 88
23 331 19
152 231 3
259 419 17
11 184 16
215 327 7
146 211 20
63 215 12
1 435 1
162 287 1
123 155 168
374 423 1
55 103 15
99 210 17
226 248 2
104 233 3
17 82 14
20 137 2
211 345 10
140 434 17
221 410 10
9 307 8
79 417 4
135 181 7
154 315 2
82 353 103
47 88 11
17 344 17
287 438 2
11 224 17
129 156 8
184 310 7
13 321 8
157 290 12
287 384 11
68 96 12
23 58 110
153 235 92
313 373 20
65 213 165
354 373 13
226 422 111
41 306 19
17 96 1
41 312 93
210 434 185
299 378 1
51 181 19
165 329 11
254 284 4
162 275 67
64 288 19
115 249 8
190 434 17
385 403 17
176 321 6
36 114 14
15 180 192
303 357 11
325 364 16
5 306 131
139 308 353
173 386 106
330 342 19
98 298 9
266 394 9
7 291 87
148 370 14
0 184 5
123 146 12
368 381 11
156 413 12
90 314 11
162 297 8
129 150 1
130 398 8
24 56 19
175 383 7
305 398 183
121 284 20
102 356 5
145 411 6
182 308 11
157 217 18
104 160 18
338 401 118
55 152 13
19 189 8
15 241 12
71 401 2
190 403 56
249 310 7
217 354 20
305 362 2
206 330 81
70 387 8
237 323 11
272 395 15
166 171 20
332 354 3
40 210 121
20 108 8
30 32 16
17 230 1
73 261 881
88 97 8
171 238 17
313 320 16
242 288 145
139 403 12
35 195 15
209 217 9
163 311 8
158 337 11
114 214 117
262 401 5
102 192 5
18 71 5
91 439 20
139 316 12
372 391 5
45 276 19
80 352 18
265 317 6
10 28 569
64 353 4
159 411 5
252 327 7
126 235 13
268 382 4
27 210 15
83 131 36
234 391 102
59 392 20
373 410 19
57 231 159
121 334 57
24 317 19
108 353 46
209 344 6
322 438 11
67 241 16
7 417 100
151 365 8
301 394 5
165 416 13
181 295 15
82 191 17
142 290 7
44 349 17
182 236 13
62 186 5
337 358 18
283 383 18
39 176 19
395 423 2
216 280 2
9 331 3
391 396 19
48 437 14
102 340 158
304 431 18
298 401 1
112 188 11
132 266 12
138 266 94
388 404 20
222 258 2
95 368 193
172 409 41
192 242 11
5 330 11
19 194 14
293 394 10
249 340 6
354 358 10
230 277 5
132 293 7
358 408 11
177 230 19
116 259 45
336 360 15
57 123 18
276 319 6
93 327 12
64 87 8
136 215 12
68 317 104
41 292 269
70 133 17
56 121 15
133 317 7
10 98 14
213 415 17
159 338 4
220 438 19
147 413 189
134 236 14
112 290 93
116 246 10
25 162 19
14 93 67
4 20 84
43 87 5
153 213 7
43 228 135
290 356 17
134 160 11
256 363 9
242 399 20
74 309 14
154 351 187
265 380 16
55 320 10
337 353 12
191 242 2
20 296 1
184 211 11
29 291 185
9 48 9
268 413 10
262 300 5
234 441 15
91 393 9
28 70 14
11 126 987
256 305 15
275 287 4
197 219 12
131 330 19
268 302 10
307 393 2
1 175 143
261 332 2
320 438 16
193 352 2
35 213 3
98 159 5
115 428 11
162 354 13
205 398 180
94 329 19
46 364 17
191 250 1
226 383 1
31 190 12
364 389 70
271 363 8
280 364 8
106 354 3
366 394 12
104 171 7
230 389 1
36 214 2
124 207 121
46 111 6
163 349 10
20 187 12
211 304 17
177 267 813
392 421 19
255 381 16
249 391 2
107 181 3
169 286 7
28 265 5
165 338 16
265 272 5
98 387 6
153 442 2
55 428 17
125 268 8
22 370 17
281 331 1
369 399 18
86 242 99
170 289 11
101 287 13
282 295 15
104 212 10
50 118 16
92 93 18
231 335 297
192 439 13
296 433 33
220 333 16
171 202 19
49 258 13
190 302 1
76 409 5
311 386 4
73 427 160
106 109 8
46 133 4
312 314 15
136 254 8
307 350 17
179 386 8
34 311 18
89 185 81
132 324 198
98 145 2
3 170 8
219 421 6
11 56 12
92 327 15
115 381 18
303 348 9
255 397 40
244 247 5
89 430 8
87 388 196
198 294 12
156 278 5
151 356 159
25 410 18
21 162 9
133 383 18
157 438 3
176 267 7
275 354 16
71 76 7
138 358 6
55 430 4
255 389 6
93 258 14
42 137 4
51 199 190
190 314 200
61 271 4
301 351 379
111 190 13
50 210 10
415 436 1
175 227 7
24 329 20
65 133 85
35 428 5
357 440 17
126 366 116
139 392 114
5 241 11
116 391 3
8 438 98
154 309 8
3 13 6
231 393 6
155 199 14
146 202 182
299 326 45
157 344 1
191 238 10
21 133 11
111 122 621
160 203 6
60 415 26
192 414 1
336 391 100
272 361 12
54 102 17
187 338 16
42 422 128
148 307 6
64 90 128
224 379 9
34 282 151
52 60 1
13 215 5
141 349 38
70 191 141
32 288 9
290 333 4
223 403 1
185 230 48
45 283 20
25 146 19
175 302 35
23 232 18
160 185 5
99 363 62
60 157 16
222 289 19
60 163 117
89 407 8
50 170 2
203 213 180
22 405 16
255 285 15
86 391 1
217 332 17
203 299 640
215 381 13
73 284 18
104 379 17
16 76 2
54 304 11
297 315 88
305 383 10
164 226 9
196 415 103
73 270 10
229 263 80
243 267 20
367 398 2
25 424 6
171 308 9
69 354 1
38 303 14
334 345 13
58 227 16
63 64 2
38 277 46
165 187 10
195 235 7
27 239 9
270 291 1
6 44 20
22 264 10
249 433 11
345 427 13
12 215 11
4 185 11
295 435 3
7 203 115
112 258 10
411 422 155
15 336 2
217 388 9
284 303 7
12 325 16
109 439 11
305 409 20
74 349 794
58 286 9
100 415 8
192 269 1
344 431 120
54 340 16
164 213 13
320 379 17
315 375 12
78 317 12
23 135 14
147 251 16
182 410 11
57 432 9
170 302 59
240 354 14
3 282 19
48 300 136
65 194 8
285 374 7
32 67 17
203 286 19
340 417 9
99 423 3
283 423 17
54 329 132
193 433 17
111 185 8
296 424 1
13 265 8
102 400 12
195 396 6
220 279 18
293 329 17
318 372 105
19 116 4
201 375 5
77 251 115
262 299 164
121 231 2
104 238 20
184 217 195
124 187 12
38 355 9
53 89 46
183 335 1
107 276 11
2 247 15
13 243 1
162 330 11
71 337 9
98 209 19
141 350 5
10 304 12
22 420 7
131 410 9
368 424 7
143 299 2
137 173 118
3 418 13
407 440 6
52 355 15
334 365 13
354 391 6
39 67 10
69 316 17
30 426 82
111 437 11
194 396 8
297 312 16
188 428 9
48 237 15
69 344 9
21 58 20
76 86 135
19 227 10
283 417 11
170 186 4
3 28 13
2 423 12
393 437 168
47 363 4
132 420 37
236 324 100
145 164 317
107 401 9
27 149 97
168 363 8
28 387 2
31 220 3
262 399 5
182 329 17
17 125 17
104 398 138
173 326 4
132 254 3
220 314 12
39 366 15
27 302 121
3 94 9
113 297 124
308 349 13
150 190 6
34 128 10
61 163 17
265 364 7
204 214 15
168 338 11
18 383 140
138 237 2
173 406 8
28 136 17
260 333 9
15 201 10
237 247 14
41 406 4
354 410 10
264 332 10
69 357 7
325 403 8
192 255 19
103 229 14
45 206 15
109 390 6
363 394 6
15 238 13
341 415 150
287 312 17
354 424 11
180 270 14
307 431 20
100 313 13
284 418 6
350 361 3
226 401 8
314 382 5
134 159 18
159 422 3
77 423 17
156 394 11
135 159 5
106 155 106
38 436 2
163 378 44
57 428 14
300 315 256
356 395 17
75 374 18
168 192 7
275 342 91
83 135 16
129 194 16
96 229 11
226 379 946
139 242 16
56 442 10
394 429 20
14 322 5
9 404 12
133 321 3
103 380 153
234 360 176
260 425 65
83 228 18
32 440 16
43 65 6
34 399 56
70 248 8
69 106 127
1 196 2
39 291 76
303 337 5
53 61 1
48 436 11
49 416 3
10 183 14
213 235 5
184 385 148
266 391 20
164 287 4
40 358 197
50 428 10
152 260 5
305 439 7
115 353 17
66 78 9
360 401 1
158 322 2
179 379 3
103 425 131
113 225 893
172 305 19
185 316 9
256 303 64
214 336 12
136 340 8
98 401 9
98 217 6
268 391 9
96 317 19
390 418 69
45 203 150
109 357 10
297 303 8
102 398 14
254 355 18
170 375 4
259 291 7
17 36 4
63 169 121
185 192 11
63 318 7
41 431 61
132 430 11
87 227 7
98 344 127
78 173 11
39 79 16
126 425 19
355 406 20
15 37 6
10 265 8
50 71 1
226 297 61
152 442 13
343 441 5
130 419 13
115 169 77
188 253 820
13 387 13
297 354 115
9 43 2
81 158 37
7 308 18
207 244 3
120 194 11
239 363 10
169 276 11
20 177 7
278 425 12
89 413 14
247 370 1
102 281 17
42 309 165
115 182 9
65 317 16
40 328 15
66 212 6
94 242 10
333 351 13
22 333 16
20 353 5
23 43 2
52 164 16
131 368 554
385 422 8
57 416 5
177 285 6
94 362 68
104 336 8
63 388 11
107 400 10
60 294 35
24 261 8
153 388 18
304 311 5
52 166 15
70 98 600
4 347 2
247 298 11
303 322 13
303 439 11
1 227 6
322 351 13
183 348 41
170 189 1
383 426 19
42 131 9
126 217 3
272 353 11
304 441 2
20 29 14
76 305 15
159 305 7
226 300 13
152 304 12
0 369 6
36 293 59
239 306 1
162 226 13
35 184 1
131 194 362
102 327 6
22 127 15
90 142 9
215 411 1
287 329 9
102 202 8
25 389 17
40 256 3
302 398 190
291 333 13
65 78 5
10 93 8
116 298 20
8 108 15
241 275 74
238 251 2
258 400 88
35 211 19
127 158 111
418 430 20
64 111 7
217 424 14
72 347 14
71 438 13
32 140 10
318 329 3
297 309 145
25 264 15
140 351 12
19 438 19
78 111 18
172 198 9
107 409 105
300 369 7
183 273 146
298 350 101
159 410 10
105 135 9
135 153 3
293 391 1
133 348 18
143 314 106
2 291 75
0 226 7
63 411 2
116 184 616
409 410 17
217 294 2
85 397 1
235 384 12
67 111 5
218 293 10
38 135 15
64 171 41
58 436 13
43 94 17
0 57 12
142 309 645
221 303 109
27 212 10
22 224 3
105 107 9
83 333 18
178 219 8
62 330 12
266 435 44
39 55 10
132 138 13
31 373 1
7 8 7
102 437 163
109 115 8
48 76 20
43 437 14
31 164 105
338 436 1
34 123 16
9 273 13
18 239 3
220 427 13
130 440 3
70 184 63
183 354 13
111 151 18
184 195 8
2 55 2
247 300 2
171 251 14
61 401 15
54 162 6
138 391 8
132 327 144
271 352 12
55 352 12
93 394 20
120 144 12
277 342 20
226 286 5
260 318 8
325 354 9
123 152 1
106 217 16
65 121 13
22 263 7
259 265 7
187 336 12
50 187 25
11 70 3
299 370 12
21 284 19
138 413 5
133 338 16
59 193 358
0 18 13
245 307 16
15 270 20
357 422 13
27 164 13
167 187 25
96 131 19
365 433 18
120 226 20
1 33 77
13 93 12
101 163 11
208 395 3
56 147 3
361 407 13
7 436 6
178 242 4
77 420 6
93 388 8
132 277 4
207 370 17
170 360 564
19 398 242
132 400 7
121 211 68
211 318 14
178 425 3
88 285 9
311 383 13
60 320 127
38 315 7
3 406 15
350 424 16
101 435 12
3 112 3
80 385 6
176 318 102
112 271 11
265 398 1
331 426 16
0 5 4
70 346 18
275 392 186
68 251 8
40 337 39
33 247 125
192 345 34
44 174 19
113 370 2
62 159 6
131 374 3
59 281 8
357 439 6
159 318 573
156 174 8
4 30 3
18 234 7
273 415 2
168 266 989
30 399 1
154 411 13
47 129 15
368 395 11
250 437 135
4 423 28
180 319 18
114 268 35
262 379 14
47 382 6
168 335 6
69 217 2
280 389 18
10 156 3
181 405 19
76 219 89
132 391 587
331 357 11
365 388 15
140 179 15
179 301 8
136 431 1
196 309 4
223 353 5
4 265 137
77 250 13
54 296 18
276 383 18
79 234 8
271 272 12
335 427 16
243 417 3
161 183 73
312 426 7
136 392 17
187 299 9
28 55 12
317 409 5
14 315 170
308 330 13
190 273 17
90 93 12
226 287 117
161 381 11
10 435 100
164 442 7
217 235 1
312 423 113
186 187 6
213 425 10
72 398 2
138 336 66
297 427 19
281 415 16
410 440 18
142 425 953
29 390 20
112 344 90
215 305 15
409 440 18
195 258 17
137 281 10
191 289 14
219 335 16
143 350 13
328 428 6
97 369 7
302 406 56
124 220 6
163 223 168
118 256 19
250 330 191
15 404 13
305 333 1
142 389 15
76 250 6
111 394 19
68 274 111
101 281 9
151 226 8
58 342 2
123 167 15
56 78 18
40 257 9
231 396 91
103 310 8
168 340 1
21 157 158
27 334 2
372 396 4
1 55 72
279 383 854
102 248 13
229 323 8
300 429 171
308 376 2
1 302 19
19 391 9
126 385 9
7 296 9
116 194 138
110 276 19
13 67 10
303 411 20
162 386 193
410 422 11
14 417 41
26 321 18
184 199 487
115 120 3
46 75 12
37 185 10
297 373 7
133 265 160
194 302 7
21 416 10
238 345 20
190 359 968
123 375 36
154 291 9
14 140 74
184 223 129
38 291 20
9 63 14
190 227 10
345 403 85
55 241 312
4 329 17
39 50 17
28 151 2
153 345 13
48 429 7
111 132 1
315 357 7
108 380 161
247 281 7
369 430 14
164 343 18
342 373 4
105 246 19
151 251 214
311 422 42
140 424 151
46 258 1
159 427 6
332 388 13
43 48 15
33 371 4
64 338 6
202 232 7
132 358 13
234 434 67
102 177 18
262 362 12
79 147 14
9 170 19
32 60 71
241 333 64
357 409 153
74 312 17
252 431 33
169 307 151
168 310 9
194 326 11
118 349 13
136 229 16
214 413 20
74 348 20
88 93 13
26 87 13
296 353 751
203 359 2
151 297 166
290 303 132
27 399 19
101 116 11
315 418 49
194 372 16
354 438 20
169 249 19
277 377 13
78 292 31
373 391 10
176 411 4
181 410 15
121 413 1
201 288 13
131 342 660
138 144 12
154 322 134
10 283 18
233 326 7
159 251 15
205 340 3
121 440 12
187 226 19
59 78 14
69 74 12
85 437 182
324 405 13
165 248 11
62 396 17
103 116 5
35 56 20
12 307 1
314 403 8
37 258 15
9 418 124
82 217 8
113 342 4
35 126 2
26 213 11
152 375 12
291 303 160
158 295 42
229 354 18
200 219 18
156 336 191
358 411 3
183 318 10
20 263 17
34 288 124
21 155 7
200 324 15
126 242 11
295 366 10
4 43 5
357 369 14
129 372 6
15 82 1
241 375 6
213 215 1
285 431 19
251 416 10
38 297 12
298 338 19
134 163 11
354 397 6
105 287 13
170 266 11
377 418 9
149 305 11
25 74 6
94 317 3
287 334 8
223 360 3
332 341 1
226 246 10
69 358 9
54 416 6
158 286 7
8 216 17
38 268 8
222 295 8
336 353 2
184 246 8
57 320 3
214 384 3
56 189 168
243 288 6
140 313 173
13 306 8
73 191 182
24 151 11
75 364 4
90 218 3
19 93 15
3 70 18
249 418 152
42 312 3
16 135 278
358 391 155
125 356 191
133 329 9
71 219 18
123 158 13
130 182 4
21 292 1
111 413 16
88 167 751
140 291 6
230 359 17
184 230 9
270 436 161
17 222 18
109 422 3
223 366 5
303 440 18
115 328 2
369 435 15
43 329 19
207 354 9
29 83 10
210 300 3
71 390 7
18 36 195
33 264 13
227 426 13
19 408 7
117 219 5
147 356 10
295 320 5
329 354 2
235 268 7
138 156 14
93 289 16
176 281 6
158 398 4
297 333 2
270 355 7
72 294 16
87 136 7
231 440 16
330 438 8
130 138 27
3 98 130
64 121 2
256 383 19
39 44 1
215 347 11
68 130 12
364 432 115
13 297 19
358 424 7
16 67 20
34 355 11
106 197 16
2 413 55
74 118 18
237 250 15
63 305 11
332 424 11
330 377 6
140 154 16
3 362 6
41 226 5
221 389 1
81 248 19
0 408 11
54 146 138
193 441 168
222 337 152
188 381 405
159 223 18
23 281 11
189 254 20
96 217 11
157 163 7
120 140 102
212 317 10
9 262 127
210 355 15
64 216 27
19 150 141
50 191 14
54 111 19
102 235 13
226 298 15
74 268 19
184 191 10
133 412 8
227 437 15
227 273 157
223 363 19
31 395 153
181 404 10
98 226 7
202 441 6
131 288 19
78 100 2
291 297 16
50 219 16
111 156 93
52 91 5
30 319 14
148 425 10
191 246 14
0 404 179
15 76 13
209 350 4
98 178 37
217 383 119
227 322 14
65 260 73
127 208 8
75 84 19
29 348 12
65 309 9
37 158 62
8 32 9
91 120 12
22 114 6
43 188 15
48 321 6
27 388 63
165 298 12
20 134 6
125 388 9
101 378 2
130 391 14
146 247 13
180 386 10
23 392 101
189 245 4
148 169 16
41 278 8
35 352 38
370 393 16
71 273 3
60 225 20
42 128 180
89 101 4
166 224 4
165 268 17
112 150 14
129 396 489
239 326 2
98 265 20
260 306 10
205 322 126
94 133 1
271 367 4
332 358 17
36 159 98
24 233 120
167 298 10
227 434 63
277 359 427
329 351 5
218 403 20
172 222 153
29 315 17
308 379 16
128 232 6
70 130 6
7 388 189
60 146 175
420 432 5
9 190 10
0 265 18
98 358 10
21 331 11
67 416 10
185 315 16
15 258 1
348 391 20
103 129 60
132 413 3
342 352 14
45 160 39
248 404 6
147 383 119
159 303 16
55 422 853
305 440 131
214 398 5
114 162 133
263 338 9
4 289 3
8 368 17
315 376 6
375 419 49
163 235 13
32 180 13
17 381 10
73 249 18
159 165 11
183 269 16
167 219 14
207 435 272
91 421 653
186 288 4
307 432 12
16 187 49
11 133 105
312 321 19
173 339 32
170 204 611
74 372 5
287 330 92
45 234 8
33 68 66
63 217 15
163 231 8
19 374 8
92 140 2
138 352 7
37 146 17
246 298 8
106 353 3
78 374 5
311 348 4
395 426 2
48 58 13
14 298 19
8 394 405
135 305 18
342 428 3
58 269 64
25 275 20
12 21 5
226 342 14
185 232 10
63 439 6
106 394 127
13 28 8
179 272 12
185 385 4
335 354 19
244 393 17
153 299 5
129 196 3
138 214 13
287 374 14
298 425 3
168 299 15
45 281 214
50 382 55
114 389 8
41 216 15
121 142 17
37 129 20
66 349 30
35 235 7
333 375 5
11 248 10
297 375 20
271 342 15
147 366 150
296 417 12
226 380 9
155 166 6
123 365 5
132 152 146
98 332 7
0 298 7
268 330 5
275 410 73
35 439 90
92 316 20
143 364 9
43 373 16
227 249 3
9 289 5
47 62 15
328 405 2
348 377 1
106 344 947
164 383 2
38 413 19
87 310 9
79 378 2
86 157 12
120 312 17
322 375 9
331 437 12
0 395 10
317 360 13
50 159 3
236 330 20
77 282 1
141 278 5
81 210 6
154 333 19
38 361 195
168 280 20
41 361 20
83 174 19
57 210 13
60 346 1
218 237 5
1 101 18
1 426 39
24 389 2
11 159 5
9 21 4
231 267 16
177 231 6
110 259 11
270 410 9
145 265 5
110 438 7
32 333 11
224 316 2
132 394 15
131 386 2
241 338 18
149 203 13
100 351 19
157 332 19
30 184 445
283 415 142
45 122 65
7 420 19
295 374 19
358 435 45
226 250 4
156 397 73
217 358 6
124 200 8
337 428 60
147 225 7
80 176 182
14 291 17
36 141 8
158 409 13
303 351 9
45 371 10
276 424 94
21 374 4
114 361 5
194 232 14
18 248 103
55 302 1
246 299 8
159 286 11
280 292 2
28 105 15
298 332 17
246 407 16
154 382 13
126 213 1
126 379 9
4 56 10
45 149 1
299 311 194
215 369 727
275 330 11
215 303 1
258 269 18
216 331 14
11 299 60
0 165 8
128 155 41
248 295 19
36 267 12
182 225 2
132 214 13
217 274 16
148 151 14
317 440 15
298 344 9
242 374 7
26 202 12
291 375 1
211 401 15
286 341 13
312 339 110
25 152 7
169 172 293
358 413 4
122 210 185
95 372 20
72 235 7
67 402 1
162 240 20
58 60 80
245 303 9
199 205 46
150 194 3
121 235 5
42 354 18
300 378 70
179 311 7
197 318 77
251 268 14
101 400 176
56 133 20
221 331 10
22 164 18
1 437 14
76 119 125
19 396 20
34 356 9
19 372 11
4 180 14
175 194 15
224 427 20
241 296 43
69 157 164
233 423 13
121 380 17
3 66 133
303 314 13
50 205 1
35 217 18
106 350 1
25 260 1
98 157 4
151 296 8
20 55 15
84 147 3
225 388 170
48 260 5
172 249 11
36 372 28
12 401 10
22 45 12
119 184 16
292 302 19
173 286 20
303 305 7
339 415 16
171 385 2
96 358 19
267 395 11
292 338 68
68 260 15
5 389 16
218 233 184
109 314 140
226 338 11
184 248 70
8 203 6
140 333 13
8 286 16
25 45 38
100 327 6
376 415 113
138 151 5
156 381 194
100 384 4
12 292 13
181 365 15
0 401 16
46 140 7
146 161 9
30 226 6
84 135 3
3 145 17
140 375 88
427 432 13
154 303 3
309 342 20
162 342 10
47 234 19
121 438 12
5 85 9
98 403 5
157 373 145
22 62 3
170 292 16
10 387 881
198 292 8
61 95 19
93 252 9
77 253 3
307 364 133
37 388 16
85 220 2
400 441 6
128 228 13
56 265 1
190 221 11
206 421 771
74 389 15
15 295 16
26 370 7
101 196 102
367 437 19
39 257 305
84 179 18
250 353 11
336 414 34
128 221 20
185 350 12
44 323 45
303 333 7
62 317 22
193 287 3
299 338 228
94 357 20
184 338 8
2 213 9
366 390 17
434 437 8
93 112 156
150 372 75
18 242 16
29 71 16
40 381 8
46 350 21
156 370 17
157 307 175
285 437 50
232 272 10
131 299 74
83 101 1
241 269 16
25 297 7
3 227 75
246 422 14
381 401 147
330 414 4
150 436 73
72 195 19
81 201 146
260 440 10
59 207 14
373 438 2
236 347 10
83 390 17
158 359 11
21 359 8
30 256 105
129 286 55
192 424 167
4 5 18
137 264 10
358 394 9
27 257 11
14 61 10
134 419 278
401 412 20
301 428 4
234 285 32
143 252 20
78 147 3
146 289 5
49 189 4
117 271 159
147 302 3
365 375 13
319 412 14
304 349 6
101 154 20
115 401 18
159 299 17
87 113 4
212 277 7
151 397 14
21 130 12
76 265 20
16 256 15
65 314 16
303 410 1
2 439 79
229 391 20
87 171 19
42 335 7
0 248 14
26 257 16
3 390 49
201 252 19
44 310 7
112 139 141
342 438 11
330 410 20
288 401 98
1 194 764
83 381 8
13 214 11
3 312 6
376 440 110
116 396 18
269 315 4
260 430 10
72 413 11
11 88 7
84 164 18
31 61 4
257 442 7
99 176 16
21 273 20
277 291 3
361 403 16
58 322 122
101 386 9
128 354 14
93 428 3
119 433 13
24 245 9
46 353 50
109 282 539
439 440 6
156 204 37
54 224 15
43 78 4
28 267 18
43 331 135
15 187 17
309 427 10
88 248 32
56 65 13
344 358 74
198 326 5
41 98 6
126 227 14
275 297 85
62 441 2
183 380 12
97 118 138
9 437 42
144 285 182
42 248 14
47 238 9
362 415 39
208 286 129
297 351 18
322 434 10
2 227 12
166 198 14
212 430 15
7 85 4
205 303 8
155 343 180
121 283 72
211 250 14
211 399 13
330 394 116
80 311 6
46 385 19
341 414 3
292 315 15
74 307 16
26 288 6
299 434 120
300 305 16
80 314 17
140 297 7
214 358 13
131 197 4
261 262 12
120 436 20
67 403 13
34 141 19
16 376 15
88 209 16
313 391 19
161 392 14
42 183 12
43 265 918
15 327 18
44 286 3
70 338 171
422 425 66
99 436 498
56 94 200
211 383 19
232 294 41
34 97 183
164 425 13
43 221 7
102 339 129
218 264 16
224 296 18
54 310 5
131 275 4
105 375 15
266 336 10
21 434 8
149 152 1
75 216 6
43 262 9
23 422 6
284 367 41
7 103 13
324 368 32
251 315 13
19 59 5
305 357 2
144 377 10
37 382 8
25 142 6
122 362 14
48 179 3
226 330 1
35 435 1
7 55 5
356 399 14
23 381 12
38 140 4
112 400 8
74 137 28
215 413 13
58 109 3
78 104 3
33 221 147
68 381 2
229 353 29
84 334 8
226 373 3
32 376 14
80 441 3
372 416 9
339 377 4
142 442 12
73 431 94
91 334 2
217 309 7
85 255 15
11 393 7
28 98 134
298 378 199
102 213 18
49 130 37
94 151 19
239 317 10
111 435 8
271 293 4
171 393 16
217 298 2
84 375 161
382 420 12
39 185 189
14 303 170
224 422 14
138 394 20
62 76 6
11 78 117
74 354 17
4 65 105
6 246 4
202 430 9
87 245 6
45 248 15
85 238 18
32 164 14
170 341 152
303 375 15
70 434 2
76 78 56
164 322 27
102 361 10
209 298 13
214 287 6
4 133 153
208 264 5
0 337 19
10 129 10
32 189 13
160 238 9
339 419 8
140 432 8
272 330 8
163 391 193
76 223 2
70 384 19
90 181 4
338 347 12
169 342 131
228 260 10
248 280 15
107 236 3
266 397 6
120 138 13
159 439 193
157 342 106
222 278 20
205 336 8
97 377 14
130 146 6
121 182 1
98 246 7
10 13 9
70 299 6
273 336 20
410 439 105
63 410 5
186 415 15
182 392 18
4 412 13
117 157 13
95 233 9
297 322 13
63 401 61
210 415 2
322 333 162
64 321 869
258 339 9
96 293 16
196 227 16
382 400 13
207 283 9
112 376 1
56 341 3
174 279 125
135 329 165
42 62 16
416 440 7
9 296 102
3 317 15
83 213 12
119 367 13
69 424 16
28 141 7
116 325 15
261 275 17
297 330 17
410 414 13
42 307 101
126 189 5
153 341 18
225 378 17
41 345 64
122 324 1
52 249 62
174 408 880
215 440 13
159 246 4
29 137 179
314 430 16
333 423 9
33 306 16
221 396 4
289 360 3
14 333 6
293 358 9
23 313 15
272 313 11
20 358 13
48 227 14
297 438 4
47 307 7
162 188 20
106 298 48
14 299 20
36 86 19
104 296 10
310 413 12
391 435 16
62 128 14
71 168 11
240 243 5
350 373 20
123 334 1
13 200 20
67 196 7
65 177 13
9 434 18
347 351 924
171 262 17
206 239 6
68 148 9
350 358 164
196 335 7
202 237 8
43 111 7
366 381 100
192 261 13
154 311 9
303 369 6
253 324 16
149 217 702
187 368 20
4 204 9
159 256 18
205 218 11
64 411 7
347 436 3
315 322 16
0 222 8
265 336 16
287 410 111
267 330 8
229 383 20
235 438 20
11 187 1
11 60 14
50 312 5
25 320 6
92 249 120
109 159 18
184 234 6
122 209 12
409 439 108
42 130 157
259 417 2
217 344 18
1 141 18
24 338 11
190 203 165
39 411 15
212 342 1
249 298 15
221 433 10
28 90 8
14 262 17
232 410 105
93 265 154
26 252 1
221 230 18
82 229 8
20 80 84
19 132 4
151 440 9
43 133 162
76 236 12
2 374 19
116 211 19
220 302 3
330 373 16
311 329 15
195 435 6
27 172 13
34 88 9
137 337 1
182 279 93
104 356 1
337 394 73
140 304 7
233 253 16
185 255 19
234 296 14
168 397 74
113 433 6
411 440 30
291 351 16
255 359 6
162 417 13
92 241 9
221 227 6
175 349 17
1 397 10
75 152 9
54 297 2
211 260 4
229 400 20
111 214 11
43 159 3
15 122 17
106 332 4
402 427 144
126 388 649
187 431 10
93 255 2
263 282 5
169 199 5
15 232 6
125 170 7
125 404 17
50 189 4
71 120 46
281 295 3
310 411 16
377 425 14
191 388 5
107 242 7
337 363 59
271 389 3
96 146 10
13 21 167
130 252 3
102 126 13
83 340 16
201 343 3
104 272 9
69 312 6
53 266 38
189 317 5
151 177 168
101 396 4
109 421 18
313 389 8
102 408 100
194 272 10
4 337 20
228 413 20
307 348 18
38 67 8
42 74 6
112 401 16
56 367 160
215 409 8
309 330 11
41 115 17
117 339 520
69 98 13
184 187 14
11 43 19
15 323 196
3 423 12
216 420 5
298 358 3
220 350 1
96 222 927
155 257 17
53 405 4
254 428 30
161 335 1
69 151 48
7 48 11
128 185 1
284 399 14
50 432 16
142 168 259
4 317 2
66 219 19
35 153 152
221 434 1
49 307 13
234 342 6
62 335 4
140 430 12
93 291 18
108 224 10
169 334 12
29 366 10
0 159 18
69 97 149
285 404 3
52 357 116
163 365 7
2 11 12
48 229 13
62 344 14
125 327 7
159 187 1
340 441 9
221 273 14
23 48 104
257 396 19
8 152 16
65 380 3
183 307 20
157 264 5
161 208 16
86 441 141
9 140 1
111 266 448
187 339 4
120 433 7
25 373 10
249 268 31
205 251 149
89 426 9
304 377 2
63 409 7
131 354 17
125 299 13
99 243 15
109 409 7
312 348 2
63 357 91
391 405 6
56 242 7
370 399 172
54 110 7
20 240 304
219 269 50
22 277 12
398 417 19
313 424 33
157 171 131
29 120 3
115 320 1
90 231 6
9 227 891
25 409 191
48 293 10
311 346 11
284 290 2
258 337 6
239 269 6
58 294 7
67 305 6
265 410 18
110 398 57
133 358 745
256 299 71
43 273 4
129 187 4
71 248 6
55 194 13
238 397 7
92 389 20
211 354 13
79 384 6
342 386 7
92 142 10
230 298 112
21 437 9
99 418 76
38 375 19
229 394 2
103 142 288
215 422 7
188 227 13
368 422 6
24 335 76
51 335 10
69 293 11
13 139 7
316 356 16
409 411 8
252 410 3
102 189 16
344 368 1
302 383 1
232 347 6
77 231 2
210 388 3
69 397 2
60 326 9
24 133 17
151 427 3
35 63 10
298 299 1
74 183 164
108 436 16
137 364 2
58 242 1
14 38 19
5 41 9
61 437 2
78 154 18
110 270 167
157 209 182
322 427 2
26 164 18
43 180 2
45 110 3
190 362 19
59 214 7
51 289 18
239 338 124
155 319 10
102 321 108
58 437 11
151 234 18
122 287 16
156 339 10
21 111 8
341 381 20
240 260 4
63 437 20
9 92 9
189 266 3
112 409 10
78 294 112
12 111 82
176 302 5
59 203 5
261 380 7
190 437 7
333 422 10
77 242 10
160 390 7
157 298 18
116 150 20
298 354 735
63 109 12
148 271 19
320 442 4
42 121 19
132 278 5
38 252 612
21 227 10
200 313 17
308 433 8
18 111 5
226 438 19
175 376 5
128 222 907
159 298 82
264 362 3
350 355 19
35 388 35
35 41 199
342 410 9
184 401 14
303 429 185
63 135 9
37 298 140
227 353 86
184 235 68
38 333 11
122 328 5
24 351 10
62 200 7
169 198 19
35 102 16
80 244 8
108 409 4
315 351 13
384 430 3
82 171 1
166 409 57
112 225 5
107 119 13
144 341 12
212 337 7
198 248 16
170 201 2
159 184 11
238 354 19
248 299 12
203 267 105
139 252 4
264 432 11
220 353 8
411 439 14
159 248 10
392 412 113
106 227 9
336 441 18
17 53 16
271 393 15
159 357 14
134 225 6
49 326 20
120 252 1
39 140 16
15 223 168
217 385 43
95 260 13
184 259 15
19 424 5
285 317 12
163 337 7
269 270 2
98 208 131
358 374 8
197 333 11
78 212 5
353 438 9
79 416 18
147 329 14
362 383 4
254 409 15
23 440 2
45 125 4
30 386 8
83 427 9
27 206 9
238 337 12
70 309 10
32 207 163
209 354 5
217 219 10
206 429 2
265 387 8
275 438 15
164 329 15
30 165 119
3 387 2
247 416 17
181 304 892
45 372 17
93 242 10
202 372 3
318 364 14
29 379 20
24 392 166
167 190 20
17 350 13
223 387 5
129 191 1
313 413 135
55 142 102
159 440 17
307 430 1
160 167 13
279 352 14
38 342 105
70 401 1
26 429 81
70 145 8
144 271 8
23 190 11
284 423 17
186 427 17
219 319 18
273 308 8
162 306 6
393 411 10
282 391 18
80 123 1
137 163 7
35 372 8
291 325 66
10 22 8
79 212 699
12 175 129
38 154 18
15 42 5
65 265 13
101 350 1
336 394 7
1 43 1
2 274 13
186 281 193
188 289 15
188 263 16
95 307 22
345 432 3
173 345 7
214 293 16
183 391 172
156 441 19
78 360 3
111 112 9
98 350 902
112 264 17
335 346 20
68 183 19
105 314 5
156 194 11
28 93 7
276 376 3
214 266 9
157 427 19
266 441 12
71 84 8
22 380 6
71 316 8
150 171 8
265 297 13
128 307 11
303 441 120
254 281 9
316 319 113
287 297 7
234 349 11
24 60 2
214 394 15
284 373 4
50 369 18
126 170 11
99 305 190
131 226 19
234 398 25
22 392 16
63 184 113
89 110 13
422 442 2
260 320 1
48 310 4
32 124 174
186 403 19
167 173 12
13 98 619
21 190 6
201 278 19
78 189 156
173 186 64
259 403 5
43 58 13
79 213 18
93 421 140
87 190 19
124 333 14
90 349 13
194 227 16
225 231 20
393 429 2
102 184 96
418 439 343
74 391 8
48 111 81
136 158 14
269 438 20
11 246 157
66 280 9
10 70 18
128 403 9
79 319 9
70 428 138
131 373 14
79 352 4
64 201 12
128 335 13
118 411 1
223 283 106
65 378 7
251 413 4
180 229 20
23 317 17
385 418 7
47 372 11
42 276 2
55 65 620
152 320 19
377 382 17
24 113 12
44 73 40
115 130 14
257 394 136
148 257 3
199 217 280
43 200 17
58 273 1
129 391 6
70 265 259
97 378 4
228 276 16
320 376 9
264 416 11
78 422 1
63 440 18
14 105 17
84 351 18
308 430 147
343 439 16
93 387 6
15 40 8
80 324 8
16 318 115
319 405 2
36 297 13
329 425 11
102 122 161
49 249 127
307 391 1
194 197 12
166 187 7
221 245 13
55 442 15
54 170 11
30 279 12
28 145 45
117 118 10
147 369 148
94 316 7
285 401 3
254 307 3
167 291 19
174 297 5
63 213 17
7 241 165
14 367 2
123 232 10
127 250 3
266 341 16
225 269 2
173 228 20
105 280 16
82 201 50
409 422 40
292 299 15
5 392 12
46 168 4
226 308 9
126 352 9
230 349 5
152 277 8
150 405 8
396 438 6
194 383 2
230 324 7
288 311 13
5 151 164
11 65 131
351 426 16
159 169 12
276 282 14
20 112 8
287 342 9
95 321 11
155 244 11
400 422 12
270 400 10
385 438 9
161 171 132
55 383 5
329 381 821
86 110 10
250 308 11
376 424 19
111 331 191
117 257 8
366 441 14
157 424 18
92 322 526
50 307 7
74 430 11
356 425 164
321 326 14
55 276 1
187 217 86
98 354 13
153 247 11
248 401 8
10 145 1
217 350 5
65 94 178
44 111 20
146 210 1
14 297 20
305 422 3
135 235 7
16 22 15
205 406 9
44 337 16
60 220 2
97 185 5
393 409 12
250 390 7
83 425 2
61 137 173
77 159 15
302 405 3
221 414 11
23 273 7
116 372 11
379 432 1
324 339 5
43 189 15
68 117 1
11 189 11
47 157 12
422 439 136
221 242 20
297 342 12
126 153 6
93 431 16
325 352 17
52 245 6
51 288 12
315 333 2
190 435 18
29 194 3
256 273 178
363 425 20
108 225 8
145 207 19
0 70 53
291 322 87
77 87 16
106 358 15
53 70 16
153 184 4
236 408 1
196 216 19
63 119 12
103 422 689
289 323 2
9 221 22
287 354 17
98 367 13
79 423 17
43 190 6
179 341 4
25 387 14
3 265 178
47 184 4
334 416 147
150 391 5
149 161 16
105 370 9
281 304 4
76 91 12
89 296 16
139 201 3
69 298 18
11 94 4
79 130 17
23 227 58
324 391 18
291 356 8
46 103 17
267 406 10
2 175 40
284 305 8
32 262 6
19 254 11
282 388 4
196 240 8
209 367 4
78 265 16
411 412 4
118 384 24
326 406 4
303 315 12
331 434 8
41 253 15
259 289 13
218 270 14
363 373 14
113 250 20
40 374 7
13 70 7
171 247 10
236 282 32
31 130 1
115 359 1
45 115 6
131 162 17
307 376 18
47 258 19
132 336 15
237 381 13
65 241 127
290 349 64
226 410 9
261 341 7
40 316 18
25 287 77
46 165 12
202 301 10
5 281 92
177 233 15
10 268 169
268 368 187
228 340 15
176 290 12
250 337 7
136 406 9
20 356 20
51 97 105
113 311 170
98 165 12
111 397 15
344 424 12
94 265 11
25 354 11
371 385 17
48 275 7
102 217 5
254 414 4
134 144 62
102 153 64
106 424 11
293 357 3
213 214 20
123 127 19
133 414 13
306 385 13
106 380 181
213 413 5
213 426 15
292 420 7
136 147 6
112 332 11
79 332 33
121 370 15
45 302 14
127 163 13
111 166 10
165 166 12
378 385 1
154 375 9
156 348 194
99 317 172
264 431 4
43 131 19
23 221 3
206 381 18
226 310 10
111 336 9
0 393 114
138 435 145
98 184 2
221 238 18
273 387 10
184 358 2
50 204 7
49 441 107
122 248 19
13 159 11
254 386 11
196 304 6
79 315 15
135 317 16
136 213 16
83 153 14
18 346 5
216 326 16
124 244 15
262 352 2
58 434 10
335 348 5
138 314 14
326 413 19
239 268 20
302 424 17
40 80 14
115 333 35
185 321 157
199 243 3
18 206 13
259 331 12
406 440 7
137 275 115
239 389 398
83 203 19
111 391 194
100 286 5
89 180 136
263 370 8
45 323 17
144 422 360
60 322 2
83 419 2
108 327 32
22 199 9
45 200 12
48 159 18
99 122 19
209 424 17
185 270 2
170 382 70
71 397 99
170 380 9
131 297 10
40 366 97
157 378 5
162 373 16
173 380 16
38 351 3
140 322 5
156 435 3
70 226 20
68 189 7
48 148 20
187 246 31
81 99 18
58 190 19
116 121 7
54 403 385
169 231 9
114 306 186
188 395 3
100 188 1
297 380 158
341 353 16
131 263 6
105 244 123
286 362 20
48 434 10
169 219 19
43 77 13
159 409 4
133 378 13
25 330 2
362 435 5
22 37 80
9 130 13
299 404 17
239 411 12
35 376 8
14 228 175
144 328 6
35 117 10
221 437 15
113 219 16
61 375 5
296 348 124
84 215 3
211 327 4
261 383 19
270 331 10
355 390 3
72 196 17
53 312 17
200 334 717
65 189 10
305 411 2
131 309 626
232 431 163
154 297 8
134 431 15
190 250 5
23 352 20
285 339 7
229 242 17
43 385 6
42 348 20
56 264 9
48 221 12
194 391 8
107 392 15
39 62 4
227 331 94
134 146 3
2 156 759
109 215 2
4 11 7
59 372 15
72 186 100
184 242 18
70 159 13
305 410 7
23 395 15
82 366 10
62 74 7
191 393 14
93 98 16
164 170 19
39 216 105
126 312 120
14 154 10
117 279 5
144 247 9
30 241 15
196 288 7
150 396 8
131 186 123
100 363 1
94 189 4
98 299 6
49 64 119
79 392 20
124 129 10
4 94 14
21 43 14
96 225 14
243 244 19
27 413 18
157 404 20
158 340 11
16 351 6
111 441 19
241 408 157
6 280 1
70 76 20
40 419 1
119 251 12
131 287 17
33 286 20
213 353 12
272 414 1
27 284 5
115 419 17
18 323 3
110 215 17
29 276 19
287 395 18
331 413 16
410 438 140
14 324 6
102 388 13
300 431 19
93 191 19
24 65 8
63 235 16
190 401 2
257 387 4
293 413 14
141 189 2
206 388 11
55 156 10
