592 6000 3
128 414 7
166 415 6
304 388 9
104 529 8
31 51 46
47 492 17
159 219 9
146 421 2
285 493 6
166 229 6
381 561 3
215 499 13
318 571 3
400 412 1
318 415 89
20 436 2
126 160 9
185 398 12
117 274 1
228 360 12
160 406 66
43 210 5
211 250 11
388 478 4
55 79 20
333 394 10
284 503 14
270 413 5
51 401 177
287 496 1
142 238 17
101 203 169
327 365 132
213 349 20
198 502 8
299 415 15
90 430 6
152 551 9
28 342 2
27 509 2
49 269 166
13 502 18
365 465 16
42 266 18
253 585 14
230 517 2
254 558 141
66 500 17
57 73 8
310 589 3
107 198 8
353 363 2
418 514 766
367 445 16
143 151 6
136 526 12
6 306 14
331 339 14
375 480 10
337 406 19
107 258 20
244 478 136
187 491 15
514 562 34
75 481 1
276 416 3
146 480 90
341 582 17
240 251 87
62 376 20
19 143 6
33 393 6
267 532 9
331 591 3
178 208 47
76 205 9
200 340 12
188 201 17
139 288 19
316 499 9
308 309 19
122 490 175
322 478 12
568 584 13
6 573 12
49 125 7
367 480 9
1 515 3
427 584 32
223 338 5
60 530 1
6 366 148
312 538 10
324 408 6
290 571 4
30 510 2
306 509 6
146 527 4
450 549 11
107 146 49
251 341 14
291 422 20
78 341 36
512 529 14
482 487 1
200 493 40
266 579 14
388 401 10
247 412 14
10 169 1
508 525 16
68 117 187
114 432 71
64 363 3
116 312 1
288 524 4
108 344 19
30 134 20
311 500 11
467 584 16
218 534 18
150 519 16
136 302 13
424 473 10
210 410 2
162 568 9
230 241 10
6 111 19
248 566 25
201 548 2
229 454 13
388 536 17
39 191 19
175 357 7
346 579 1
465 535 13
59 578 16
90 367 16
233 418 124
218 569 27
434 556 19
106 584 1
195 413 136
137 351 6
292 410 20
295 409 13
285 565 17
10 91 16
183 351 18
29 169 153
424 481 11
356 481 8
12 433 10
143 387 13
2 373 4
333 436 2
24 228 8
265 487 17
9 485 13
168 325 3
92 144 12
159 458 342
217 355 327
267 540 3
421 495 18
169 274 17
436 565 145
387 461 6
34 388 98
247 489 15
77 88 1
31 486 188
183 285 1
28 274 14
49 232 31
149 159 20
320 360 184
11 583 9
21 436 1
159 286 8
332 339 174
274 491 2
97 556 6
550 554 16
317 581 13
264 516 5
275 338 13
195 508 20
210 585 2
44 429 20
271 450 12
257 282 20
20 584 18
92 136 10
44 140 6
162 235 10
70 571 14
90 161 12
266 487 12
369 530 9
234 485 20
231 344 15
446 586 12
201 203 200
178 413 9
89 341 4
325 345 3
39 387 3
68 129 77
93 419 14
234 424 2
169 485 8
245 350 15
148 501 17
439 584 8
233 291 20
122 146 8
311 550 788
82 136 19
324 364 8
70 309 14
112 557 17
53 290 19
156 415 68
57 292 15
215 225 18
20 505 2
479 492 11
463 556 6
77 80 6
378 561 10
3 198 4
73 549 2
61 535 11
161 198 11
79 255 7
171 356 10
200 349 8
88 268 5
16 117 424
78 415 16
121 156 9
92 357 13
6 59 180
121 288 11
466 569 16
313 358 92
61 284 9
120 263 6
283 310 13
371 540 13
107 439 30
233 258 17
182 254 3
141 220 5
163 449 199
36 60 9
28 303 116
91 503 1
71 293 3
123 250 12
254 429 6
17 314 88
262 587 17
322 392 7
188 585 70
14 474 580
133 311 16
99 423 4
376 562 2
496 508 8
329 561 68
281 286 9
56 422 173
130 171 3
412 549 18
515 541 55
331 506 146
279 354 3
230 476 9
319 474 11
94 233 6
260 346 11
79 553 5
294 386 17
30 537 54
154 476 80
268 319 45
3 451 14
43 172 11
8 29 9
429 544 10
6 253 2
370 461 9
389 420 10
94 167 15
2 309 513
158 278 17
441 535 17
73 297 102
251 557 11
125 245 13
30 511 20
170 475 12
98 327 6
6 536 4
77 478 12
131 281 2
14 174 5
315 325 18
58 311 7
368 411 5
398 456 144
36 422 16
239 529 14
465 542 11
303 554 18
273 397 3
361 533 14
30 291 10
45 556 16
294 433 105
234 403 10
72 341 20
159 262 8
79 557 9
319 381 14
238 505 82
159 233 5
86 339 390
276 584 53
88 411 7
115 283 9
54 147 12
253 540 3
466 540 7
360 518 5
225 354 20
582 585 4
14 497 10
25 513 13
284 573 10
487 504 6
217 442 121
188 236 11
548 574 19
23 326 10
127 572 16
170 576 7
104 565 355
209 514 2
52 476 4
274 406 70
81 538 7
198 226 1
305 485 193
26 441 15
29 401 3
141 529 7
31 329 4
400 488 15
234 455 10
422 495 170
249 407 13
380 422 5
65 217 17
14 310 18
265 403 822
147 503 71
59 142 7
416 449 14
91 571 92
472 575 39
86 214 6
297 360 19
194 282 10
196 431 11
238 387 1
358 360 11
242 347 145
13 575 14
331 419 19
70 287 1
93 530 13
254 550 8
318 529 15
26 556 4
6 33 11
193 249 8
271 408 186
326 503 9
288 457 11
75 250 16
364 431 8
107 493 185
63 435 2
158 558 4
201 512 4
102 267 19
232 484 74
27 113 9
134 497 11
223 464 11
150 455 121
287 291 3
138 292 147
33 142 5
39 389 20
120 144 19
315 384 1
147 270 151
121 158 17
117 383 15
30 317 12
99 169 2
72 446 15
42 112 13
444 455 126
262 473 2
203 512 3
327 523 14
239 556 20
83 430 13
32 555 13
42 201 7
478 525 8
209 434 12
118 198 42
10 83 7
16 263 2
317 320 20
395 510 19
415 477 7
24 535 17
44 374 8
113 306 17
301 416 11
88 498 16
278 490 73
23 566 8
261 500 17
138 567 19
177 506 19
33 208 188
228 262 20
166 549 133
65 421 2
146 325 16
98 498 9
491 519 17
23 137 12
19 199 19
357 442 140
6 142 18
98 177 1
25 239 3
146 225 8
189 212 13
33 271 17
17 539 7
13 432 20
23 332 20
223 549 7
65 411 16
293 424 5
490 582 15
465 560 10
99 327 21
160 436 20
207 423 5
498 542 1
248 411 12
293 382 17
11 444 399
166 403 13
3 359 923
46 111 12
120 145 47
91 251 1
55 439 10
56 225 14
82 285 6
76 162 18
175 382 6
134 202 11
159 418 11
142 553 8
33 553 2
469 564 8
224 247 7
8 43 8
238 474 108
81 404 89
137 388 8
574 585 704
421 532 3
221 411 3
131 581 2
247 553 11
200 303 19
331 414 7
294 527 199
322 327 4
489 523 14
199 549 14
249 521 16
222 425 20
391 432 130
519 556 12
45 570 8
415 471 1
285 436 1
59 499 5
485 490 17
230 357 1
458 540 11
1 192 20
64 198 18
191 296 3
274 547 4
76 174 108
259 486 106
84 115 15
375 506 4
82 276 11
358 511 1
73 459 14
215 320 7
238 486 8
311 555 6
130 278 139
466 559 19
154 512 134
396 567 14
422 565 17
59 371 18
300 553 9
198 570 7
319 441 148
2 531 167
435 589 2
116 402 15
95 562 7
352 527 17
5 429 10
233 415 7
218 482 16
175 312 4
59 170 91
11 65 14
72 474 15
288 490 18
191 591 2
112 538 181
233 481 6
76 250 11
307 561 8
130 166 1
435 459 18
342 376 5
330 542 20
258 267 107
47 366 9
110 237 19
28 138 9
85 342 18
478 519 197
297 482 13
529 571 55
77 314 82
112 545 17
155 553 18
141 424 5
366 569 5
453 504 17
373 507 11
110 551 17
83 467 908
29 552 19
102 485 5
356 460 17
185 492 5
143 267 16
310 540 6
305 584 15
296 299 4
11 503 11
88 551 15
463 588 6
50 297 86
478 493 16
154 210 26
209 453 18
436 440 29
372 377 6
73 357 2
138 250 20
60 443 12
398 472 330
5 168 16
67 374 10
88 390 1
41 173 11
351 542 15
29 199 3
177 309 16
68 404 17
33 111 11
389 431 2
26 68 1
396 478 2
161 231 121
129 396 35
98 557 5
122 414 19
165 331 17
488 578 16
121 204 9
25 588 9
56 493 19
217 512 97
34 168 6
221 346 14
43 91 10
386 499 17
233 475 2
251 542 1
517 553 17
238 459 6
22 319 7
118 270 51
87 572 7
200 413 20
50 349 94
391 545 10
464 481 8
47 206 176
248 576 70
512 587 13
341 481 7
26 486 13
123 278 16
108 225 9
208 339 19
162 415 110
381 432 116
138 563 9
435 549 964
269 277 5
239 569 14
271 425 15
18 375 20
218 309 11
130 297 2
102 401 298
68 163 157
40 196 7
139 312 8
505 538 6
96 308 15
231 371 5
186 239 41
256 538 19
279 444 13
113 282 2
168 339 3
178 314 9
289 483 13
183 500 4
142 395 23
377 485 17
140 296 100
103 475 17
2 226 29
73 587 92
411 523 6
203 421 3
369 466 152
34 45 7
103 504 20
268 563 176
334 343 10
256 376 16
431 491 10
455 563 18
216 587 13
99 394 10
100 524 1
341 344 19
164 254 19
111 566 17
69 298 19
329 441 1
245 257 4
79 359 6
389 537 2
343 416 19
144 436 108
316 388 4
51 236 14
297 549 2
51 132 12
393 488 9
446 591 7
73 104 7
178 206 65
129 137 1
132 297 15
115 185 9
293 335 12
73 159 17
189 230 16
0 442 54
554 590 3
66 459 152
196 411 259
58 582 9
424 571 13
6 388 19
437 518 175
131 175 15
282 578 16
438 480 19
301 329 149
175 365 7
29 415 16
280 530 11
77 306 3
229 275 13
253 258 355
352 447 393
80 291 7
154 532 9
240 481 6
140 363 898
80 238 20
219 294 14
236 364 8
306 337 2
154 267 2
390 531 20
267 399 4
141 186 999
0 300 3
95 495 1
76 290 17
42 464 18
75 341 15
46 89 9
43 179 20
18 137 14
48 451 6
205 310 18
338 501 19
237 360 14
93 588 12
134 371 183
234 352 14
175 249 6
282 456 8
289 369 194
0 443 1
63 396 6
345 354 198
295 478 3
95 241 2
14 567 10
228 390 6
90 207 5
0 553 18
10 511 114
110 276 16
400 424 5
388 501 4
133 263 19
351 538 9
345 542 18
299 397 18
157 511 114
366 498 11
287 537 11
451 495 12
1 84 467
330 567 9
11 89 1
132 574 19
47 198 18
500 583 66
29 448 15
191 450 15
127 175 195
146 298 2
49 319 246
77 462 18
263 325 15
339 432 18
28 119 14
457 500 18
85 536 19
51 543 15
300 537 13
184 553 7
121 283 9
4 90 10
371 492 13
267 402 58
189 535 1
188 350 17
77 78 141
35 567 11
156 413 331
323 573 19
18 140 2
224 476 17
73 519 17
111 553 12
225 244 3
513 569 13
401 411 2
142 188 10
58 91 7
311 383 1
266 289 178
427 551 81
216 573 143
126 464 2
105 295 4
162 499 18
43 527 14
304 432 9
89 432 8
244 591 1
226 488 6
104 435 4
4 193 7
6 393 9
185 349 20
22 116 31
96 549 16
125 544 12
234 520 20
107 471 19
84 392 10
223 270 39
118 199 182
102 465 1
432 533 8
211 468 3
63 543 1
343 410 6
377 520 7
44 392 112
104 351 5
288 587 115
571 588 17
315 523 9
421 493 19
248 428 68
157 577 1
207 233 153
40 192 16
320 525 169
357 513 119
219 392 15
85 470 18
109 164 14
448 524 20
326 426 6
26 532 4
141 318 4
33 59 13
354 414 7
263 548 30
123 188 22
510 525 2
524 535 721
526 538 8
369 539 130
232 251 95
116 363 16
305 431 807
65 460 16
111 393 4
97 541 8
17 560 11
90 313 19
35 308 5
327 504 8
320 383 8
393 461 5
98 501 182
27 496 11
207 428 10
274 387 9
360 461 1
127 173 3
332 428 17
177 257 866
344 555 6
259 414 12
189 391 20
6 230 20
500 580 17
99 431 19
88 562 20
210 246 11
154 225 18
182 395 20
43 400 17
12 568 5
21 327 105
88 427 9
144 571 9
3 431 2
1 510 12
55 327 8
296 534 2
163 517 13
68 496 3
375 570 372
234 527 118
313 486 18
350 455 14
483 515 112
498 534 49
144 290 14
264 388 811
416 444 7
339 544 6
297 322 14
35 505 11
549 585 17
55 293 3
284 326 8
162 295 9
142 529 13
290 318 859
117 490 20
541 591 1
95 194 15
121 252 4
50 431 20
94 493 13
67 494 2
90 575 17
430 481 19
49 201 6
136 524 11
431 495 11
481 524 12
14 159 14
42 583 3
88 157 18
87 582 2
31 429 4
144 512 5
379 507 169
198 243 14
124 144 28
440 577 15
410 549 6
323 391 1
183 233 4
388 477 10
255 537 8
11 518 1
16 482 2
287 312 13
103 500 119
256 314 1
357 378 19
25 295 185
119 225 18
262 341 15
335 583 199
1 318 134
84 287 5
51 538 20
175 340 151
59 547 1
43 147 15
257 302 6
260 390 3
107 162 17
1 142 6
76 193 18
106 389 12
91 327 14
158 533 163
153 581 6
25 224 7
330 405 16
96 543 20
324 423 8
129 558 9
232 578 1
172 339 19
114 568 27
127 186 6
39 473 139
56 317 378
224 316 19
150 323 1
225 239 29
169 238 12
100 410 18
353 390 105
249 276 677
416 509 17
17 60 16
459 464 14
208 469 16
179 249 4
23 401 15
302 384 12
73 465 5
271 413 6
502 506 409
423 539 5
47 568 8
184 473 16
87 274 2
127 259 110
124 400 12
303 351 15
512 554 921
186 489 20
34 514 2
13 242 20
199 363 189
317 387 11
183 583 733
110 143 169
291 482 6
212 294 1
20 225 2
400 453 7
16 222 2
253 267 8
83 536 18
76 81 12
18 554 12
245 306 55
409 556 4
3 90 18
19 178 6
82 200 10
155 159 13
271 499 12
331 373 9
390 417 19
13 46 7
250 476 2
197 375 11
343 570 50
199 343 1
129 501 15
84 90 15
228 424 11
360 480 11
373 590 1
49 382 18
450 509 4
98 420 114
253 365 3
328 471 16
83 220 22
105 447 5
295 444 12
296 354 18
242 529 17
45 492 7
175 435 3
67 295 61
223 559 142
31 240 1
13 415 3
0 357 183
34 264 84
63 283 14
151 164 15
17 417 1
233 262 17
164 357 200
244 297 18
129 444 93
34 573 16
54 407 140
38 134 19
341 464 6
375 508 177
112 221 10
259 561 8
89 224 14
353 500 5
176 528 1
90 514 224
117 510 18
389 591 5
383 434 1
194 534 17
128 336 3
365 386 15
88 183 14
280 362 3
20 401 9
253 498 78
18 353 95
19 520 10
210 300 37
33 268 14
34 401 709
238 473 11
92 483 13
29 390 16
46 547 237
196 492 9
513 566 18
228 553 94
197 445 15
38 327 679
77 493 3
187 341 4
77 436 10
54 306 466
413 425 8
236 337 178
515 563 3
357 489 162
329 413 13
348 379 20
87 407 17
514 559 134
142 509 20
207 481 9
237 454 4
54 485 198
121 341 13
488 534 3
244 589 7
4 49 20
439 493 193
184 504 10
255 371 235
248 320 11
42 212 19
309 527 1
265 564 14
313 571 20
120 249 98
239 317 7
400 444 17
163 486 10
121 383 13
163 430 7
250 531 10
101 117 6
343 364 7
299 318 17
417 503 2
140 435 17
85 232 145
136 200 10
97 393 14
519 580 14
16 548 11
243 259 8
45 519 197
59 493 11
11 224 397
334 552 13
112 210 17
165 252 3
129 519 149
86 180 3
36 553 189
250 502 38
75 220 170
162 584 10
142 379 19
448 551 6
220 235 4
353 423 13
143 551 6
1 307 9
68 228 15
390 572 20
88 487 964
205 583 18
377 380 11
119 574 54
48 503 18
232 459 16
389 457 10
341 528 14
406 575 128
308 382 153
202 398 796
355 577 6
197 551 5
262 583 9
164 296 15
349 500 132
116 480 18
74 116 9
96 356 420
248 415 1
255 462 15
61 73 5
213 554 19
125 201 70
426 508 7
269 462 7
281 314 7
126 426 13
150 487 7
36 368 17
40 131 8
424 550 3
351 558 56
164 377 5
33 361 141
334 412 19
202 542 83
252 472 16
58 545 15
10 417 6
477 527 91
89 549 18
166 385 15
481 482 2
24 151 6
496 542 10
147 421 2
31 389 1
131 150 17
198 275 9
141 290 35
244 425 19
206 570 17
145 389 2
4 298 29
149 167 20
376 445 151
76 519 5
155 179 3
356 585 1
6 326 2
428 433 3
336 562 8
254 506 2
66 575 8
168 295 10
172 182 13
186 319 7
343 549 18
86 192 4
355 489 20
140 399 3
465 541 20
499 553 12
223 336 12
215 304 10
53 245 19
280 433 3
217 537 8
224 276 7
309 380 3
274 281 10
346 567 58
190 547 39
286 464 18
190 455 3
39 491 19
213 362 14
152 505 7
263 588 63
298 544 13
7 579 3
138 201 3
323 441 5
132 525 119
25 100 4
201 341 38
400 451 76
250 486 3
171 558 7
378 483 13
250 512 4
23 393 15
49 188 10
38 57 100
122 460 45
377 491 5
329 356 12
299 509 910
101 218 5
199 492 1
361 414 8
208 434 19
100 110 14
338 422 2
544 581 596
253 395 18
515 548 831
235 422 9
77 134 11
120 466 4
154 402 444
77 266 823
73 75 1
388 504 125
159 309 1
118 446 2
186 522 2
283 335 1
81 269 37
2 253 13
373 392 2
296 478 59
145 151 16
7 533 188
46 562 285
140 297 16
5 368 2
147 427 12
136 523 12
142 398 16
182 266 16
481 570 4
273 357 4
131 395 18
129 388 19
283 431 16
515 532 20
384 527 9
395 507 14
89 276 5
291 573 157
9 425 12
140 470 1
284 552 139
438 474 19
13 422 1
401 513 2
5 464 12
398 505 15
319 378 3
83 390 11
117 437 19
290 481 129
285 293 19
197 262 5
489 531 1
55 276 20
225 302 165
15 40 3
137 442 97
365 496 10
308 419 5
378 523 36
47 342 3
289 489 14
287 392 189
190 328 4
264 491 11
91 121 44
432 569 16
223 500 57
311 463 10
132 151 4
142 566 4
169 567 13
251 290 7
270 428 8
418 519 3
522 582 13
318 424 186
253 431 2
334 548 13
216 464 11
119 332 10
545 571 4
293 531 15
9 59 30
182 480 4
97 544 16
10 525 14
0 40 4
12 448 12
18 216 3
265 549 13
110 444 11
80 314 20
288 497 7
125 527 7
200 224 772
6 451 5
118 359 15
82 186 10
443 533 14
74 513 4
127 130 18
166 475 133
163 260 10
113 454 4
235 271 20
6 176 16
78 481 63
277 381 19
43 227 1
152 519 7
7 236 74
534 584 659
360 557 18
31 432 15
23 107 18
220 296 16
323 395 20
250 535 20
294 365 14
103 442 9
52 525 4
287 416 5
388 513 11
51 335 7
294 341 16
56 355 14
246 449 4
158 386 2
452 561 13
338 553 4
1 423 3
80 203 16
393 499 20
117 149 7
68 261 1
149 372 95
71 86 383
1 359 13
143 556 104
86 215 11
71 585 4
152 459 11
76 108 1
318 355 5
286 444 15
90 314 16
39 134 9
10 256 58
32 67 10
25 488 16
319 433 197
87 437 8
410 579 17
26 57 1
326 371 7
15 152 2
34 536 172
100 371 7
15 358 5
119 234 12
509 590 148
50 380 570
16 293 26
121 251 1
160 376 524
57 412 11
530 562 44
143 429 7
297 443 12
257 497 19
11 100 40
168 369 14
394 514 19
134 574 13
272 304 5
4 528 4
169 474 19
478 534 1
262 524 12
354 470 17
139 379 14
345 590 10
326 413 2
294 432 6
157 459 117
162 544 850
8 282 10
96 560 12
377 387 8
75 94 6
203 429 13
253 346 11
38 109 10
3 346 10
449 534 5
16 354 14
175 319 17
110 505 89
119 415 14
1 2 170
367 464 11
12 212 3
268 584 5
1 112 6
256 398 5
73 322 2
18 464 12
36 132 17
109 591 15
258 540 13
41 134 6
408 462 7
236 484 8
7 249 9
92 456 1
116 580 200
1 523 25
465 519 3
312 322 13
26 138 17
95 578 4
121 424 8
26 164 146
325 545 71
49 515 1
55 224 1
40 324 16
211 511 10
5 97 6
326 553 16
335 413 19
81 170 11
18 556 31
100 444 12
27 564 2
55 250 149
397 444 10
291 543 88
540 547 17
564 570 15
32 64 7
209 527 96
13 147 19
428 506 85
28 130 17
111 251 741
210 371 8
212 303 12
164 569 15
26 225 331
320 413 4
100 576 15
329 506 131
316 502 185
49 121 2
451 555 13
283 523 7
44 416 9
54 121 137
28 311 7
303 485 175
338 590 15
227 394 3
142 233 3
253 501 17
353 579 8
332 528 19
196 348 162
32 358 4
170 590 9
73 343 1
209 273 124
213 289 190
3 102 7
179 375 37
74 199 8
81 193 99
448 559 2
253 277 13
313 372 12
111 221 14
240 318 18
29 307 42
151 516 3
16 559 19
430 565 19
261 421 9
146 218 119
82 448 10
288 542 18
117 532 13
448 527 20
121 303 15
270 505 14
106 294 16
280 448 52
1 334 17
240 470 1
390 430 72
404 474 2
314 353 7
1 361 18
435 438 6
245 246 16
52 100 84
12 249 47
109 285 9
278 434 5
23 220 16
21 133 1
41 124 14
28 571 8
140 526 9
107 467 2
253 532 13
99 553 36
89 143 3
100 126 3
234 317 20
127 502 199
113 196 14
178 374 17
287 481 18
267 544 94
156 241 16
274 389 13
370 512 16
154 253 1
165 213 4
310 367 16
20 76 11
142 276 8
64 97 19
7 323 6
22 235 9
250 510 6
285 583 2
402 586 71
407 485 18
114 226 3
188 515 105
114 490 8
498 563 654
106 137 20
63 76 16
312 533 17
25 444 1
4 114 18
173 325 18
23 531 3
6 129 14
23 224 11
178 285 628
312 439 797
208 381 20
339 496 2
67 281 17
20 498 13
164 506 13
319 365 12
51 316 7
80 436 180
330 591 5
319 388 2
9 399 15
254 380 10
4 11 19
424 529 16
76 116 14
105 180 8
288 390 16
120 169 8
56 205 16
98 163 167
25 307 14
222 307 11
85 109 20
17 398 4
182 542 6
226 263 98
219 400 14
212 234 163
129 340 10
130 362 19
194 558 5
405 531 104
39 418 10
166 356 14
220 269 2
220 516 17
49 405 17
61 468 9
151 368 9
259 421 20
19 425 16
264 366 19
268 418 15
137 366 17
220 241 7
114 227 7
250 372 11
84 107 1
118 369 70
198 555 11
343 510 2
117 322 1
384 433 78
82 547 101
65 224 3
2 89 8
24 35 11
103 305 5
245 558 114
52 137 16
201 527 16
362 365 15
448 585 167
572 584 3
62 386 5
82 284 112
316 574 1
190 460 14
45 322 18
178 344 2
70 183 14
31 362 9
42 443 17
94 436 18
191 547 84
531 566 12
410 509 20
272 517 14
271 497 20
158 256 19
454 568 19
129 471 190
129 478 19
103 439 10
288 314 68
9 92 8
125 292 8
223 498 28
216 396 8
55 267 52
311 436 1
4 371 19
102 126 189
62 290 181
176 312 1
0 188 10
193 412 7
120 313 16
329 488 16
96 535 157
133 369 7
215 258 118
28 582 183
153 288 10
352 533 12
159 160 8
206 290 13
14 102 13
79 376 17
434 517 140
313 464 18
223 404 18
39 556 17
193 203 18
535 588 17
98 467 57
343 412 2
127 403 125
216 262 7
126 196 241
71 584 10
142 467 11
98 314 45
216 481 145
58 416 8
503 555 1
349 567 6
372 540 8
1 484 16
327 576 900
536 561 7
77 137 12
104 325 12
334 411 442
79 450 14
332 482 6
84 247 1
396 518 3
84 464 1
503 549 4
283 362 4
104 545 9
184 510 5
173 421 194
235 269 17
84 455 15
200 287 5
230 319 16
39 450 15
273 321 11
18 445 93
401 556 7
155 252 67
155 203 17
219 495 20
118 413 38
324 341 17
61 270 5
75 89 15
46 154 6
16 583 17
317 361 18
242 403 13
26 555 6
122 368 2
39 533 7
173 562 18
185 393 20
109 208 10
14 272 11
267 287 17
128 466 15
89 324 9
61 351 13
376 434 17
158 448 1
272 384 199
56 578 824
131 537 18
127 498 16
43 580 7
41 320 16
350 462 85
400 553 18
21 451 10
294 309 96
292 421 19
18 459 14
295 449 12
75 223 7
62 487 10
92 238 1
29 303 4
239 360 20
352 556 14
293 317 12
298 549 16
88 225 14
200 281 8
90 154 7
102 370 157
89 444 2
187 529 20
353 541 15
213 273 14
317 448 3
84 298 442
101 531 164
138 536 17
288 572 6
311 490 11
497 528 126
277 557 65
319 478 13
226 395 17
300 466 2
291 525 4
411 425 8
319 585 1
26 135 6
35 387 8
18 52 16
97 173 20
140 529 4
143 490 172
212 543 13
109 137 4
443 449 4
48 439 7
161 305 18
333 458 6
340 523 150
183 243 16
324 582 9
26 143 15
370 375 7
300 485 145
68 90 19
55 335 19
296 488 66
130 355 18
230 489 105
328 534 200
190 523 37
453 482 5
150 219 4
279 520 71
120 190 25
223 291 70
33 244 115
91 424 7
16 308 4
125 230 15
192 312 191
267 515 87
343 372 76
44 231 20
366 445 2
303 337 12
67 393 20
236 424 14
140 434 4
353 400 11
438 557 52
281 372 115
115 319 14
157 258 6
526 560 18
54 501 77
350 372 129
390 436 1
188 540 3
33 188 20
116 201 11
56 436 1
499 566 489
269 536 5
396 511 6
101 240 7
193 448 2
493 575 12
61 296 40
215 394 6
199 423 13
188 224 102
52 516 13
246 455 5
275 327 14
78 245 10
229 560 1
109 159 7
35 218 2
342 571 668
153 517 3
434 579 18
61 163 6
251 549 1
219 271 7
55 589 9
28 307 700
231 292 2
342 351 16
45 141 23
215 384 20
490 535 17
361 561 6
240 542 131
76 352 5
470 485 49
79 199 10
100 361 9
184 463 10
440 465 10
293 327 20
171 571 10
58 451 7
445 524 6
6 208 58
113 169 10
178 523 13
23 122 20
26 259 7
524 547 4
117 291 10
63 136 8
87 485 1
5 451 186
10 300 1
104 275 3
382 493 5
31 538 20
296 357 6
129 364 293
135 189 17
279 438 4
363 498 123
78 574 55
62 411 11
73 481 7
243 264 8
139 264 94
387 466 20
70 214 8
177 270 4
267 547 719
484 554 11
396 464 17
156 210 7
14 441 156
79 590 5
14 249 7
488 518 19
226 525 2
251 357 14
65 433 13
117 504 556
143 239 4
319 566 7
192 506 4
140 416 18
254 438 15
397 439 6
1 425 12
503 571 15
48 190 17
425 488 17
322 446 136
79 574 539
29 410 11
148 326 5
81 487 28
361 419 7
198 363 5
97 353 193
436 493 15
322 563 20
236 560 12
73 550 4
312 357 1
236 582 120
429 536 16
371 493 12
202 562 19
47 420 12
454 471 177
133 200 51
31 264 18
147 571 12
106 435 10
73 244 16
290 582 12
71 154 18
129 536 8
114 575 19
154 270 7
372 447 20
9 547 144
156 403 9
393 504 2
15 210 18
285 551 6
267 323 20
390 524 5
55 400 19
519 570 15
260 579 20
111 381 1
415 466 8
416 521 7
45 55 8
190 352 20
112 323 10
217 409 2
23 165 141
111 112 155
40 126 17
288 423 464
407 490 14
380 428 4
368 474 15
209 323 12
127 302 14
18 32 18
284 522 105
20 217 2
239 366 819
208 248 121
9 582 17
244 501 10
88 441 5
55 292 17
114 330 87
130 441 3
244 381 62
88 436 137
210 484 16
462 529 150
266 565 7
34 315 160
200 293 5
6 498 8
88 474 20
30 364 68
193 397 20
279 377 19
298 557 11
109 290 8
236 290 12
340 466 9
397 480 13
103 383 6
121 337 2
105 454 19
136 168 1
52 98 54
30 381 14
38 502 2
7 427 21
136 230 15
260 436 1
215 461 155
170 514 6
53 95 20
472 521 9
89 429 19
73 175 48
51 420 9
149 240 6
532 578 19
455 501 13
16 285 16
202 489 178
179 335 137
31 169 1
91 342 20
141 236 13
69 585 7
87 227 14
6 271 2
3 212 115
374 557 1
129 140 18
366 501 149
22 108 8
40 334 20
453 532 186
188 492 119
153 367 9
94 565 8
55 257 1
266 390 6
35 546 176
137 308 106
4 488 16
216 298 3
216 488 909
251 538 14
274 468 9
290 529 10
349 487 1
388 510 8
340 492 6
132 285 4
331 362 16
434 561 2
84 522 3
164 526 2
25 27 7
326 499 11
165 546 9
28 121 6
262 459 6
48 345 19
465 531 10
456 566 2
532 540 20
81 582 6
260 285 5
152 352 10
440 473 6
351 362 14
347 537 2
9 54 6
99 584 118
43 251 8
221 503 6
77 205 8
122 308 19
100 190 157
0 145 16
516 582 1
137 501 2
95 172 184
58 519 16
418 433 6
243 482 14
18 286 19
396 493 9
150 494 15
424 582 19
304 469 123
27 499 183
61 339 5
76 556 5
441 550 5
262 539 3
343 543 8
74 353 4
204 504 16
16 327 44
79 349 20
168 582 18
161 382 17
458 563 15
525 570 9
28 406 12
416 455 3
171 211 11
362 496 9
174 303 7
221 283 7
199 415 18
350 361 6
181 308 2
138 428 8
49 548 15
240 380 16
224 370 8
271 560 11
358 386 14
154 413 7
458 554 102
209 365 83
152 191 2
75 587 6
200 385 837
164 341 148
20 140 6
25 420 12
501 536 9
202 481 20
186 264 1
442 551 20
327 380 12
183 493 3
77 390 19
148 355 9
136 454 155
352 431 13
337 441 8
200 271 16
330 534 113
77 94 10
163 344 18
357 423 11
458 575 53
294 477 10
131 311 3
529 579 1
307 320 1
231 386 130
7 30 16
265 463 6
110 309 17
490 588 5
29 166 10
20 343 5
117 525 3
47 326 8
162 375 7
315 355 16
220 406 5
415 571 8
389 589 52
433 437 13
12 464 15
307 484 18
379 518 145
118 381 19
62 449 15
345 405 188
129 146 15
206 295 1
290 415 11
92 350 163
34 145 186
169 519 20
516 523 9
482 538 14
115 586 20
214 561 10
50 553 6
477 553 148
185 463 10
378 481 1
108 281 8
183 260 13
344 401 19
175 330 14
212 252 15
381 568 3
206 448 29
532 547 6
35 67 14
93 291 5
148 518 125
163 350 65
175 199 11
78 411 12
253 366 13
0 493 13
236 538 2
295 458 13
117 179 20
22 589 6
418 527 7
501 519 6
141 571 2
73 209 78
467 538 2
52 120 59
14 143 8
129 366 14
22 489 18
33 351 17
294 418 17
162 459 10
354 489 13
24 118 4
173 242 13
319 542 71
421 523 5
351 437 1
111 137 18
220 271 13
204 538 17
185 217 8
46 422 7
147 509 20
467 507 188
137 498 19
79 583 105
139 585 20
76 188 20
223 324 4
327 349 17
21 502 7
163 420 9
201 530 3
335 349 5
411 547 7
4 287 64
6 553 19
473 499 11
179 318 13
388 514 4
169 484 20
116 145 34
53 176 5
46 540 150
376 423 15
278 495 7
9 249 7
246 507 11
272 434 2
62 178 11
172 472 14
152 546 2
71 449 6
48 463 12
179 522 324
320 370 6
99 257 4
57 439 16
170 211 14
241 253 15
436 530 14
88 565 11
354 493 16
229 538 12
70 402 14
26 417 13
324 398 18
446 546 19
31 345 62
78 211 12
233 467 5
214 453 172
258 460 74
147 481 16
274 337 13
206 587 7
20 247 9
360 537 19
33 347 9
520 536 13
2 384 16
29 292 19
264 512 15
514 519 191
20 526 12
78 435 15
201 312 19
83 519 17
61 243 15
142 515 61
57 246 9
73 296 9
65 489 4
93 240 2
229 501 7
380 438 14
40 60 3
29 500 9
38 194 13
120 332 5
159 587 19
288 477 2
206 467 17
77 98 1
84 162 7
493 562 17
365 446 141
34 327 154
142 319 3
474 552 9
95 213 76
251 503 3
376 379 7
317 404 20
58 204 5
317 576 1
144 415 16
383 467 2
295 462 564
91 249 144
369 474 19
73 478 162
247 428 17
410 429 20
362 394 14
390 529 72
205 260 8
249 485 9
495 578 4
427 554 14
55 390 13
104 533 16
301 439 1
256 486 14
128 207 173
61 322 99
491 586 12
127 402 2
404 419 354
258 379 5
89 546 12
134 391 16
23 215 14
519 579 13
464 491 15
157 521 12
577 579 6
354 508 136
556 570 20
114 587 13
111 271 838
56 266 18
182 571 14
236 415 11
368 484 8
95 424 8
307 400 2
210 385 2
18 73 20
274 339 14
86 389 6
227 229 8
104 343 96
73 280 10
1 345 97
48 129 8
87 394 10
284 354 36
327 377 2
81 351 6
320 518 10
550 567 1
175 297 11
88 217 14
175 496 17
235 452 733
154 515 17
44 375 458
412 565 19
16 55 83
13 480 125
444 481 164
135 186 166
391 531 4
80 556 11
46 253 1
48 563 8
23 518 5
205 266 10
88 285 18
58 461 18
162 366 4
100 201 14
199 348 1
79 480 11
37 79 10
57 224 18
4 458 17
39 526 16
244 378 12
101 285 2
128 167 19
84 467 20
115 149 19
10 270 198
162 183 20
253 394 14
287 326 10
23 512 12
96 221 8
93 218 12
244 392 4
411 470 3
28 574 13
121 581 6
155 284 2
56 438 8
16 500 8
161 539 694
496 518 7
64 239 11
188 548 3
46 50 252
253 509 20
345 469 5
509 561 10
135 366 20
334 574 5
311 580 110
222 453 6
117 260 17
373 468 8
71 570 20
405 452 17
239 561 11
37 480 16
250 524 3
13 346 120
105 378 18
107 529 3
125 548 13
52 308 114
82 84 9
393 399 8
305 463 11
308 488 3
264 507 17
173 537 6
341 549 7
379 458 2
91 280 4
46 515 134
315 492 10
198 235 3
274 374 1
54 137 12
276 449 8
217 273 4
327 500 1
244 300 11
101 289 3
303 314 24
1 127 967
159 216 14
170 247 7
4 564 10
193 381 9
541 579 4
120 566 11
282 388 193
430 453 20
468 543 5
288 434 11
320 398 2
197 478 186
44 460 12
166 538 16
361 435 14
23 100 3
1 203 5
253 345 10
290 459 11
556 579 16
206 464 12
276 305 6
17 422 113
424 560 4
328 416 144
311 364 15
45 353 157
75 537 16
173 271 17
572 575 7
294 382 14
279 536 9
187 340 19
335 456 17
104 527 10
65 193 19
77 565 12
9 406 779
21 504 136
543 566 135
233 314 199
60 469 10
218 290 8
90 392 9
83 132 6
378 582 177
162 543 17
172 578 15
29 147 18
513 543 5
374 538 69
200 546 7
442 562 2
383 590 2
65 93 34
289 324 178
136 472 22
254 325 159
190 221 1
157 355 1
355 479 178
194 231 59
72 520 3
542 557 13
160 569 20
232 550 3
250 447 18
23 259 14
0 80 3
438 547 11
327 432 3
34 353 8
282 367 619
224 444 11
87 141 11
108 497 866
105 294 15
248 562 14
402 515 492
162 167 6
236 529 3
29 435 672
444 577 14
18 89 18
389 578 9
43 505 1
317 555 7
327 364 5
86 471 32
131 385 2
44 407 2
493 590 1
22 289 12
13 223 3
469 498 152
7 130 4
199 458 19
330 391 11
366 478 7
321 545 3
468 541 14
215 393 14
459 474 12
298 392 90
348 558 11
23 320 5
18 75 2
218 264 5
39 267 173
125 220 500
92 185 124
46 514 11
82 584 12
118 585 175
94 268 10
97 185 14
74 259 8
24 82 6
196 579 18
350 360 155
280 311 14
292 373 9
498 567 20
141 415 5
247 269 13
116 512 17
80 328 18
245 374 80
223 577 9
62 476 19
2 349 57
23 360 18
101 120 7
466 479 19
488 587 2
230 552 3
371 507 20
339 378 294
295 390 119
388 519 12
10 98 19
443 558 16
201 476 4
2 290 6
532 587 9
518 569 8
63 289 1
282 345 9
192 390 41
439 464 2
421 437 6
4 99 18
88 113 9
17 510 9
229 394 7
313 378 4
1 580 12
106 352 10
205 570 7
125 188 10
100 551 135
55 285 187
221 420 2
246 418 17
190 256 11
208 481 184
336 366 15
269 515 4
57 574 12
332 377 16
48 282 144
234 290 15
262 286 8
232 544 12
62 102 17
88 224 13
13 219 16
276 523 1
100 109 1
179 415 97
420 496 11
171 253 108
154 207 12
250 474 112
49 90 19
297 312 14
119 176 20
470 582 197
1 80 9
175 206 10
339 371 4
63 407 5
28 339 17
110 299 12
331 378 15
244 322 1
269 545 65
121 400 196
244 397 47
55 223 19
206 481 2
94 487 165
41 238 18
96 512 64
24 327 1
274 544 6
297 541 3
224 295 1
138 245 14
120 316 2
168 350 17
368 466 1
57 105 8
205 493 3
51 424 4
43 503 164
137 547 3
324 393 15
424 564 3
208 588 16
379 590 35
26 344 9
271 517 20
14 26 3
38 422 91
124 299 17
194 269 20
221 352 8
209 221 16
175 439 5
317 545 11
472 501 15
245 570 5
121 274 12
45 229 1
49 433 4
446 471 15
198 525 76
142 499 11
144 236 12
384 544 17
493 565 67
260 318 20
143 303 6
189 276 1
6 199 4
351 532 5
114 409 163
317 558 320
74 143 16
295 464 4
319 406 16
86 393 159
410 413 19
144 470 573
359 432 20
181 359 4
24 380 3
31 307 350
399 496 9
91 383 10
189 286 10
22 483 17
337 395 177
441 586 1
173 414 9
418 452 3
52 569 14
33 423 16
329 560 11
518 535 15
304 433 582
76 449 88
116 237 3
376 421 23
324 578 18
268 430 8
267 374 7
10 460 8
36 396 10
254 408 2
240 496 18
478 536 16
476 529 10
263 351 7
221 357 7
46 525 10
545 567 14
314 478 15
317 416 14
89 242 11
141 167 15
87 159 16
246 283 10
302 464 13
18 229 9
279 543 152
153 376 67
516 575 5
28 161 16
154 321 14
113 261 12
347 369 9
374 517 825
350 435 10
282 555 19
181 197 11
163 189 6
58 178 19
162 504 17
154 499 4
461 490 19
291 355 17
393 553 198
164 509 14
19 256 192
65 188 103
481 512 13
300 358 8
126 299 3
437 484 7
347 511 16
528 541 13
68 102 8
321 510 18
82 398 171
221 518 113
504 505 19
329 347 200
446 562 20
2 567 12
186 268 96
392 465 132
372 411 3
121 549 10
424 591 11
266 422 8
52 196 11
232 407 37
9 391 17
49 392 136
93 490 20
346 414 14
44 201 17
82 391 4
16 287 13
253 353 12
406 565 19
364 460 16
171 425 3
229 556 3
191 238 20
12 523 8
231 579 8
48 419 9
98 253 9
164 478 12
77 354 15
221 400 68
208 586 5
366 536 133
93 357 2
8 52 5
235 566 16
233 518 6
291 520 4
298 457 472
81 201 8
217 471 6
387 420 15
18 147 8
253 402 14
245 480 20
287 531 2
527 548 6
61 538 3
73 433 18
370 518 160
13 238 3
93 432 4
515 554 5
209 433 49
288 290 19
220 508 14
194 278 3
365 527 18
98 378 1
274 276 127
340 408 73
70 550 11
314 488 49
277 344 42
204 426 19
331 469 17
407 566 9
248 264 2
5 584 5
298 510 5
151 343 14
402 540 133
543 571 42
415 435 1
270 285 10
262 417 9
240 413 17
349 561 146
393 528 168
242 458 20
4 8 5
309 368 5
9 41 11
94 270 15
403 591 17
88 365 10
27 407 14
188 347 2
294 519 2
527 545 13
362 549 9
141 302 18
409 415 4
157 502 3
337 563 8
351 359 13
398 422 760
376 512 89
330 364 3
113 394 36
247 463 20
358 577 9
29 106 13
20 587 6
228 289 2
349 427 188
234 477 12
267 293 115
113 144 9
18 233 1
238 503 1
510 545 15
493 584 13
370 474 15
292 462 192
67 495 17
525 576 20
48 297 124
390 493 9
75 224 16
85 445 15
568 585 13
442 587 8
276 362 12
30 368 4
164 488 8
296 322 11
111 341 3
396 519 63
185 395 8
191 198 13
268 442 9
34 71 127
424 436 8
27 422 1
70 227 4
313 386 19
267 537 12
375 574 109
248 491 15
436 485 11
353 519 3
146 308 17
180 372 5
6 519 84
283 542 129
142 271 64
85 86 4
24 379 42
40 392 11
132 269 13
195 425 7
170 381 97
438 481 140
402 468 14
301 478 1
311 440 16
324 579 11
31 152 20
22 493 11
195 302 19
48 393 20
81 512 14
511 530 99
61 273 7
295 332 16
68 512 121
59 558 147
126 580 62
376 420 18
520 562 187
172 404 18
234 306 1
384 487 5
41 309 17
5 182 3
137 245 13
299 565 2
326 495 19
103 350 7
7 514 10
6 319 7
308 312 2
238 374 5
295 542 10
243 479 11
353 375 19
99 495 9
127 538 603
310 323 10
396 490 173
134 263 20
60 242 16
326 360 6
137 536 14
183 193 8
165 289 9
243 460 169
299 583 13
146 536 1
483 534 16
3 221 10
94 435 7
457 571 199
23 409 19
143 225 152
115 367 414
285 390 14
292 387 5
61 160 20
90 365 20
562 589 11
256 269 3
332 432 16
277 290 104
9 291 12
159 459 15
246 435 10
17 102 15
287 369 10
81 250 10
146 555 12
353 419 16
209 567 18
146 478 15
161 251 2
265 496 9
230 551 114
28 432 179
51 438 1
6 63 7
317 520 2
98 216 19
111 544 17
66 300 184
118 398 1
433 473 14
144 424 9
170 171 15
120 276 1
287 298 219
201 254 2
320 475 4
32 277 12
20 107 12
331 382 4
402 538 20
512 581 12
62 244 4
57 508 20
418 425 1
306 334 11
215 274 448
56 587 9
355 413 2
260 565 7
104 568 6
322 364 18
8 556 13
79 533 3
166 527 3
176 553 20
55 395 7
2 198 6
50 57 4
422 444 7
23 561 114
157 378 10
28 431 8
305 564 152
90 435 10
38 372 14
15 263 20
89 110 12
415 582 17
429 442 16
355 434 10
293 400 14
166 590 20
44 72 12
140 465 17
253 428 995
40 386 3
240 334 967
100 550 12
147 549 13
347 359 4
31 89 2
341 479 17
138 174 170
497 571 106
363 433 7
203 366 18
112 408 181
352 464 100
52 141 13
190 382 244
230 307 182
571 582 15
237 295 9
41 281 35
222 584 38
415 533 323
201 430 16
296 453 9
514 565 7
52 404 62
355 390 8
105 451 2
83 445 6
522 560 8
47 80 2
308 366 117
431 473 2
62 235 3
5 319 15
53 169 15
276 444 13
319 556 14
266 285 4
276 565 4
1 55 9
125 304 9
252 263 17
274 324 18
46 588 36
98 443 12
342 383 7
410 415 706
431 489 19
50 232 15
100 295 6
118 573 76
417 534 7
105 148 20
220 353 80
393 517 40
308 363 15
385 519 174
413 580 9
121 147 8
78 453 7
336 433 197
97 243 17
141 144 4
213 235 3
150 454 60
89 185 4
121 460 196
56 529 14
333 569 3
50 534 88
291 457 12
370 393 19
77 420 2
339 382 3
116 199 16
38 42 1
59 557 50
127 514 296
28 328 12
42 465 10
437 566 11
411 449 302
100 188 4
275 434 67
200 529 15
56 263 8
123 345 36
441 536 508
68 99 3
229 353 13
479 548 135
217 468 15
47 234 2
53 526 10
391 408 7
178 501 4
137 292 18
416 445 14
7 557 2
205 285 20
241 308 18
301 590 3
71 578 9
18 159 121
77 231 11
172 466 16
49 517 16
74 303 884
97 212 14
278 568 116
506 561 192
47 259 13
403 494 1
58 217 1
281 492 84
271 566 19
102 116 9
76 567 3
107 429 7
123 221 35
327 583 158
26 476 8
40 458 20
263 339 3
187 553 24
21 79 19
358 431 8
189 498 9
100 495 7
377 546 1
211 418 19
135 429 149
73 265 10
284 295 10
285 561 12
227 330 6
26 396 13
103 496 19
221 228 2
52 156 12
149 209 3
106 200 19
262 337 17
44 126 19
84 576 3
141 523 15
82 557 55
99 175 4
254 355 762
272 363 66
73 166 18
334 437 15
439 467 12
96 505 20
25 166 4
75 174 6
226 227 90
216 233 73
46 377 100
103 343 14
165 443 9
147 400 8
345 353 191
583 586 9
81 203 16
222 312 3
20 85 6
8 515 53
274 476 17
116 393 16
202 508 10
146 436 63
0 364 11
244 312 8
229 512 964
146 256 9
172 410 52
106 349 2
84 548 1
112 357 11
97 298 159
186 580 44
57 559 17
91 99 15
12 578 6
413 508 15
192 514 16
375 496 11
253 490 10
26 313 16
115 364 12
154 258 12
293 465 18
152 183 17
274 288 13
64 72 18
349 553 16
187 373 2
66 175 15
221 341 8
34 395 11
310 413 6
16 553 62
21 244 3
122 513 145
101 233 132
253 536 10
237 571 12
239 283 9
494 559 19
323 365 10
344 566 19
151 431 20
203 324 57
139 215 7
371 375 120
318 465 19
2 57 1
476 500 17
317 492 150
274 582 9
15 266 15
290 296 33
335 587 7
329 564 40
203 251 187
217 321 2
106 431 4
135 173 13
90 558 11
266 547 7
96 435 12
198 348 3
0 246 8
371 518 11
154 290 7
274 457 5
1 519 2
73 415 19
31 471 12
33 584 627
45 579 10
258 409 18
63 317 13
19 309 12
363 508 9
467 485 17
73 341 14
43 292 20
91 147 17
114 246 19
53 182 8
43 549 175
12 505 19
360 370 7
63 182 9
202 475 13
142 177 17
12 408 12
91 303 8
61 175 7
43 273 7
468 591 3
79 154 73
366 519 15
208 442 19
142 477 6
194 334 19
128 333 20
95 234 13
123 153 18
25 247 20
347 432 16
184 346 4
146 490 18
159 214 151
293 566 9
376 531 15
112 404 10
338 567 15
60 183 11
14 556 13
51 526 942
336 419 1
248 361 12
374 481 7
302 549 14
354 409 8
40 105 152
270 399 14
240 258 337
227 522 19
288 331 135
59 326 20
68 97 13
11 572 4
33 499 17
276 451 96
114 295 147
104 199 105
51 539 7
450 519 83
115 395 42
281 322 15
363 495 7
1 106 17
89 168 19
235 336 17
393 477 8
71 103 978
462 494 19
360 481 12
263 527 17
73 365 2
330 449 19
149 182 12
289 456 15
41 122 16
235 443 9
11 584 7
110 224 87
113 325 19
361 514 18
16 424 5
553 566 54
58 494 9
440 574 19
215 381 17
26 584 6
76 201 18
119 197 16
138 193 114
225 338 2
52 441 8
262 481 195
514 521 13
313 587 131
258 383 15
418 465 15
89 121 2
26 88 14
34 230 4
141 226 11
264 454 10
177 325 4
17 135 9
10 523 4
186 388 83
95 108 5
94 390 54
109 458 4
220 574 13
122 250 8
258 308 16
68 356 4
149 299 1
77 435 26
160 362 30
386 465 8
181 347 18
16 400 7
174 348 1
404 590 15
198 298 19
137 140 2
457 567 10
120 240 8
25 65 19
101 296 17
260 432 4
278 417 8
7 49 3
167 505 14
42 496 5
523 543 118
113 393 8
21 130 17
290 424 1
205 291 15
88 94 502
285 500 20
314 565 5
49 389 20
425 530 18
56 77 16
541 577 2
20 182 7
310 380 19
185 252 20
296 577 12
96 531 12
135 477 5
225 556 11
293 544 9
112 200 1
517 525 13
74 493 38
441 489 20
54 166 5
234 461 18
258 532 7
46 221 11
15 514 6
288 481 12
224 497 7
305 537 10
293 583 20
92 213 648
366 450 6
20 467 12
18 165 16
20 176 12
31 360 6
125 502 10
33 541 10
126 432 17
525 544 8
493 514 7
84 344 9
233 368 10
339 518 10
433 465 811
207 244 11
31 172 3
375 489 88
303 422 5
49 527 4
181 311 684
287 303 71
453 565 15
422 540 3
361 399 19
213 379 19
217 362 8
54 225 18
568 591 5
221 431 18
498 536 2
113 280 14
326 461 16
223 331 3
92 219 16
206 343 8
278 488 19
429 465 14
80 128 7
236 439 199
49 84 10
19 107 10
66 454 6
195 477 2
340 371 20
26 234 63
27 102 19
456 502 8
64 483 7
431 458 2
62 215 19
151 194 8
91 549 5
490 541 20
281 362 58
121 466 13
239 574 6
54 70 18
255 318 503
526 534 7
478 495 3
69 572 875
23 59 10
256 342 2
282 368 13
327 335 112
98 322 2
382 405 46
519 536 6
212 221 4
253 547 1
351 372 9
46 402 18
96 339 20
215 246 14
125 470 6
364 450 5
250 461 67
420 425 16
20 34 75
279 310 196
25 276 814
402 477 9
437 559 6
309 546 13
61 391 13
308 478 13
53 139 10
6 457 5
147 251 11
317 548 15
129 225 14
6 478 1
199 392 7
214 547 15
201 250 17
541 582 4
315 555 20
352 467 14
164 359 18
83 460 2
21 317 189
215 589 20
59 393 17
451 494 19
65 276 18
244 573 16
482 548 20
244 446 20
213 418 198
372 588 10
83 560 9
215 552 163
118 145 20
460 498 7
264 523 19
172 272 19
346 371 20
48 395 1
404 497 13
134 446 5
46 498 14
501 555 6
466 527 19
250 527 9
213 355 12
12 283 14
169 270 18
227 301 13
139 590 371
266 340 2
22 407 31
216 252 14
154 543 1
239 573 4
33 467 4
111 306 10
167 300 5
236 543 9
5 541 2
190 233 16
485 504 15
203 254 1
53 462 2
245 489 19
327 551 5
57 478 14
207 364 121
3 476 15
52 574 9
120 438 11
18 531 113
15 233 11
432 561 6
52 412 168
76 493 197
492 498 20
177 380 9
282 471 15
177 400 17
168 491 8
328 538 14
549 562 19
199 481 11
84 515 18
211 540 18
166 547 19
383 489 9
99 422 43
133 286 5
121 373 17
93 360 9
154 403 155
223 246 20
364 507 10
214 429 12
70 437 11
6 151 12
169 325 899
48 123 1
155 531 9
353 355 1
52 60 3
90 500 6
473 566 2
175 533 14
338 578 18
508 520 15
146 500 71
1 427 862
298 303 6
290 368 26
177 213 145
175 586 121
373 545 166
105 134 54
375 519 5
489 581 3
145 487 8
406 526 13
165 452 5
179 586 8
77 498 10
108 512 20
213 429 2
150 587 10
268 516 20
104 410 6
284 582 59
148 190 252
343 415 16
309 433 3
131 566 19
38 506 10
195 527 8
19 151 13
316 464 14
249 252 6
109 300 10
14 162 6
98 366 97
305 413 3
254 259 5
215 378 6
126 180 1
185 210 19
22 230 8
61 417 169
297 344 4
157 351 19
335 485 8
220 400 16
348 371 18
10 401 11
28 239 19
570 579 18
89 148 6
178 300 19
354 428 12
184 225 1
229 259 6
288 343 18
23 494 13
46 186 12
68 418 866
100 306 181
116 291 3
127 321 104
76 467 1
240 299 18
163 390 58
72 347 19
297 534 19
213 566 9
98 267 13
282 438 6
120 289 12
222 382 20
571 581 11
402 417 5
73 339 7
61 164 129
182 242 19
104 415 2
76 584 5
298 560 13
7 262 16
32 153 19
261 523 2
2 154 18
82 235 1
471 583 2
66 568 4
237 511 13
460 526 17
476 561 147
282 525 5
256 507 3
88 205 7
377 522 14
435 521 53
297 496 15
170 412 5
191 453 19
73 408 16
52 484 10
55 401 3
75 216 9
268 463 49
255 266 5
227 240 5
310 468 171
19 523 14
366 416 18
10 229 1
58 557 182
478 522 19
319 382 14
154 503 11
36 392 10
220 386 16
16 157 381
489 512 18
152 531 7
484 548 12
93 379 7
154 547 192
207 380 3
430 490 4
72 547 11
93 575 5
74 418 4
80 586 13
23 370 18
251 515 152
69 158 169
243 383 10
164 244 9
70 256 19
79 327 6
61 357 12
175 531 75
40 136 56
337 432 9
312 534 20
195 298 46
271 396 11
134 267 12
275 383 10
17 448 4
244 357 10
90 434 129
189 500 17
371 587 9
306 464 13
196 395 15
57 326 10
65 444 166
97 510 20
441 582 122
144 306 50
234 476 9
259 573 72
144 479 4
238 399 18
324 392 20
408 533 20
236 562 48
31 555 17
105 429 92
213 345 11
498 501 166
19 530 5
198 495 7
73 386 134
302 308 3
244 568 14
102 254 72
201 268 18
433 527 20
49 549 46
370 506 10
319 326 1
461 555 3
226 398 3
340 370 15
200 362 14
236 571 14
100 339 13
295 403 16
163 561 155
38 389 19
247 256 5
188 311 4
213 388 9
7 478 6
234 302 9
453 525 14
258 402 13
189 238 125
121 406 24
57 390 1
467 503 8
515 527 13
438 449 2
30 47 13
36 564 3
222 556 10
243 574 11
203 447 5
258 296 194
41 189 9
293 328 19
27 447 15
328 519 10
221 538 12
322 534 18
6 499 1
410 416 46
108 534 3
179 460 20
191 390 5
226 526 20
150 437 2
194 283 18
352 522 1
16 71 7
62 358 19
251 260 20
58 350 23
303 440 10
267 520 5
25 57 13
56 285 164
21 543 17
8 460 8
416 558 10
45 583 15
314 551 9
150 375 4
268 542 14
299 522 9
65 99 5
79 413 1
312 522 2
217 489 3
258 515 199
410 435 12
65 201 20
170 564 9
83 381 6
14 583 20
51 266 5
66 588 22
295 316 12
9 404 6
366 578 18
112 328 7
154 365 20
140 430 15
307 497 13
73 199 4
114 142 20
96 436 106
121 324 4
98 388 11
77 501 7
137 519 15
408 414 19
494 570 103
325 590 3
90 294 20
427 558 8
56 88 18
182 203 15
180 482 69
295 371 11
361 405 9
19 449 8
144 589 13
103 419 83
329 579 17
155 394 13
20 560 11
244 350 5
370 571 13
137 507 52
13 171 19
159 373 16
390 528 17
6 93 46
157 418 3
111 115 195
201 440 1
507 590 75
174 328 17
66 390 3
289 527 14
46 532 143
51 423 8
207 311 2
86 203 15
102 324 5
357 475 9
343 506 1
189 222 10
199 410 9
344 509 39
194 457 15
139 398 18
170 567 17
333 377 13
7 132 6
76 548 91
134 163 168
345 471 14
303 549 4
221 589 19
130 440 697
287 314 8
159 279 117
83 528 11
468 589 13
218 346 12
20 162 1
380 535 16
195 395 20
188 444 123
166 252 1
73 526 789
331 409 1
28 341 2
150 290 2
303 439 5
381 396 4
132 478 9
538 560 15
266 374 11
6 21 10
141 582 20
353 572 3
241 291 11
355 559 53
185 197 17
400 571 10
294 514 19
108 266 11
21 116 10
478 501 4
73 464 18
272 563 4
392 564 5
205 565 20
181 282 13
308 556 19
121 582 17
563 566 5
220 450 15
100 276 19
271 553 93
192 533 19
199 435 1
111 545 15
329 433 98
286 341 19
84 555 16
49 532 26
50 215 147
88 143 101
89 498 15
89 236 5
206 558 20
298 314 12
102 513 2
186 530 17
351 498 7
124 495 9
154 169 13
226 461 8
445 566 3
45 376 20
81 490 5
252 456 17
303 402 8
95 256 5
4 314 10
122 548 5
136 375 152
363 525 13
11 392 20
376 555 9
513 581 19
146 456 1
28 551 8
19 437 17
83 571 14
131 451 18
181 526 13
437 452 13
38 277 12
156 492 4
224 379 15
227 403 131
326 395 3
93 297 916
70 149 11
6 77 153
48 245 6
48 277 14
398 526 18
34 141 124
358 523 16
101 256 16
85 220 12
209 465 6
308 504 11
344 582 17
39 80 8
450 489 75
111 499 15
389 522 3
92 275 19
11 276 209
197 226 13
73 161 121
18 66 1
266 420 721
438 538 346
16 79 5
252 316 9
94 125 15
72 240 40
106 335 117
330 409 174
124 270 11
167 173 12
40 394 15
153 469 9
107 361 54
127 253 14
207 245 12
110 427 52
523 540 148
275 371 3
48 132 1
43 212 157
120 455 5
387 424 19
18 587 17
269 394 1
12 247 1
31 110 156
11 106 5
255 332 15
79 135 16
94 224 180
452 538 10
402 532 17
81 108 9
181 537 8
561 578 16
297 298 18
404 567 150
76 84 4
120 547 14
17 250 54
297 305 1
431 527 5
84 549 10
229 236 17
24 556 123
258 403 10
240 548 20
7 74 84
113 319 11
90 587 183
182 396 7
48 522 9
136 262 20
33 34 9
204 232 96
114 152 6
84 439 11
404 584 4
25 188 3
291 342 9
88 266 12
25 372 16
290 576 16
46 320 17
59 572 19
122 169 11
326 566 20
250 532 7
11 451 180
78 115 11
236 577 3
18 123 8
524 525 15
28 475 55
266 436 20
87 535 145
166 435 3
365 371 11
11 110 1
466 558 9
160 249 3
97 502 72
355 485 5
55 295 18
164 312 5
249 357 5
55 286 11
152 346 19
346 523 6
269 488 192
372 581 7
382 429 15
53 364 16
126 576 39
184 540 3
25 564 5
176 544 2
40 539 39
394 444 16
262 361 29
288 325 20
152 365 17
115 579 174
386 449 121
14 558 14
69 463 19
240 478 59
104 549 16
77 519 5
84 353 172
481 584 13
76 286 19
61 297 1
101 565 12
259 498 11
161 347 11
125 257 11
181 410 8
76 559 6
386 418 19
233 557 48
30 301 1
310 348 20
129 498 4
431 502 13
283 586 7
520 574 3
155 534 11
165 328 10
202 306 171
123 157 9
32 508 9
243 411 9
162 238 6
169 393 8
164 390 10
55 553 10
42 524 6
4 244 3
128 318 8
68 192 12
385 459 151
54 249 44
159 481 8
328 365 18
289 366 20
224 412 4
242 320 6
5 415 92
247 447 1
84 268 3
30 175 18
245 576 141
510 588 5
415 549 20
22 114 9
247 551 10
165 353 16
33 566 11
171 379 1
103 515 928
124 416 4
44 358 584
271 513 10
297 478 105
344 520 4
303 320 6
522 531 16
214 259 12
296 579 5
131 500 16
164 322 12
477 507 8
351 464 2
352 515 13
69 91 129
25 55 19
341 442 18
76 144 17
119 187 17
228 577 1
75 346 29
413 469 38
349 400 11
282 489 11
343 503 20
34 112 10
20 384 16
297 572 2
59 214 188
4 561 151
89 285 17
182 452 18
75 464 120
150 177 9
262 498 104
57 454 6
266 535 9
106 383 5
408 468 7
263 430 13
229 570 18
116 304 12
214 368 140
55 188 2
117 340 10
273 461 18
175 584 14
406 507 16
77 450 16
314 392 7
16 402 1
283 326 13
63 147 720
119 462 10
82 345 8
63 272 51
260 272 11
37 285 8
34 187 12
75 262 1
417 465 2
376 515 3
77 539 3
365 418 17
15 215 1
0 424 18
138 519 194
286 564 15
136 320 17
222 298 17
343 590 664
400 503 3
236 268 3
166 200 6
281 447 6
111 485 12
473 507 5
69 536 19
96 570 5
72 497 6
14 430 12
71 235 6
55 148 136
111 357 7
278 371 11
61 478 13
240 260 119
79 292 10
491 558 8
237 557 51
350 583 4
515 547 2
158 441 12
234 466 9
6 140 5
310 511 81
91 194 19
335 460 123
141 522 6
253 484 2
490 526 2
61 533 140
263 309 94
416 537 10
111 538 8
288 446 152
127 471 190
353 387 20
205 374 9
169 384 17
70 529 6
501 591 7
9 214 9
443 561 4
14 287 1
43 161 19
6 501 6
63 218 13
191 513 13
357 415 16
129 344 53
244 418 55
402 454 7
313 526 5
158 357 17
98 519 8
149 366 11
318 582 125
214 437 4
88 493 19
13 16 3
121 528 38
57 157 9
442 483 16
323 531 19
230 234 1
119 558 12
262 285 15
334 497 6
272 584 13
116 203 9
331 582 4
202 234 7
343 581 1
425 535 1
249 552 146
162 493 11
99 136 80
171 258 8
210 292 144
174 219 20
515 578 11
216 274 13
215 409 18
42 192 412
162 479 142
78 253 416
76 515 8
356 472 8
67 211 4
45 375 21
5 540 20
136 256 8
96 329 3
271 403 13
158 223 3
110 352 26
286 329 11
447 524 19
403 485 8
6 454 122
324 413 16
191 349 5
14 225 7
30 481 7
286 487 14
188 527 4
56 94 20
311 400 4
258 351 5
306 444 16
144 318 13
245 303 56
222 332 168
78 462 4
322 433 5
17 97 7
214 478 18
467 493 1
38 418 40
464 587 17
330 356 8
133 181 9
534 559 8
334 520 17
356 434 25
306 342 1
111 442 3
43 545 4
153 583 43
495 591 14
341 538 223
111 319 3
202 326 13
198 357 7
393 566 80
144 224 9
4 425 6
47 586 6
148 555 63
421 584 129
79 335 6
43 115 1
352 528 2
551 567 16
150 427 2
189 347 16
230 275 10
156 443 77
388 489 5
213 466 10
364 533 17
205 442 4
81 116 5
404 414 8
154 329 14
74 214 7
70 585 51
2 35 17
447 457 8
77 174 102
258 333 20
514 587 14
556 566 20
149 489 14
269 380 1
358 558 6
261 340 8
20 439 17
138 407 8
96 485 14
349 528 51
185 549 5
86 326 20
176 480 2
441 472 101
96 162 462
216 307 19
74 483 1
501 558 99
56 390 20
391 455 6
296 312 7
410 545 19
470 524 20
204 276 7
71 573 86
32 544 19
342 573 67
243 538 161
271 402 110
285 415 7
274 557 11
173 321 20
78 255 18
321 361 137
90 287 113
147 173 14
221 442 15
78 430 8
53 542 6
55 261 8
360 403 4
216 362 3
79 400 14
322 533 44
256 444 98
385 409 15
36 463 13
370 550 4
124 216 19
465 546 20
329 495 20
314 449 20
501 513 19
392 565 3
10 136 8
4 392 15
279 341 16
108 138 75
170 242 10
322 488 9
105 505 65
529 582 74
110 158 10
129 546 17
335 553 1
175 317 2
117 466 305
30 168 4
58 78 2
319 523 5
51 544 121
124 578 10
343 471 4
7 86 9
437 443 19
219 497 18
339 587 25
50 228 10
20 84 9
99 588 14
213 464 16
261 526 13
272 471 7
117 508 208
60 538 7
104 354 8
81 459 5
263 275 3
65 161 17
44 477 8
107 305 18
481 509 3
155 468 2
436 577 3
191 465 15
100 294 15
18 76 12
121 312 4
154 582 6
73 312 181
488 547 8
164 512 102
65 547 20
134 434 13
132 347 5
48 184 8
218 476 1
71 191 9
74 134 13
198 581 4
346 479 2
261 579 20
174 241 16
406 560 2
511 522 14
77 260 12
116 161 15
405 537 19
445 585 9
441 517 15
9 236 20
108 462 1
154 511 18
302 554 5
166 362 166
95 318 990
153 352 10
478 498 3
456 560 12
362 433 5
30 92 158
192 484 5
233 328 5
22 287 18
166 236 8
59 229 8
120 478 5
204 347 8
45 429 2
264 522 18
97 503 225
286 537 54
149 179 1
199 537 5
223 449 4
122 154 1
112 251 492
369 458 365
92 391 63
295 481 16
210 476 56
152 181 17
22 251 18
126 383 15
148 439 1
97 289 12
99 381 5
75 233 3
458 569 13
76 125 9
331 549 50
112 439 2
339 438 11
142 393 12
59 319 3
46 258 17
204 578 68
152 496 8
264 521 12
38 504 127
31 386 1
361 517 17
122 267 19
84 254 1
273 519 15
0 270 20
196 199 15
322 393 2
331 369 13
350 456 12
498 519 9
413 501 4
213 367 9
343 435 193
556 588 20
181 450 3
18 284 2
35 196 17
85 321 1
465 472 13
214 584 17
264 319 8
295 536 32
117 583 16
523 569 14
58 214 1
356 533 15
19 65 19
69 124 14
298 312 11
386 514 8
95 441 8
56 172 12
18 45 17
49 76 15
26 199 9
188 446 1
12 559 13
311 394 17
163 445 9
93 579 13
180 588 12
472 591 8
256 434 6
358 561 19
32 103 11
51 560 165
182 274 20
162 419 17
0 421 20
322 466 15
392 440 8
194 428 102
26 312 4
312 482 7
57 238 15
424 549 1
427 519 13
184 207 13
279 495 9
112 116 5
198 203 13
299 484 14
174 349 18
37 569 3
99 466 75
234 451 17
84 303 9
48 276 13
155 578 4
37 280 174
61 534 2
141 338 19
6 422 9
86 320 15
18 43 4
34 523 57
322 357 17
467 536 8
74 465 12
86 370 12
246 271 87
71 125 15
395 555 180
418 555 617
452 461 124
36 215 6
18 281 8
380 578 115
355 486 12
384 432 13
125 513 5
32 432 4
27 494 8
51 61 18
98 146 14
236 515 18
73 350 20
67 75 17
396 447 128
92 565 16
56 183 16
215 518 19
222 445 15
252 462 19
312 458 2
203 497 6
374 462 4
29 343 3
96 165 20
115 432 14
158 549 16
417 427 166
281 549 3
174 426 13
142 198 3
248 523 125
266 292 17
3 432 7
382 401 4
106 498 5
271 542 138
45 488 127
110 413 137
75 459 4
23 86 65
55 65 8
37 368 19
52 524 18
364 422 17
251 443 18
342 559 83
251 305 9
207 358 19
90 549 10
16 562 20
251 358 5
11 295 6
142 326 163
401 543 3
299 447 69
193 250 20
457 459 15
365 586 16
122 555 3
73 534 10
116 319 87
221 251 1
446 510 2
304 428 3
251 520 12
532 583 17
538 543 6
240 451 2
273 513 7
107 245 19
262 413 18
102 165 15
166 560 12
465 527 2
31 407 84
251 344 17
91 516 15
75 306 13
311 362 13
4 110 2
77 558 131
47 183 37
50 388 2
297 357 8
229 526 9
180 269 12
88 587 12
47 390 5
188 352 5
245 296 3
227 468 17
388 399 6
29 272 72
56 180 5
404 520 186
120 232 18
240 419 9
303 406 3
77 183 14
44 527 77
258 547 7
366 444 12
33 358 2
120 482 124
156 296 10
238 352 11
286 481 16
332 497 74
65 470 8
282 560 18
0 412 4
240 588 9
381 519 18
113 322 16
245 342 19
405 534 24
148 256 449
253 515 13
272 408 20
350 425 75
129 288 13
126 538 15
46 267 200
381 503 20
137 372 12
89 295 6
259 264 176
10 513 233
213 243 18
178 516 34
9 303 3
12 570 47
420 509 20
433 574 118
182 413 1
325 539 70
186 392 12
55 444 6
197 220 1
106 123 8
91 95 20
506 582 15
55 89 126
233 464 6
127 300 189
299 400 10
519 531 2
214 568 17
41 298 1
48 500 14
270 446 5
283 292 3
442 538 171
303 341 7
131 402 163
115 292 19
42 105 12
515 540 2
280 301 13
85 562 4
409 432 198
2 261 3
221 315 10
542 591 5
55 237 3
215 454 9
412 438 17
60 349 14
29 236 12
378 400 13
129 554 192
67 486 4
13 295 20
136 584 14
218 454 19
162 376 15
30 118 20
434 560 460
179 567 974
220 446 3
459 490 196
13 156 7
384 561 15
110 295 9
220 361 8
413 563 7
58 260 1
352 513 15
35 50 14
374 584 8
211 214 16
190 444 37
7 41 7
312 488 19
347 586 17
77 445 578
409 447 99
225 441 5
49 103 14
325 403 57
435 556 134
25 89 20
112 525 12
132 446 8
193 201 103
91 532 19
459 481 17
153 461 2
16 267 16
105 453 4
187 383 11
6 98 13
78 590 984
236 435 18
180 283 10
79 367 3
171 498 2
20 486 3
56 431 6
23 236 197
274 341 13
266 517 20
187 479 16
22 69 1
274 277 174
53 306 5
45 183 26
404 447 3
13 374 1
325 579 15
266 333 11
68 468 189
365 514 20
20 493 106
171 302 10
156 447 16
293 475 10
274 496 16
66 357 10
248 522 4
153 566 19
25 487 2
434 527 178
120 133 16
127 581 10
267 294 9
451 482 3
539 564 4
23 286 11
90 480 20
43 255 2
162 437 17
18 254 12
73 445 6
335 522 11
396 502 15
145 311 6
27 167 1
65 508 18
11 188 14
236 274 795
455 492 11
249 567 5
53 220 2
196 463 2
172 572 90
129 310 42
282 303 3
308 487 2
63 222 11
212 423 7
94 220 1
110 550 5
66 146 20
183 205 91
234 436 18
369 431 9
78 216 15
6 522 151
11 94 16
231 493 2
27 370 10
425 569 13
435 501 17
104 293 12
10 555 8
141 472 3
260 493 17
357 538 20
41 105 141
89 582 575
208 495 18
63 139 191
160 404 8
53 198 17
415 562 20
561 564 13
402 529 7
304 377 4
28 589 19
25 68 20
251 389 17
25 485 19
350 357 93
131 370 18
256 409 15
334 519 16
228 410 3
46 335 3
143 300 12
549 571 2
185 314 8
18 257 198
424 503 10
24 441 3
170 329 4
65 375 19
116 138 1
186 524 2
110 531 1
217 586 2
183 580 11
111 326 755
118 485 5
39 146 195
583 585 18
473 479 20
51 460 145
230 260 7
87 207 20
130 161 9
130 432 4
192 516 5
64 252 14
43 571 17
53 474 5
499 538 2
94 285 9
355 425 8
369 525 17
276 318 266
141 172 413
189 575 9
39 234 15
251 464 9
507 531 164
115 217 53
55 568 7
91 310 48
340 461 10
54 73 4
109 432 17
133 392 13
289 503 20
104 498 15
241 512 14
403 446 758
328 481 20
17 349 166
430 506 8
201 233 1
177 289 1
500 584 2
61 312 11
349 547 3
154 298 16
140 385 1
209 386 11
534 572 1
407 568 154
244 488 152
57 342 3
287 579 47
395 582 190
210 377 16
253 478 18
466 589 6
233 423 16
23 461 15
464 562 17
9 386 20
215 245 15
34 182 15
94 552 5
170 484 67
187 490 324
84 242 17
365 519 158
283 295 16
115 486 3
496 533 14
341 587 20
73 82 11
54 135 50
433 519 18
362 374 13
180 312 17
52 561 36
246 555 17
39 544 163
466 523 15
356 373 4
165 370 18
95 264 18
131 176 10
250 446 3
34 544 74
164 534 18
409 507 52
38 550 10
248 350 56
319 393 100
56 250 9
64 431 11
55 173 9
156 208 16
146 384 7
371 561 1
166 233 7
47 235 3
233 286 9
61 216 17
210 254 9
34 144 3
4 171 16
144 326 15
257 369 19
80 400 10
35 269 7
93 527 3
327 400 121
100 239 3
490 555 88
432 590 4
269 531 14
206 207 79
324 367 17
27 179 20
292 314 21
167 176 14
400 549 110
117 213 18
73 498 20
72 101 12
363 492 20
37 78 18
214 510 4
443 576 5
293 349 20
463 485 6
176 453 188
232 311 17
258 438 10
498 551 16
68 342 12
567 572 3
312 478 12
229 451 9
4 224 3
368 481 20
148 515 17
43 424 77
331 405 15
299 341 20
487 540 15
171 327 17
223 511 12
6 137 11
92 566 20
168 283 9
5 377 15
73 531 16
337 341 108
276 334 10
254 483 13
272 477 17
18 341 154
386 407 2
511 547 4
0 369 12
363 486 10
248 378 12
275 407 139
220 401 161
350 527 6
357 365 6
319 499 2
166 543 7
505 566 9
349 447 5
352 548 872
84 490 20
166 297 13
184 258 19
20 35 18
1 73 22
215 564 100
160 356 9
259 492 1
205 390 17
350 452 15
183 411 5
362 471 3
94 260 7
51 166 174
515 522 146
351 551 20
120 481 15
223 566 1
299 429 3
0 229 15
121 571 539
84 493 18
262 315 3
215 335 11
29 198 12
112 202 11
205 387 19
180 351 20
196 443 156
263 392 8
148 367 1
81 126 7
27 435 8
324 337 1
477 588 80
127 512 8
126 346 11
127 381 20
209 294 14
4 303 19
171 559 7
145 318 1
324 355 19
94 205 5
67 180 12
8 255 20
212 564 15
102 557 4
94 183 15
0 577 16
43 257 12
115 357 55
162 481 4
229 375 181
339 345 12
33 180 13
319 482 19
341 468 7
80 280 154
236 526 11
124 591 9
318 416 10
187 567 11
176 266 13
67 116 12
397 586 18
276 295 1
207 299 19
23 296 7
88 212 18
18 262 6
65 288 8
196 464 20
288 510 12
70 185 4
386 429 19
221 552 16
21 307 11
149 591 1
229 579 6
89 337 3
517 558 6
144 520 91
331 532 7
269 408 185
471 588 85
76 423 20
370 452 149
176 529 4
276 538 1
329 476 12
299 514 11
457 529 7
295 525 17
241 461 8
148 241 76
102 195 7
336 376 95
328 431 17
111 142 3
144 582 13
30 138 12
386 527 6
388 498 12
99 349 15
320 343 13
63 123 10
146 179 148
209 313 1
55 405 17
211 218 5
158 464 7
87 523 13
132 408 162
161 376 540
78 388 18
298 483 646
29 587 19
13 244 11
220 265 4
170 212 20
84 224 50
60 295 6
244 296 7
141 518 14
467 480 20
311 393 16
73 164 7
333 379 5
89 100 18
56 260 18
76 512 13
160 535 11
371 537 1
382 501 28
59 111 7
191 554 156
16 351 15
90 539 2
51 441 10
156 185 18
73 514 14
51 524 4
52 462 2
85 425 20
124 260 20
288 583 9
43 370 18
118 579 4
61 486 7
34 127 9
0 587 19
404 512 2
215 370 16
424 449 19
201 489 166
323 392 71
320 393 1
169 550 11
81 156 15
11 55 20
482 570 62
151 430 5
140 210 20
188 334 10
261 325 15
433 512 12
144 528 186
51 131 16
336 547 177
425 562 5
258 363 18
73 286 18
87 521 63
112 442 2
82 218 161
180 330 20
251 252 155
242 314 6
216 457 17
76 107 57
251 442 12
59 271 135
27 82 3
465 507 11
176 297 2
35 373 4
253 388 33
73 262 12
251 507 9
175 252 11
108 189 13
13 390 101
155 439 11
172 511 2
26 113 18
419 451 13
79 500 15
192 475 15
63 356 19
172 186 8
143 536 6
287 313 19
128 212 18
53 510 173
196 335 18
61 488 20
288 387 12
410 437 19
138 203 184
0 203 410
21 405 15
42 532 4
260 458 1
328 575 11
304 393 15
86 232 4
21 386 16
302 403 194
251 421 5
43 121 15
400 473 108
500 572 8
171 396 98
22 471 6
390 565 76
265 314 6
11 382 5
316 371 14
57 138 14
98 377 437
274 441 2
326 370 8
285 380 95
214 332 12
49 303 3
168 554 13
59 345 1
65 110 20
420 574 190
390 466 6
550 580 6
32 388 97
29 458 519
324 406 185
148 586 1
3 441 6
139 234 130
215 360 2
0 272 192
145 262 14
186 252 917
167 566 7
100 224 12
237 590 13
7 560 7
198 217 20
140 263 5
357 488 77
147 389 16
130 272 2
49 228 870
41 487 12
136 220 9
331 352 13
55 185 17
507 574 2
76 563 13
218 411 7
238 563 15
181 379 12
337 386 172
144 529 8
40 333 856
264 568 16
348 567 11
260 266 12
157 448 7
159 341 19
279 454 19
386 492 16
341 406 16
135 255 173
73 429 18
7 548 162
425 588 12
143 441 689
188 276 8
388 486 11
438 523 11
346 537 2
434 524 18
80 561 9
365 470 16
45 357 4
364 461 18
277 523 1
412 437 5
337 353 7
246 378 11
55 110 8
428 542 19
309 531 1
43 493 6
332 512 8
116 250 10
108 268 174
192 444 10
271 326 1
12 393 20
385 547 9
116 365 4
179 571 19
59 545 15
185 254 14
96 397 14
11 25 45
16 346 1
137 253 8
89 274 77
505 562 19
330 342 169
9 407 16
165 424 10
37 377 1
180 435 8
88 260 121
266 471 14
31 295 20
386 433 3
322 515 18
182 469 10
50 467 2
3 370 3
64 478 16
114 405 17
228 338 5
217 522 2
23 477 14
6 566 10
62 100 181
57 533 1
244 534 13
162 467 15
131 262 1
222 344 68
372 570 20
100 562 110
13 77 7
338 381 9
81 505 3
311 323 10
147 424 13
317 551 1
470 500 7
365 433 16
133 314 13
179 251 64
71 566 10
122 161 5
468 545 13
34 319 152
258 470 5
387 390 75
111 358 4
415 424 19
30 435 110
205 267 5
220 397 61
267 372 71
427 537 14
180 325 19
204 325 17
314 512 4
272 549 2
73 410 1
34 474 10
224 450 13
372 374 15
73 90 3
211 464 10
142 503 4
91 186 20
4 549 13
142 534 35
164 554 4
275 378 7
274 517 16
45 124 3
489 504 14
115 246 15
408 431 5
326 393 14
40 513 13
184 404 152
102 216 767
305 378 20
79 91 171
188 332 2
12 113 16
317 459 20
0 191 17
316 590 13
86 443 12
77 160 14
529 585 16
453 506 134
175 296 13
463 581 12
127 511 97
183 266 3
193 253 25
394 461 20
434 536 6
291 326 1
73 435 17
84 527 11
140 417 9
427 466 48
53 60 6
73 418 15
246 329 147
83 475 17
40 520 437
117 132 9
110 455 3
282 464 20
9 169 9
39 223 83
90 303 144
375 411 523
40 419 161
90 533 13
303 445 54
168 195 16
89 406 1
229 356 1
141 466 1
17 406 10
419 573 7
57 358 17
10 17 7
33 236 1
143 562 60
231 385 19
251 582 16
148 166 10
278 551 19
123 375 9
277 378 20
203 343 1
217 436 2
389 395 30
98 293 14
3 249 1
324 548 1
97 438 15
55 538 16
108 201 15
274 303 21
303 582 109
23 569 158
381 447 19
403 407 133
272 385 2
108 116 14
228 301 5
292 457 9
63 154 2
271 319 7
109 384 10
553 583 6
65 295 51
202 514 19
5 590 9
220 434 15
136 252 15
55 74 12
121 416 7
225 281 1
223 554 20
32 60 92
251 400 7
37 444 12
48 470 12
166 439 5
344 421 2
81 545 10
215 354 127
13 411 12
344 472 114
233 344 6
41 366 194
239 576 185
250 279 14
84 201 2
465 514 240
59 164 6
367 535 1
428 572 168
279 556 19
384 536 8
285 335 17
456 577 20
484 511 13
392 549 20
218 371 11
170 352 6
521 546 4
29 409 15
30 246 13
232 421 6
142 369 128
129 436 32
235 439 17
138 512 14
28 98 14
63 212 3
92 135 14
262 376 879
169 228 1
138 356 196
258 558 17
216 286 19
51 334 173
269 568 16
529 591 2
302 563 5
43 111 75
21 97 7
148 242 1
500 513 7
186 287 168
45 282 6
57 261 1
80 472 16
246 547 56
310 396 14
23 294 43
96 332 6
199 417 1
80 200 155
25 193 17
98 137 53
119 478 969
500 554 20
119 338 156
221 554 2
17 251 8
220 291 15
96 169 12
74 448 6
428 526 19
65 100 9
75 159 14
327 581 9
424 501 8
151 268 19
71 331 1
55 500 11
107 216 11
366 460 14
32 424 12
207 293 12
543 544 46
172 420 162
183 390 102
53 86 16
268 438 5
22 396 10
24 145 10
50 126 18
2 33 17
73 294 2
0 315 3
86 461 6
461 518 2
446 581 15
25 110 112
274 477 70
267 498 1
54 540 17
98 302 6
519 527 4
303 497 15
9 584 18
65 325 4
71 385 32
147 402 11
325 466 11
209 259 6
162 439 17
106 587 7
42 475 9
59 419 19
155 514 142
68 484 19
323 329 3
163 281 2
377 492 15
286 413 16
23 182 5
309 519 13
490 590 18
491 551 3
163 182 14
63 332 12
121 531 15
310 441 15
82 562 11
262 464 158
314 507 2
407 478 7
386 485 909
76 439 122
44 335 1
459 549 11
153 242 9
142 578 14
171 172 11
26 364 9
243 436 4
214 293 928
280 309 116
90 564 15
375 426 10
492 563 9
91 400 95
229 543 180
194 346 20
149 317 53
2 246 88
320 480 190
73 233 12
154 540 3
249 473 2
58 538 15
357 493 7
59 415 9
37 199 13
43 100 12
388 500 8
88 166 87
99 240 10
17 103 154
267 278 36
294 560 15
80 320 18
63 162 4
6 242 10
470 541 10
123 175 151
66 377 13
370 548 825
402 547 20
79 422 15
137 478 9
94 286 11
77 253 19
67 548 19
264 300 4
121 503 6
