455 3827 3
5 98 15
117 270 16
390 432 14
28 159 948
81 84 2
236 245 2
222 239 187
209 427 22
138 418 5
119 410 63
206 318 939
240 312 12
365 396 15
328 427 19
213 241 14
59 259 159
131 191 840
148 346 3
154 417 7
141 206 12
33 99 326
385 406 156
196 252 119
285 441 121
43 90 175
281 418 2
299 349 14
162 352 12
141 185 15
0 81 15
310 382 1
50 279 4
244 270 62
287 358 10
127 349 3
291 297 1
326 404 18
35 279 2
0 208 152
94 353 6
39 62 15
227 412 8
160 445 6
43 199 156
210 454 16
288 363 13
15 364 6
237 250 81
163 396 15
9 417 20
214 290 12
75 420 16
139 399 9
227 292 12
302 441 20
182 215 10
143 280 2
211 212 19
141 377 16
190 235 161
266 423 6
442 451 2
335 343 18
254 325 7
31 240 5
40 370 15
44 332 3
17 61 21
122 388 19
108 226 6
39 365 1
198 452 1
46 356 177
29 34 3
218 284 4
145 178 10
16 122 15
195 445 12
256 394 10
160 205 840
102 315 25
176 326 5
32 106 3
176 361 8
95 114 7
155 323 21
67 374 14
99 325 1
57 309 17
217 430 3
345 410 188
213 291 17
218 271 1
252 434 36
252 338 5
32 124 7
172 214 84
132 373 186
304 356 8
352 374 18
5 223 17
84 273 15
212 405 5
131 278 63
246 421 16
73 415 172
172 210 6
364 440 49
117 257 6
213 329 8
244 254 60
50 347 2
193 220 1
189 271 14
56 325 18
85 371 20
65 368 19
282 375 17
213 403 14
51 106 19
361 441 11
78 153 8
15 271 146
66 340 93
86 251 2
177 447 10
40 399 41
131 213 20
178 263 4
36 176 9
37 266 138
76 440 7
145 163 14
240 344 3
403 427 162
5 263 19
46 172 506
179 431 13
189 232 299
275 390 4
0 83 2
231 393 96
404 417 3
41 70 19
27 338 198
28 155 15
363 365 38
49 188 120
267 425 113
220 354 18
252 304 6
235 429 18
40 305 2
62 390 42
198 340 6
120 244 10
281 451 5
172 445 15
123 346 2
2 303 3
153 429 9
82 424 10
35 396 135
299 357 10
47 442 17
106 186 94
157 397 55
317 326 12
193 347 19
230 342 8
234 404 7
91 106 5
325 389 130
275 292 16
39 321 19
2 441 17
389 425 5
138 209 7
29 374 8
41 300 2
36 408 1
31 108 6
139 198 14
264 379 53
57 347 16
252 418 6
28 131 7
68 205 179
105 231 157
128 435 19
29 198 20
100 112 153
188 295 7
188 341 5
64 445 3
130 316 171
27 144 7
124 238 11
102 340 3
302 368 64
207 360 9
9 134 3
392 429 15
4 147 2
15 176 10
87 261 5
12 380 1
215 248 12
13 233 12
259 266 11
138 305 15
253 289 11
276 309 5
227 403 15
214 320 4
87 339 17
116 183 63
55 275 2
8 342 7
174 229 1
216 395 13
103 254 31
17 310 9
114 416 20
0 273 4
5 273 13
134 190 9
71 331 4
126 172 8
61 397 14
79 276 161
97 203 11
266 403 17
160 183 20
79 283 2
341 423 3
85 326 9
300 360 16
178 376 17
124 358 12
72 122 11
196 289 4
141 314 7
168 261 44
223 390 13
329 344 118
89 158 9
142 220 5
82 320 12
388 415 19
71 424 19
56 166 196
338 379 4
311 354 14
51 97 3
88 253 110
317 321 138
43 119 12
144 228 4
244 388 161
199 283 17
148 429 11
205 341 12
278 399 17
317 406 9
144 340 122
216 257 146
320 438 9
254 423 176
74 176 50
88 102 20
168 321 7
129 440 6
315 429 6
59 377 10
266 425 5
359 373 15
181 204 16
296 428 80
206 399 12
288 344 2
130 136 10
399 453 8
154 435 6
212 316 6
60 288 5
119 417 16
195 246 13
54 210 626
157 432 8
50 254 10
236 294 17
101 259 7
180 428 17
41 291 16
297 412 16
248 409 5
86 278 9
151 309 14
100 154 5
47 198 14
39 108 4
69 84 13
273 326 5
11 170 3
375 397 14
193 403 5
32 196 7
67 340 17
276 441 13
9 178 740
100 390 121
98 128 19
212 319 20
64 381 5
37 197 3
156 403 11
127 330 3
35 85 1
96 212 11
94 446 11
129 276 18
147 359 12
366 441 14
284 297 11
70 93 18
202 220 184
35 432 16
137 291 7
131 155 57
119 443 18
23 279 11
428 444 2
160 163 89
248 368 11
59 166 11
45 80 11
61 298 6
65 423 15
164 403 14
305 422 2
35 123 10
49 329 27
93 231 17
170 442 132
389 397 1
154 209 12
62 398 70
80 424 50
253 454 17
4 439 11
295 420 16
28 425 8
49 314 16
87 120 18
216 229 19
46 208 13
69 212 19
78 430 5
128 323 8
115 137 125
81 155 10
128 272 10
129 237 2
161 263 7
247 359 69
101 447 12
197 322 11
103 349 14
219 344 6
181 340 6
160 187 6
82 220 12
340 374 665
66 156 20
213 304 3
33 88 9
80 258 18
288 401 16
178 356 4
82 358 20
53 374 4
116 297 28
348 428 18
374 409 16
139 153 16
66 397 17
228 246 33
61 417 1
195 375 13
168 398 12
230 248 8
101 141 54
123 187 3
227 416 17
38 123 20
177 278 16
50 281 18
173 242 9
167 177 6
108 411 4
67 125 18
74 224 43
23 96 2
6 33 20
307 428 73
124 420 10
178 305 16
278 437 12
24 306 3
168 371 2
54 413 7
85 233 12
177 328 10
285 316 18
32 326 20
84 413 1
326 409 20
137 284 11
350 401 4
185 292 18
255 376 15
105 453 18
12 134 7
102 156 7
180 365 14
324 375 53
77 281 14
164 406 10
12 309 7
180 187 12
162 190 4
280 437 1
75 156 11
12 249 18
76 93 9
95 338 4
135 285 9
153 175 17
195 430 1
334 403 9
74 387 98
37 280 13
108 189 18
6 250 6
152 294 639
216 312 5
303 361 4
152 381 11
47 340 3
70 176 11
151 320 70
72 105 3
90 103 177
301 442 11
181 183 6
233 369 5
134 320 4
46 379 20
12 68 18
320 343 122
94 322 12
161 211 7
75 320 11
218 300 870
96 248 134
84 313 98
61 326 1
100 158 10
106 240 2
79 122 195
116 384 1
72 393 17
242 310 971
38 297 13
143 376 11
18 162 10
26 451 1
209 302 5
75 227 165
29 61 12
202 438 11
230 327 19
111 287 18
132 322 12
354 363 3
158 324 18
345 405 11
48 329 13
304 317 105
271 295 20
70 282 12
121 330 1
89 230 9
27 340 624
167 281 196
139 203 8
136 188 2
28 156 130
66 256 10
56 218 10
88 230 20
312 401 7
89 387 14
289 414 50
82 299 11
166 222 5
40 297 2
135 254 6
38 332 1
288 306 17
314 397 14
143 296 16
57 305 6
129 280 7
20 447 16
195 255 1
350 446 5
262 430 19
354 365 12
209 441 17
104 449 10
193 205 197
124 161 8
39 363 1
125 214 15
32 289 17
215 366 25
152 239 20
171 320 6
44 184 12
352 393 13
54 190 121
238 377 91
375 383 15
98 103 397
228 340 11
363 424 17
324 334 18
207 350 2
61 245 70
142 166 1
172 286 191
103 249 16
117 252 2
127 280 7
78 357 75
179 315 17
314 448 11
43 111 15
409 438 51
143 210 70
145 162 17
229 293 953
106 424 159
77 142 100
143 374 1
75 272 10
17 68 17
131 177 114
134 162 1
246 444 1
91 434 18
130 279 8
5 326 16
89 151 10
0 150 186
131 133 1
317 412 8
86 391 1
28 280 12
5 451 52
257 404 7
142 253 6
115 236 8
284 331 9
83 124 10
139 403 13
48 125 14
60 130 51
93 333 14
84 446 15
23 316 4
195 442 72
11 148 1
233 437 11
32 202 12
85 252 7
71 310 143
241 252 15
179 189 12
255 385 17
132 180 50
157 281 8
6 339 11
357 375 12
295 442 20
203 234 14
19 429 572
252 420 139
216 326 15
139 417 393
40 206 1
346 452 7
159 264 182
154 340 8
173 306 12
239 395 7
161 360 13
69 304 10
7 178 9
302 405 15
0 128 15
82 382 6
85 124 8
407 425 139
42 439 16
98 374 42
111 245 16
147 321 20
168 415 12
139 291 18
118 221 18
201 358 17
255 315 115
119 430 5
51 67 15
257 328 12
32 398 7
164 453 122
334 394 3
400 431 261
127 158 8
260 285 130
316 370 471
307 439 3
253 318 166
96 241 20
101 425 182
252 439 10
0 431 7
265 350 18
354 399 9
106 138 17
40 125 10
81 426 3
206 273 20
297 334 45
91 313 18
103 284 20
287 337 4
278 421 47
366 397 18
195 275 6
404 436 15
153 394 139
132 359 12
20 145 1
78 372 7
90 290 8
294 296 19
124 326 16
28 326 136
15 209 10
62 178 185
8 320 15
161 254 11
128 311 88
289 399 6
201 345 13
203 445 8
49 349 10
108 351 4
157 371 1
153 203 19
21 224 1
82 187 33
218 362 6
34 208 224
96 123 13
42 365 1
43 346 86
171 338 18
366 412 38
250 303 6
146 243 8
20 410 55
32 399 51
276 424 15
113 440 4
196 324 3
43 279 5
206 289 6
170 176 54
140 206 313
64 179 5
100 306 1
62 415 10
117 448 15
213 417 7
192 334 13
62 338 3
319 355 9
246 285 15
1 122 6
50 203 4
12 163 142
256 382 18
109 354 18
104 345 3
132 236 191
99 317 13
237 275 120
191 300 17
316 340 14
257 441 9
252 351 4
197 388 3
113 322 19
75 279 23
375 402 118
246 347 118
38 379 7
23 217 8
27 159 4
51 297 8
27 171 8
25 81 4
51 177 3
270 404 6
6 131 17
15 102 35
169 330 19
77 171 9
8 180 147
74 350 2
4 450 11
200 350 16
338 367 11
297 340 3
112 402 18
22 284 58
168 397 4
27 187 4
280 356 11
278 291 62
336 367 16
26 48 19
54 104 15
116 117 2
3 341 17
91 131 14
140 359 15
220 415 127
290 309 9
62 354 8
35 227 20
21 194 19
47 249 6
116 401 4
236 297 9
283 307 9
240 252 14
13 334 20
3 386 4
240 331 5
158 354 9
97 414 70
19 414 142
229 403 11
59 206 11
5 323 7
3 149 17
178 292 17
53 333 4
198 253 11
79 262 18
108 428 5
230 406 3
241 335 2
107 305 14
159 413 8
247 445 7
234 308 7
157 168 38
151 275 838
59 382 16
377 444 8
168 285 12
96 299 6
183 362 5
7 153 4
1 261 3
162 286 14
30 44 5
247 261 9
78 274 311
61 446 120
67 297 10
244 350 7
388 392 9
84 89 2
72 215 7
48 51 14
195 345 18
206 225 6
39 138 1
169 247 99
117 316 6
5 47 13
101 429 20
78 245 20
83 271 11
108 268 81
79 365 11
165 304 1
226 301 15
93 324 109
27 374 7
15 57 9
9 197 1
380 423 15
215 444 6
31 37 59
23 433 52
167 406 4
80 107 17
64 291 17
40 374 19
170 432 51
141 152 8
16 180 14
139 284 9
196 420 8
218 334 17
11 414 2
0 434 2
51 340 8
331 335 11
4 441 6
159 428 1
97 143 7
232 454 17
191 361 12
7 180 8
49 170 151
339 441 1
89 121 151
13 193 70
2 99 7
69 322 13
36 248 18
178 238 215
294 374 16
145 224 17
13 400 20
285 362 9
148 344 7
83 202 153
220 273 15
346 384 10
392 409 283
253 284 10
171 404 15
166 380 7
70 426 9
145 165 54
8 129 11
394 440 18
60 447 16
299 314 68
330 364 16
288 324 18
241 442 14
165 379 91
432 443 5
195 307 36
102 311 19
27 29 48
63 348 25
15 418 157
26 86 12
37 448 155
139 422 8
38 430 11
291 403 397
132 254 5
9 306 2
257 365 18
43 424 12
365 414 20
262 291 9
102 429 1
79 418 12
67 98 16
143 340 17
53 244 46
37 53 14
331 403 94
62 222 1
98 299 16
239 264 20
10 302 13
80 394 52
9 90 9
17 306 15
249 257 4
95 227 14
3 208 1
131 158 20
168 196 23
169 269 1
170 316 4
356 402 8
186 263 17
189 406 16
72 108 18
87 300 30
33 405 10
30 317 17
311 335 6
103 154 2
279 432 19
116 287 8
1 293 14
7 350 15
0 203 20
172 325 3
75 221 10
154 239 8
51 186 4
96 168 125
294 363 8
53 411 11
151 399 424
196 444 2
368 440 19
166 266 18
165 185 18
266 395 80
113 345 11
88 241 245
34 38 17
99 288 19
66 442 14
89 402 125
108 447 5
9 59 159
63 242 10
166 336 37
206 238 16
220 353 5
201 265 6
196 238 15
249 353 2
221 418 7
79 363 13
16 85 7
2 342 13
171 308 171
147 263 15
5 270 2
134 278 1
19 30 5
165 275 20
18 69 169
275 387 10
352 379 20
193 335 13
409 429 13
182 302 11
38 76 5
124 196 17
163 439 121
161 250 6
45 342 11
117 336 7
87 233 20
37 304 20
369 371 1
63 322 27
14 403 928
234 271 5
59 344 9
274 282 11
213 445 16
193 213 15
14 282 17
38 376 1
137 295 198
168 436 20
329 438 15
19 376 1
80 425 12
291 399 17
198 383 4
144 267 9
236 445 10
33 369 135
132 425 1
105 391 6
10 339 1
242 397 3
300 387 17
356 368 10
15 243 1
30 204 15
328 382 48
146 437 8
43 204 2
320 354 116
280 417 6
124 224 11
158 399 14
243 384 10
69 349 2
102 120 9
68 114 2
141 446 11
57 276 13
75 340 198
281 299 84
28 264 15
153 195 10
23 375 4
181 233 7
30 240 139
111 368 135
69 429 18
268 281 17
166 361 12
269 426 71
195 306 68
378 436 2
266 447 9
10 368 13
161 444 46
265 435 29
36 252 90
72 84 8
188 291 10
162 274 89
288 334 182
106 320 20
188 196 11
130 302 91
144 338 10
120 328 15
6 234 166
24 379 2
146 171 169
5 191 181
423 430 10
223 437 8
42 177 18
203 377 3
73 345 7
337 435 62
305 394 19
161 218 3
82 178 26
65 405 17
384 420 3
92 223 10
1 154 5
120 235 30
51 114 9
97 443 10
238 420 18
269 354 178
269 402 19
35 427 13
130 414 17
136 309 16
139 213 5
268 383 8
88 220 75
277 303 7
199 248 9
52 290 30
280 445 17
155 280 1
39 244 15
45 92 3
15 227 11
160 308 6
113 261 9
25 370 17
114 344 15
25 124 8
288 308 882
236 298 180
74 454 11
146 343 17
92 433 16
129 417 12
262 361 3
61 287 20
23 68 1
108 242 696
72 403 1
184 307 630
144 211 13
279 442 1
167 449 16
255 300 157
349 372 13
129 180 18
399 420 136
43 438 7
185 431 3
64 402 2
270 327 14
90 102 2
283 374 1
40 355 18
71 388 5
228 445 15
121 418 171
175 246 27
16 387 19
5 275 13
98 203 2
36 145 1
85 128 1
12 334 16
41 415 8
56 387 5
140 227 8
58 195 14
276 320 17
137 216 13
234 263 3
174 444 686
89 98 3
29 110 17
30 417 2
156 187 10
292 377 148
354 418 17
286 351 1
245 285 174
67 228 19
239 367 13
121 388 12
30 56 12
69 103 96
423 439 17
126 391 4
291 440 19
118 261 16
59 158 11
67 338 9
208 302 15
22 126 7
213 228 11
8 258 11
51 409 4
129 202 16
8 64 5
191 406 11
269 297 188
70 442 1
201 311 6
81 432 7
333 386 8
295 297 1
333 447 12
234 374 17
262 363 4
244 435 1
258 391 249
20 30 5
128 133 11
90 176 6
124 454 121
354 424 12
132 240 17
189 446 2
252 257 13
185 303 166
321 421 185
362 368 17
39 305 3
44 260 10
239 381 356
122 230 20
336 369 9
66 245 4
437 445 178
111 409 9
72 85 13
96 163 184
75 88 547
150 453 13
288 402 65
99 326 13
173 389 300
162 325 98
163 331 18
291 350 19
85 453 7
193 291 1
84 178 6
174 360 68
157 227 5
14 148 5
16 183 12
41 410 12
144 241 1
32 304 12
47 66 12
8 292 138
360 403 4
176 431 65
153 348 14
248 354 5
106 442 2
108 172 15
167 170 1
139 452 2
51 198 16
31 449 9
113 208 19
148 350 15
139 391 103
166 427 429
291 316 6
87 389 12
55 99 9
248 268 6
190 265 3
32 84 2
274 275 6
277 301 7
338 340 14
158 331 2
15 238 7
224 447 858
341 417 148
172 178 13
93 113 656
63 90 13
33 234 6
228 379 174
132 429 20
25 371 7
91 127 5
363 393 17
81 158 3
190 215 56
116 392 8
59 387 19
27 228 15
79 354 60
30 106 18
176 344 11
317 373 11
79 321 19
77 378 5
171 334 18
335 436 10
134 150 20
77 351 62
98 221 13
172 270 9
23 66 4
141 192 16
87 218 3
96 145 14
243 286 10
169 368 166
54 205 6
82 361 19
349 384 2
133 162 178
32 155 15
318 412 41
82 130 17
112 419 16
315 425 18
83 152 63
58 424 15
321 358 12
295 333 13
127 380 13
231 282 15
178 363 7
193 345 4
240 397 61
48 127 11
68 416 8
97 383 14
162 236 7
53 319 3
19 372 14
63 395 6
61 129 10
89 129 62
241 387 16
5 254 1
76 257 14
311 349 5
135 248 12
182 324 9
339 419 6
82 228 19
98 340 10
101 132 18
8 218 13
19 114 9
11 245 4
151 354 19
67 284 1
5 157 5
174 433 534
247 386 23
138 262 17
334 362 145
38 60 11
108 391 3
429 438 38
266 388 5
150 356 14
128 168 8
208 359 6
113 263 4
0 220 16
205 295 3
108 126 9
51 445 5
109 210 57
73 454 3
177 296 1
85 185 5
86 402 3
85 399 2
151 195 13
203 347 3
58 360 20
89 320 10
393 426 3
3 305 18
213 245 7
28 99 14
20 158 16
137 301 14
294 383 11
17 153 95
133 150 12
62 329 8
272 292 8
168 396 13
107 433 181
40 431 1
186 224 18
198 334 20
48 211 14
245 445 12
34 373 16
267 369 18
178 424 7
7 209 11
187 235 30
138 446 3
8 442 9
3 61 4
67 442 12
304 326 4
129 155 2
51 452 7
67 316 112
13 275 4
137 196 5
81 124 70
73 291 73
362 384 155
61 131 4
90 153 4
327 428 128
13 15 20
57 82 18
388 404 13
233 380 10
5 215 4
34 201 13
73 169 18
326 399 172
228 304 16
210 233 2
151 444 122
205 254 3
131 141 134
35 266 14
182 394 20
141 391 9
186 381 6
15 220 5
39 109 661
370 408 5
130 312 20
418 424 4
186 442 19
254 439 20
374 424 6
14 378 16
209 343 117
140 414 17
108 371 9
198 442 19
85 238 93
224 232 15
292 340 18
334 410 3
79 305 174
107 166 12
160 334 16
108 364 18
187 430 8
7 86 131
302 442 8
109 374 4
48 297 3
6 381 157
4 438 15
35 184 7
39 293 1
231 407 4
371 397 12
171 413 2
180 424 111
122 273 145
186 306 20
89 180 18
52 431 7
261 354 14
45 376 15
120 418 132
237 277 7
97 184 8
169 273 8
12 323 14
34 64 11
103 340 11
301 346 14
144 379 59
134 249 4
144 284 7
66 67 14
2 183 6
71 216 19
20 77 15
122 303 16
70 242 11
123 335 4
0 282 20
293 297 14
177 430 2
196 399 853
184 276 7
18 35 15
328 443 9
262 424 1
189 391 5
305 418 13
45 179 4
162 178 13
176 410 10
381 429 15
47 51 1
269 391 11
147 287 200
217 311 19
100 293 6
120 208 43
329 352 67
136 357 11
8 145 9
262 341 18
373 433 383
388 432 19
15 436 1
40 158 7
172 452 11
39 300 47
300 431 85
342 424 523
410 436 13
14 319 1
138 386 2
309 346 157
291 334 2
8 44 19
255 428 185
17 294 7
82 342 20
70 438 300
101 370 9
14 136 12
165 305 5
7 16 6
128 404 78
102 417 60
45 327 150
284 403 20
181 277 7
17 272 22
309 349 11
41 419 12
35 261 8
46 95 3
138 140 8
69 147 2
83 277 8
49 145 14
186 331 17
216 233 15
284 379 6
161 247 1
172 409 200
16 242 16
126 272 15
323 360 14
97 267 11
98 249 19
79 265 11
204 281 19
358 417 10
295 334 14
301 381 19
149 451 9
121 152 20
214 352 1
42 288 11
104 378 4
161 241 4
315 324 539
261 289 20
58 182 1
223 412 50
93 125 7
11 453 5
203 397 18
277 447 6
54 127 47
20 250 11
127 157 16
67 187 3
310 438 10
157 215 4
39 123 5
38 228 2
63 120 197
119 229 11
87 414 9
292 405 125
173 376 7
108 337 5
168 173 10
3 446 77
403 420 14
251 448 79
334 353 3
48 239 8
40 403 7
122 414 20
121 146 8
20 239 16
250 343 2
342 415 7
407 427 4
142 196 19
192 434 7
446 450 18
166 289 14
148 386 1
51 385 12
32 126 8
88 289 1
143 204 11
148 157 18
17 420 18
353 418 133
285 329 19
80 126 15
224 403 12
103 360 4
155 213 7
81 240 9
59 399 7
73 356 14
172 391 1
236 371 13
178 320 5
7 107 37
207 353 18
278 304 14
105 376 6
407 418 872
110 202 571
326 420 3
30 47 12
160 306 23
45 58 3
298 447 9
138 178 8
3 142 10
187 374 14
18 215 10
300 425 2
206 352 134
117 131 17
48 198 8
47 335 11
30 327 12
95 144 18
95 187 19
323 448 5
182 272 10
103 227 188
408 448 107
193 284 5
196 304 3
106 452 20
66 420 140
101 438 11
22 279 12
65 261 10
20 164 5
18 144 2
176 259 16
27 95 19
122 354 394
86 190 11
37 370 7
113 273 5
39 101 4
205 421 200
117 317 83
9 135 15
12 27 17
234 362 7
26 424 13
72 339 1
10 214 8
165 426 5
171 180 31
184 241 14
131 135 18
197 352 19
69 438 5
68 171 11
375 454 466
367 445 479
232 328 187
198 363 19
304 371 18
46 151 4
78 87 6
288 444 3
219 263 3
25 85 4
207 381 8
24 401 1
213 275 4
178 365 10
35 329 4
69 143 6
18 224 8
112 180 17
338 396 12
397 422 7
3 338 18
95 181 286
354 426 18
308 433 32
7 338 78
268 350 2
171 288 18
102 243 19
26 152 68
6 302 154
124 252 17
209 262 7
89 337 15
112 290 9
293 326 15
361 430 1
261 416 14
245 384 16
137 422 9
65 204 12
149 388 102
50 244 142
31 90 4
282 352 12
14 200 10
1 297 10
138 234 35
8 77 25
286 434 11
1 113 10
165 409 168
374 399 15
387 430 17
235 363 10
139 401 2
88 239 20
12 99 19
225 434 16
123 272 16
83 240 14
98 379 10
295 321 4
106 344 14
340 416 137
116 265 12
135 348 19
226 399 7
363 418 591
79 184 7
57 213 10
330 412 17
30 314 2
33 245 676
130 134 14
262 324 9
365 418 130
155 335 4
329 389 7
63 259 13
145 156 179
288 368 49
193 416 16
20 111 57
67 95 191
286 331 3
164 372 76
61 213 6
238 256 1
137 212 17
112 426 7
362 453 17
28 106 12
64 369 171
226 414 20
240 440 9
148 160 7
193 281 16
120 322 49
43 191 9
106 214 13
133 135 10
44 367 19
215 259 5
189 341 13
136 251 20
292 342 97
352 399 102
72 241 18
338 361 19
50 305 18
137 297 8
109 170 517
5 122 19
93 374 19
106 428 16
5 311 7
319 377 7
251 349 18
105 426 19
190 387 19
206 354 13
17 400 18
331 423 599
70 182 20
76 321 98
175 361 7
63 193 94
0 383 18
164 250 18
307 444 800
120 277 10
163 269 176
229 355 11
274 319 181
134 171 117
384 452 15
42 328 19
32 370 17
272 349 20
119 235 16
128 340 6
219 388 10
8 84 139
58 67 1
31 433 7
21 374 13
39 428 14
6 13 9
40 151 15
51 442 15
141 312 6
297 442 18
95 117 58
25 196 20
131 311 1
146 175 7
349 396 6
32 252 10
79 441 20
258 438 11
325 427 9
16 273 19
150 224 14
93 419 4
83 180 14
18 285 26
93 189 14
316 442 18
43 92 10
174 395 17
311 451 9
134 317 19
33 394 3
177 187 14
139 237 581
178 276 19
236 273 5
109 154 7
246 258 7
51 167 18
310 362 12
149 421 14
109 320 3
39 197 2
193 399 196
296 337 14
5 44 9
27 301 13
164 410 10
268 291 8
124 371 14
89 101 10
40 320 83
148 194 30
113 246 1
106 317 5
276 399 18
66 267 17
124 399 3
166 189 7
195 260 12
160 280 6
130 449 6
395 416 4
9 85 7
85 144 6
305 424 16
58 314 11
127 381 17
12 377 111
356 452 1
236 310 11
53 257 55
268 364 3
316 452 10
171 321 15
40 214 1
371 378 20
110 146 13
43 320 104
236 328 16
7 140 5
42 250 815
79 437 68
35 397 97
143 345 90
210 420 11
162 410 5
20 38 3
175 364 16
89 186 5
189 264 4
68 308 19
325 409 2
165 276 6
154 424 74
62 171 7
137 185 2
89 132 13
39 262 8
245 417 123
13 176 144
347 383 5
330 362 11
25 165 13
227 397 14
49 201 10
94 133 19
35 304 14
75 89 8
217 219 12
24 435 10
102 329 19
196 295 14
149 184 98
73 372 20
206 353 15
220 233 20
36 378 7
366 381 13
207 289 2
129 320 10
72 95 92
192 227 129
200 268 15
311 395 15
187 231 815
45 284 12
109 244 43
9 12 13
324 363 13
170 314 19
86 374 2
322 438 2
353 411 13
193 208 138
1 177 78
320 342 19
51 109 4
178 415 680
103 374 46
106 109 4
228 277 112
300 417 9
262 402 191
151 374 5
68 434 20
75 142 165
221 345 12
158 218 14
103 239 12
43 241 6
67 103 79
247 448 141
49 53 6
110 191 15
134 308 13
330 393 18
346 418 17
185 451 10
260 265 10
195 347 19
241 346 46
43 329 171
60 373 18
75 321 18
74 103 6
268 439 19
14 139 4
171 306 6
75 147 76
80 441 12
67 168 18
189 228 19
41 148 150
222 267 3
345 443 81
322 429 26
203 381 17
239 329 19
32 453 5
113 442 17
361 445 17
253 426 881
37 185 18
262 431 4
140 191 19
82 373 18
366 415 5
22 409 10
119 211 3
104 394 18
255 368 8
36 89 98
111 213 9
187 219 19
187 340 7
89 347 5
330 420 20
374 407 15
172 453 13
57 119 19
59 320 3
37 200 16
55 155 20
273 361 172
58 400 18
272 424 19
124 139 11
147 342 199
21 166 4
178 418 17
297 403 9
63 68 6
59 403 9
10 184 12
19 166 385
249 435 114
213 297 1
109 367 13
84 342 14
377 379 8
58 343 4
163 303 1
34 79 15
143 383 15
25 434 14
312 382 15
0 49 9
251 340 14
100 315 18
291 336 10
196 326 17
108 271 8
250 292 10
51 56 1
61 111 8
79 291 165
33 286 1
200 422 19
399 403 18
2 128 19
128 141 8
66 452 113
112 309 16
197 286 111
162 328 122
442 452 4
52 355 7
254 376 15
286 291 100
259 424 17
114 433 128
388 450 12
172 324 554
330 350 704
3 18 3
148 315 3
0 50 16
254 281 20
192 270 680
218 296 677
260 357 10
241 348 17
203 383 3
80 266 171
24 278 143
152 258 163
5 78 5
43 110 20
66 106 33
157 411 19
203 245 8
145 378 3
145 319 13
134 160 7
18 259 3
95 379 79
231 351 76
205 344 2
171 257 188
257 258 5
113 121 9
9 139 11
240 377 305
371 421 15
132 427 132
47 106 35
40 322 20
331 442 13
47 284 177
275 420 13
129 342 16
272 368 2
71 116 583
32 105 154
49 279 562
125 290 20
315 404 8
328 419 19
252 419 12
88 432 14
27 277 9
349 355 11
50 201 3
110 320 97
287 364 77
81 263 17
109 199 10
33 267 178
136 198 7
73 105 16
160 413 16
95 281 69
194 325 776
23 348 8
95 213 20
230 389 1
7 22 42
183 409 9
342 379 7
35 281 20
165 257 16
260 287 140
79 413 6
202 353 9
76 417 16
185 444 5
36 310 4
233 363 10
205 316 17
276 342 16
274 335 6
52 221 8
293 400 11
27 103 4
393 439 16
205 450 10
5 115 176
365 440 16
38 367 167
173 369 18
75 351 4
207 337 17
308 445 5
5 119 742
272 434 11
172 226 198
85 221 104
327 446 169
45 260 17
257 321 3
193 344 12
86 93 7
110 293 105
312 452 55
49 442 13
98 213 11
117 138 14
149 268 18
14 222 8
206 268 95
41 255 8
45 53 7
198 360 18
62 99 11
155 169 4
278 386 6
106 386 8
85 299 2
290 433 6
183 422 17
34 331 18
27 379 18
90 331 11
43 212 1
38 415 12
86 171 2
208 211 45
186 415 19
87 128 20
84 180 9
190 362 20
312 361 50
8 276 12
99 236 19
349 412 90
225 265 9
243 255 19
282 343 3
40 204 20
60 211 17
209 297 17
317 367 10
381 415 2
101 292 5
139 297 4
213 295 16
116 270 6
36 73 9
141 194 5
26 39 4
253 445 4
35 208 7
47 166 11
183 415 13
5 397 12
338 374 17
2 226 63
284 374 16
311 358 183
272 325 13
217 252 8
96 198 6
238 399 177
88 197 13
198 249 15
178 183 75
103 157 4
331 447 18
223 295 13
83 324 3
73 358 16
12 433 14
417 445 3
204 310 23
186 352 159
217 365 17
59 408 10
105 224 12
110 189 19
3 42 10
182 320 52
222 258 37
113 278 8
116 283 17
258 422 36
291 318 17
365 376 12
69 132 2
241 279 3
387 412 4
215 429 17
176 269 16
49 417 11
117 219 16
35 122 112
95 284 11
269 329 15
97 293 20
137 403 6
296 411 15
54 353 7
76 156 4
59 421 18
66 215 6
265 345 3
303 447 12
14 343 6
178 181 110
441 445 11
79 251 9
9 77 12
47 285 9
31 55 17
140 418 63
45 266 15
305 342 8
196 286 11
25 447 95
122 134 20
167 447 1
90 323 7
257 377 8
59 151 6
128 188 116
210 358 7
309 335 8
86 271 15
58 329 191
117 223 129
62 348 10
302 415 92
244 349 20
297 452 11
40 381 6
32 287 804
249 446 5
109 290 34
115 344 184
93 309 1
305 365 3
213 334 11
252 453 10
177 395 9
79 361 8
371 422 19
162 164 17
368 420 7
158 329 18
119 407 19
257 402 1
38 126 7
25 369 1
161 256 7
125 392 3
116 285 10
113 310 46
31 402 18
151 255 638
83 149 16
86 102 18
75 182 79
75 276 9
252 371 11
62 153 151
174 189 19
190 386 87
104 254 17
246 295 38
130 381 9
25 252 379
188 399 11
363 417 9
320 399 6
133 245 36
11 31 20
299 334 105
294 407 18
178 180 107
78 325 1
68 191 11
131 384 12
17 415 5
85 110 17
38 321 10
183 432 16
79 138 12
88 194 18
160 250 6
243 264 8
43 442 153
82 230 119
178 262 20
187 414 161
138 375 8
8 265 7
108 435 1
132 400 141
241 394 11
316 453 2
201 368 117
133 316 96
67 452 173
185 235 74
139 240 159
17 197 12
189 354 16
8 424 17
84 345 121
7 256 15
298 368 16
43 362 144
35 371 82
34 112 11
103 338 19
32 420 130
196 334 18
356 410 20
252 431 49
102 395 20
217 299 44
200 274 5
108 446 131
154 208 10
236 415 13
181 326 30
146 229 16
132 452 5
298 366 3
25 304 1
310 331 2
8 312 9
129 425 10
110 351 3
119 416 5
421 436 11
34 221 19
58 267 9
275 363 243
28 445 7
320 334 10
222 397 11
242 396 16
47 126 18
131 280 6
88 284 4
133 283 72
173 316 396
311 321 5
101 172 15
83 371 6
102 248 5
327 354 12
1 264 4
185 422 7
64 174 13
267 384 4
37 449 9
118 312 8
60 334 1
47 324 5
118 127 47
218 225 19
294 364 9
265 442 17
18 413 52
371 399 10
45 373 4
159 386 3
12 21 19
333 443 143
106 316 53
306 311 2
25 127 15
288 411 5
163 405 8
160 192 4
234 438 12
230 324 9
214 354 186
173 210 14
90 133 15
128 366 18
77 333 12
352 403 5
110 348 4
144 446 17
50 405 11
147 364 189
445 453 13
368 389 4
83 432 4
78 256 14
105 277 15
7 170 3
60 232 2
66 198 18
346 379 2
154 165 171
219 353 19
130 150 5
244 436 12
114 268 19
360 435 6
102 117 135
76 402 4
205 303 5
53 189 139
229 313 1
295 399 4
284 338 18
66 377 20
42 82 9
147 223 8
292 424 87
316 394 13
50 139 2
284 291 20
48 448 5
146 383 12
71 77 18
151 345 78
185 425 18
324 389 13
123 325 18
81 300 7
249 259 16
48 67 19
218 253 6
89 226 13
295 332 16
84 424 9
276 402 16
135 385 10
296 371 1
40 367 8
57 58 172
142 249 152
217 337 138
129 236 84
388 434 20
74 269 11
389 394 11
46 362 17
148 321 18
72 366 2
35 177 13
206 215 2
160 417 15
324 382 12
145 314 3
127 234 16
158 320 197
5 371 11
99 280 5
76 248 7
363 412 1
109 351 20
35 449 99
380 390 1
348 402 10
28 422 24
270 432 9
111 207 16
245 280 15
109 151 106
273 284 258
122 231 13
301 411 2
324 390 13
172 399 7
338 344 20
188 213 8
89 276 20
86 388 15
186 290 11
126 344 18
50 109 12
58 211 10
166 223 8
0 198 15
131 411 10
271 391 19
57 284 18
248 260 3
96 253 19
56 65 16
254 398 9
124 306 134
151 352 12
227 276 8
71 188 18
160 248 9
27 67 9
99 230 18
285 397 20
66 244 15
17 279 8
11 452 15
5 168 12
49 241 20
314 370 18
288 320 12
389 452 7
394 431 7
73 176 13
77 208 368
126 281 9
62 328 17
24 64 40
230 424 12
3 395 7
95 101 11
114 150 14
96 255 10
246 333 174
217 259 14
293 403 2
24 189 6
15 82 1
123 125 4
277 413 7
18 54 3
97 222 3
14 157 15
246 393 7
233 279 14
48 106 3
182 417 9
223 433 4
170 344 14
137 200 1
87 265 13
92 97 10
47 348 4
242 419 139
95 164 3
231 416 977
62 79 7
5 227 8
315 424 5
192 426 1
61 339 3
126 253 12
20 414 8
311 397 15
254 268 18
208 237 19
192 433 4
25 399 16
101 322 20
272 432 2
228 374 16
2 111 15
172 198 171
127 418 14
134 306 155
67 144 3
9 257 7
197 342 5
326 453 8
32 85 98
90 186 11
2 317 6
191 359 190
172 173 9
8 82 14
255 444 174
9 255 3
337 428 9
45 229 9
155 172 14
53 336 200
89 309 16
31 430 15
68 282 168
110 177 3
207 379 4
67 328 98
121 340 20
275 355 17
335 365 2
51 66 3
164 411 6
121 403 10
158 374 19
238 453 13
83 304 20
186 233 2
320 402 2
388 419 13
158 298 12
47 452 6
2 174 1
125 143 14
31 419 9
61 274 4
39 203 13
147 165 17
153 154 15
99 395 16
333 444 61
35 216 241
109 255 24
186 249 78
2 232 13
35 142 17
103 379 9
56 137 74
82 180 7
29 310 10
85 318 2
255 435 19
12 153 2
86 189 11
175 228 14
227 257 16
170 201 19
57 226 4
50 297 13
266 451 8
19 276 4
32 238 68
107 310 14
95 103 12
230 276 16
18 158 4
256 404 20
134 196 7
129 315 4
228 296 13
203 400 147
48 210 14
10 191 16
3 224 118
17 411 3
102 205 120
25 453 9
174 385 133
89 449 79
308 386 175
136 294 12
104 153 19
33 293 2
126 233 91
227 332 5
177 440 2
35 157 10
443 447 12
184 352 19
65 228 3
157 160 10
347 379 10
309 313 12
79 424 18
227 443 20
373 402 16
420 453 191
111 418 100
115 171 17
29 111 4
354 403 20
78 319 2
73 443 4
29 78 4
71 73 47
59 85 10
48 340 13
129 138 14
196 220 12
68 320 10
82 121 12
188 297 90
224 235 3
19 80 11
29 171 14
76 280 14
106 158 3
192 233 127
65 223 9
47 253 7
68 273 9
84 292 30
100 134 13
170 172 10
314 328 44
407 442 7
149 433 6
18 418 3
164 368 1
262 342 240
105 244 15
118 301 3
31 195 20
80 219 13
245 324 11
170 242 1
259 360 17
210 383 14
43 146 14
57 250 53
47 153 20
59 109 166
122 322 19
209 265 9
12 129 18
88 140 113
130 153 9
187 360 7
48 221 15
374 384 5
284 334 4
267 343 15
25 80 111
62 202 180
189 371 2
157 446 4
2 358 27
137 399 18
106 340 41
78 188 8
60 308 464
211 321 1
362 417 78
94 373 13
62 138 5
128 239 8
104 294 11
63 137 11
62 305 1
60 244 13
144 283 20
174 440 4
68 288 1
41 268 11
7 124 12
32 181 2
393 414 15
218 428 16
340 431 11
70 300 6
120 122 8
88 204 20
13 300 15
129 196 67
61 133 4
178 193 14
50 262 17
16 433 8
159 346 1
296 418 12
157 293 79
116 243 17
162 411 34
85 284 20
160 310 9
213 280 11
270 313 148
95 382 20
62 366 11
202 337 6
163 210 19
63 77 12
211 311 6
75 386 11
263 281 8
36 204 18
96 366 15
216 286 16
125 228 6
94 303 19
243 278 6
197 237 11
108 296 7
73 208 12
233 382 4
62 376 7
272 437 5
98 217 13
355 451 16
185 318 4
57 349 14
62 365 8
104 247 3
270 285 2
97 206 153
40 59 151
137 193 10
92 163 6
95 98 10
422 433 20
352 394 650
34 174 19
233 365 17
111 167 3
109 422 4
221 335 8
21 25 14
187 338 1
87 425 20
171 221 15
133 280 129
124 154 2
177 413 10
5 332 14
269 386 18
234 277 13
135 428 11
170 279 5
288 410 189
292 371 9
35 168 18
195 302 47
48 71 85
245 291 18
290 333 87
16 251 16
153 421 5
270 359 18
109 372 115
139 333 13
178 354 10
118 353 18
254 355 17
266 354 15
204 280 15
255 307 3
350 384 11
355 362 10
81 211 10
171 399 17
37 61 11
35 80 30
2 225 129
17 116 2
159 279 18
84 230 19
168 437 1
47 344 7
32 371 20
129 384 12
295 452 40
11 438 13
50 421 5
178 230 12
277 332 47
197 327 19
49 361 177
134 288 3
72 231 15
181 444 10
35 343 132
69 117 16
150 439 11
12 177 16
166 398 8
54 60 79
183 264 14
14 256 161
340 379 32
0 386 1
138 212 16
57 171 9
142 230 19
42 133 3
187 379 5
65 409 13
229 416 1
255 357 4
2 85 16
75 407 100
11 228 3
75 251 8
68 254 8
133 373 14
234 394 1
195 428 1
359 382 95
77 148 9
128 259 12
142 221 2
104 170 157
251 329 10
341 427 4
78 300 50
239 269 886
224 389 79
245 404 163
24 187 8
68 334 2
362 401 15
168 227 14
214 399 6
295 397 3
258 431 17
119 332 12
84 129 16
98 284 6
168 215 105
311 433 160
179 300 46
51 419 16
188 288 17
74 342 180
121 244 7
355 381 14
267 302 17
36 110 43
144 163 14
195 207 19
106 338 11
90 108 1
177 219 116
308 362 14
66 158 11
264 324 14
207 407 176
39 354 659
8 297 10
98 412 17
7 425 9
194 277 16
129 133 2
20 73 6
47 67 9
106 141 15
238 311 16
67 379 20
125 336 831
293 340 20
103 144 15
148 186 17
341 444 59
83 131 20
261 290 172
39 73 49
98 111 11
18 356 10
306 357 19
333 340 810
64 247 9
129 230 740
100 328 9
300 362 10
187 318 20
59 406 45
213 399 14
239 350 16
291 295 7
228 427 89
35 51 12
259 353 7
151 223 192
106 157 2
306 352 3
355 412 137
36 105 8
63 210 17
312 328 114
72 418 10
217 242 3
286 350 12
166 249 69
169 321 8
170 438 19
0 319 2
374 452 2
160 348 2
46 213 80
271 397 4
28 61 152
73 106 8
70 298 20
178 342 2
418 445 27
262 354 72
337 341 18
340 367 4
18 171 12
308 358 19
67 133 84
431 453 12
284 399 20
279 366 136
296 310 4
78 317 2
63 406 11
286 319 13
311 316 48
304 420 12
26 147 16
65 127 15
215 382 12
13 40 5
64 140 8
39 453 18
79 404 16
36 51 14
392 450 20
208 297 3
304 392 5
332 376 3
138 348 12
125 453 7
307 421 149
303 322 102
128 339 11
42 444 5
233 366 7
30 265 176
174 232 1
195 414 5
220 436 18
219 337 5
16 162 18
235 327 140
157 241 116
66 316 15
240 266 207
156 323 15
247 267 20
56 280 171
161 409 13
196 284 106
123 427 5
102 281 8
290 391 9
407 426 16
108 237 16
46 237 39
238 252 8
203 251 17
78 136 1
71 370 35
204 244 18
121 446 14
1 315 5
105 172 4
25 420 17
167 429 19
66 439 5
218 338 2
358 396 2
280 376 20
65 124 4
292 375 2
196 297 4
243 289 9
251 265 19
89 196 11
19 399 4
196 453 13
330 423 15
14 418 9
39 178 7
31 438 58
227 454 9
240 427 19
54 128 17
309 374 20
53 324 9
95 210 18
182 253 152
5 359 9
28 133 11
56 397 15
140 178 6
160 202 14
180 320 153
306 342 2
44 294 10
187 276 18
53 114 3
326 371 43
314 350 9
51 413 9
158 305 1
12 143 16
335 419 508
49 82 46
207 290 150
13 279 3
108 348 130
284 295 16
67 120 8
109 214 981
57 59 6
233 313 905
121 200 11
231 344 6
384 421 19
82 276 75
56 338 14
194 269 2
327 376 17
23 387 157
183 315 6
114 419 197
417 447 29
95 374 180
68 158 6
10 404 153
20 110 160
141 251 9
82 419 151
23 374 14
331 421 7
374 403 15
49 416 17
0 226 10
286 333 58
133 151 7
75 164 14
207 311 12
295 403 23
157 325 6
7 27 4
256 276 537
57 257 20
41 391 16
52 364 121
37 302 5
98 187 10
309 410 2
193 251 8
118 253 3
2 140 18
224 277 15
92 228 16
48 304 3
54 68 49
107 161 152
100 275 2
78 369 15
159 339 5
140 374 215
193 297 14
95 340 7
49 411 11
244 392 20
10 197 11
23 389 16
64 368 8
50 95 19
389 438 19
280 408 19
215 227 18
30 295 7
161 426 88
155 367 6
82 84 14
68 196 19
118 141 199
132 196 3
90 192 3
165 182 7
149 307 1
196 291 3
343 402 3
162 265 1
279 361 18
107 438 13
297 316 11
199 328 14
56 112 2
61 280 8
134 247 2
340 443 20
177 333 19
4 442 29
133 426 9
26 191 9
27 454 3
137 213 9
7 223 8
10 135 5
148 412 18
317 433 12
334 439 3
154 204 171
109 201 4
193 334 7
103 187 10
178 223 148
170 361 6
108 313 10
320 424 19
48 66 14
334 423 126
85 222 26
131 153 15
124 173 11
291 357 80
52 371 2
27 289 18
85 395 6
357 449 4
367 439 5
51 316 137
139 389 1
227 279 465
115 232 10
17 311 11
2 89 3
114 180 8
329 446 3
256 289 15
37 367 3
295 372 11
82 243 16
194 341 1
252 399 9
334 399 57
191 332 12
274 343 82
419 439 13
85 304 150
150 415 15
103 297 8
362 404 1
39 328 115
106 297 151
292 320 8
25 238 168
123 341 5
64 442 9
138 238 17
84 145 3
22 335 53
240 391 4
21 77 4
213 439 9
13 223 19
121 144 13
19 85 49
161 270 18
310 361 15
284 340 8
13 342 20
79 401 7
59 352 4
263 315 13
272 364 11
63 203 22
188 451 1
175 281 17
37 416 13
158 352 20
206 214 4
292 440 4
209 446 2
66 297 20
333 371 28
24 28 7
76 446 16
20 303 35
20 184 63
1 420 14
26 327 19
391 449 14
262 305 15
162 180 9
400 441 16
100 249 5
111 215 19
345 401 9
101 450 8
230 293 192
90 235 12
169 309 11
243 334 19
50 177 7
314 373 83
22 32 6
180 230 4
100 412 9
39 106 133
140 348 18
82 89 18
122 222 14
230 399 19
33 102 8
47 48 13
139 355 16
160 405 14
6 81 15
399 405 54
89 342 16
28 417 24
75 449 18
45 149 180
68 322 19
188 205 17
98 185 18
211 245 16
137 448 20
117 209 59
392 396 173
150 350 3
70 286 6
32 246 1
119 254 2
194 326 9
58 85 13
138 402 17
8 49 16
146 448 11
330 352 5
330 395 7
222 404 5
148 282 4
88 449 18
149 262 398
8 230 9
161 310 11
187 386 2
287 398 14
67 106 10
82 292 11
134 256 9
47 231 10
11 429 20
244 343 18
134 379 17
309 368 9
123 378 2
155 324 2
235 297 5
89 424 19
145 385 1
162 171 2
150 232 3
238 304 18
4 299 8
18 123 16
119 213 4
334 348 13
172 189 10
183 275 4
162 257 185
149 266 10
149 216 4
6 44 1
61 155 6
267 352 81
243 434 7
152 447 14
331 430 114
75 82 2
225 355 10
139 295 4
130 432 13
315 387 17
238 326 132
38 50 13
172 280 7
143 339 1
321 326 15
152 316 8
101 290 18
49 284 91
74 436 110
144 247 17
360 422 19
121 358 5
302 437 16
371 420 4
54 448 16
278 440 3
28 245 19
86 115 8
239 335 11
8 178 17
56 100 13
105 168 72
259 298 13
289 349 2
191 227 10
61 165 122
158 187 172
25 56 41
206 224 7
1 62 9
324 330 911
33 69 6
87 162 14
317 333 11
79 244 95
280 359 35
205 355 5
223 250 17
121 189 13
129 445 5
384 399 9
314 352 8
26 97 16
163 411 159
311 368 15
38 387 110
164 396 19
64 65 193
34 327 8
310 394 82
225 257 1
160 188 30
5 192 107
56 128 17
134 334 8
179 287 16
22 233 12
21 160 145
39 424 1
302 403 2
111 449 177
46 391 12
248 275 11
33 381 30
102 447 10
123 452 1
129 386 12
62 424 8
194 257 955
78 243 10
104 149 122
62 363 7
74 84 17
48 316 55
31 98 68
424 432 714
344 406 4
183 207 2
28 112 12
97 430 8
85 340 2
133 417 67
46 402 8
98 144 11
249 427 3
87 424 14
198 389 20
154 287 20
222 362 11
318 338 16
143 424 13
160 424 11
327 385 3
381 416 15
15 317 9
342 451 17
299 409 2
137 139 13
7 357 13
158 206 1
193 319 5
39 396 2
137 266 17
278 296 3
25 407 9
277 353 18
186 359 18
104 432 71
70 324 1
59 176 16
151 307 6
93 182 171
116 121 52
201 315 16
88 386 5
174 424 14
262 308 8
235 331 61
142 356 14
60 68 48
180 292 1
150 341 9
167 454 19
154 269 2
133 146 2
84 320 20
7 430 130
346 358 19
17 375 16
107 264 11
349 417 11
192 408 9
171 313 5
10 367 3
146 436 8
180 276 8
394 414 8
28 129 9
47 297 6
58 438 7
209 353 5
48 123 17
129 385 16
8 38 15
117 327 48
100 287 15
200 310 6
120 327 12
138 440 1
40 172 7
5 224 15
134 201 105
48 102 8
198 297 2
209 389 6
14 179 2
13 120 15
147 436 10
16 186 7
256 316 20
306 402 14
85 237 6
102 209 14
133 295 8
387 429 786
139 196 124
42 130 12
106 321 17
10 157 146
48 116 18
148 326 8
212 285 16
362 377 14
340 452 3
361 442 9
81 384 4
326 442 20
322 433 18
244 339 15
142 258 14
3 252 16
288 438 18
289 343 15
187 284 14
129 131 19
408 422 10
271 282 13
57 350 1
232 271 2
215 374 13
78 107 1
109 338 131
14 431 18
181 199 7
248 342 5
151 403 18
305 354 10
262 366 75
253 408 10
190 290 11
155 257 4
264 422 15
250 330 147
25 326 181
138 424 86
220 267 14
138 354 19
144 187 9
24 446 143
217 232 20
186 427 12
34 209 49
45 328 2
73 130 80
139 188 7
43 170 16
289 385 19
49 403 115
151 214 17
211 218 12
22 313 4
85 420 8
107 270 1
131 445 12
12 229 11
245 283 10
183 223 77
88 328 5
285 310 20
153 385 2
277 316 1
364 377 8
109 399 59
205 365 10
154 189 10
124 246 9
50 238 15
129 245 2
308 412 17
78 342 9
133 424 5
167 328 60
228 338 19
5 420 20
311 362 481
136 428 17
180 342 6
44 203 13
330 407 8
3 382 5
163 167 11
39 418 5
167 296 12
72 361 20
123 158 12
255 443 7
301 317 3
126 271 80
131 265 3
138 259 12
236 261 19
155 382 14
81 115 20
78 98 78
72 142 161
27 53 9
39 79 18
328 346 18
89 292 1
41 329 8
83 336 8
129 292 20
110 316 8
304 399 81
290 409 16
115 444 19
57 194 19
260 342 5
63 237 185
13 335 87
5 253 5
90 302 13
157 236 18
216 394 12
170 241 9
31 380 8
5 36 18
7 112 6
140 353 91
76 219 20
142 349 9
87 133 5
325 421 2
104 110 37
242 276 15
311 436 14
141 337 4
230 365 20
140 423 8
180 317 67
192 239 34
12 151 8
380 446 20
180 229 7
101 420 16
219 285 9
63 414 9
187 257 1
32 368 5
391 444 17
4 318 4
62 267 5
29 166 16
88 182 10
89 357 20
210 328 4
233 375 12
45 369 2
243 358 6
48 452 5
198 262 156
332 449 739
186 310 5
329 386 12
47 94 8
96 318 12
151 419 11
27 176 5
374 385 15
130 385 8
397 423 166
344 386 5
157 252 8
109 196 51
45 431 20
224 341 2
220 243 936
190 406 4
224 371 14
15 214 180
238 271 20
142 153 6
68 340 13
158 278 1
19 371 161
257 267 11
143 322 2
165 442 5
311 450 15
94 214 7
68 208 15
66 241 7
198 336 11
228 284 4
196 213 8
155 417 2
251 255 4
236 424 11
151 428 12
30 195 17
377 439 6
229 245 15
371 453 52
247 433 2
72 90 9
112 151 16
183 431 1
382 383 17
15 137 1
73 268 4
230 320 905
240 300 1
293 406 10
24 405 1
11 359 10
79 130 14
320 374 16
139 443 21
109 206 14
107 202 7
93 453 4
313 449 88
274 433 1
86 172 13
153 273 3
118 167 5
3 324 5
196 432 3
346 348 8
122 332 20
230 233 55
162 237 4
182 286 13
38 75 12
34 320 14
35 84 3
10 449 4
113 184 16
8 89 11
13 447 275
140 144 17
55 149 5
224 329 82
72 343 13
65 253 3
383 435 18
118 315 19
296 348 17
241 361 17
311 412 4
301 421 13
3 108 11
152 451 10
206 443 18
288 305 13
256 395 12
45 437 15
14 21 2
197 289 2
266 442 12
135 317 19
195 376 16
27 284 10
213 284 20
178 381 17
336 419 7
262 418 19
160 189 18
78 393 1
323 374 1
13 129 9
