2000
438977901705763689 13 1000000007
286421809362009984 9 1000000007
840515544603651759 25 569955694
620997113745191374 6 998244353
486117000852035530 47 658435730
913821737026135475 24 998244353
786717684523516091 14 998244353
206374057583245916 37 1000000007
826275785385270041 34 1000000007
364759857793003888 26 998244353
8785027287871542 28 998244353
93174997044464337 30 1000000007
533457300363584877 4 1000000007
824505408343716941 11 998244353
204788185243225562 33 1000000007
126582045106038796 2 998244353
945012938292445671 27 998244353
99173030962116387 10 332652654
439334008618447967 22 145831445
231500194989193726 4 1000000007
296965572735183349 35 1000000007
548955930753725128 4 140581737
828216818189105918 39 836382637
701016118793551050 27 1000000007
165631480090072934 19 1000000007
167763275473062435 14 945355253
888403442403440152 32 1000000007
296991026442906874 8 998244353
782055086600391627 5 998244353
675257515694006451 4 1000000007
460131938372510403 22 998244353
477384680305129072 24 1000000007
832017346741445576 26 998244353
359041382690523014 42 242714868
358162462686559705 7 938697480
361939968031027992 14 820331534
820437321636558400 16 998244353
866427714463661029 6 998244353
295392955275688739 5 998244353
789529638463250720 21 998244353
146744333121531872 17 998244353
952681597994332135 40 998244353
781960293206159323 44 648836908
824137947030893708 29 998244353
398199016000169408 1 998244353
340574489894984216 13 957057183
197909153815333689 41 280228517
856639282040647500 49 930156645
470675408148386417 23 998244353
129510156096315510 33 1000000007
601940473993802746 20 721877184
192952556783037169 33 998244353
236690824146917203 17 803778358
539595486424061865 36 570190253
885283892983723469 41 891776141
331469150957928740 13 1000000007
121231443406996533 20 81144248
480506493056945553 20 396453900
677930938272748931 37 1000000007
115420695209750969 26 1000000007
531291935303405243 22 1000000007
514835354232700402 45 998244353
647806903984634796 46 998244353
239359778316025188 18 497316521
441170329161886544 12 998244353
549198039009379331 43 1000000007
276208889527736952 30 1000000007
380171689283547712 32 998244353
845930336163072059 1 611622612
317460048956848662 41 12891418
477239029087048925 17 1000000007
458012864518042621 3 998244353
265121057703652583 36 998244353
965956639680400748 29 61747242
481595175855484150 15 1000000007
558776744656416174 11 998244353
421010873476614813 5 1000000007
644483597265076535 12 998244353
616758217739934598 6 798245450
835577456903755220 9 1000000007
628714776770599361 6 35523951
437239896986902676 11 380006469
709028286143351179 39 816638580
392099251749809405 50 998244353
720647528075669054 28 998244353
851835849727846179 8 998244353
842430452637635252 1 998244353
786433035803574851 7 1000000007
511723026217592931 47 851408016
186119774172370212 11 998244353
291691657538340653 21 1000000007
457163983717634453 2 1000000007
933501036954385077 36 998244353
567748549113319891 28 1000000007
407836810267377947 11 651202647
976041253638260123 22 998244353
955825437378117594 3 998244353
261292498511123443 36 161863599
21376819632824377 49 998244353
460642804812203184 27 550048146
893218296516036431 15 186997091
244607162359773036 16 998244353
972551488971808347 37 998244353
652048139462314883 2 1000000007
207234864776205302 41 1000000007
211256871014458481 38 998244353
3711986254401339 42 38225649
85341886851391849 11 1000000007
501135771950948737 9 513433054
426090958364041837 33 1000000007
660487817755851121 32 223766265
115818980833226199 28 1000000007
923081594988567480 12 998244353
198739502336340806 44 1000000007
594706828441874395 44 859787809
626291597884968569 5 1000000007
261453890128772424 44 998244353
604560818054031954 36 1000000007
373587814238951613 50 998244353
218004480420344168 7 851973143
503547476390320241 4 1000000007
57614357434627465 43 1000000007
774603562026142900 17 10883875
340495028000567311 13 998244353
183655241608337688 23 1000000007
351709879814323717 34 1000000007
64281291403564474 2 1000000007
701283682331230919 6 998244353
413710835079154624 21 998244353
620634771167741061 10 1000000007
33491119979588108 12 1000000007
715653690290311732 17 1000000007
856324759840056 28 122367722
93345987859558941 45 906259070
573197111322538882 28 998244353
644728367417281970 42 998244353
397610706474274769 8 293422596
74275533375168507 3 998244353
715870740682430658 7 998244353
720422118794242177 16 998244353
512708747404486473 34 18100590
301977594702818599 5 998244353
850518866478504503 2 998244353
930452854067424829 46 998244353
369971320796833971 33 252523646
616334754917398394 7 998244353
893678813634624378 14 73144701
322565834748676955 30 998244353
98137007383465816 45 1000000007
96400672226250749 41 998244353
488108250739201173 43 706176560
20423345072237642 2 998244353
234824387202861937 43 1000000007
957334962149904453 19 1000000007
892268670303528471 45 1000000007
478890548751916368 7 1000000007
482656453584430410 25 1000000007
310112667922815468 34 998244353
182515153762961475 49 294341196
40497882820176614 48 1000000007
545866301171908828 26 998244353
558415643050055469 14 908429179
955151602111442467 29 270886474
731549956569166189 12 998244353
219429652159395848 22 1000000007
579333436033872356 15 998244353
594960506177202776 5 243519226
900841642420710881 10 1000000007
835773707807320068 47 429013310
94941844623741460 1 1000000007
527921589258189923 7 1000000007
101553522174554250 50 998244353
132046777473897962 10 998244353
357988838582539597 12 887136287
739198650897808606 13 95560367
373128462594943370 2 1000000007
466377125423398061 22 1000000007
747924412827230650 17 514881761
402880918698973118 14 1000000007
810577010316485459 21 747066385
776193172458376827 15 1000000007
921461782023469498 41 561698364
828209690951695585 31 175658959
642618896720401686 12 782208678
920951196457264862 35 1000000007
698545399626189853 38 1000000007
502805461047252297 3 73337684
643406118381541561 19 998244353
638218586011791586 22 744143926
837832997577926865 36 1000000007
488418764637441013 13 1000000007
202380937924607011 41 998244353
494297346710506700 35 998244353
682664905608029926 42 998244353
121159082912218304 14 998244353
72766388773982102 17 1000000007
5172377227333870 24 998244353
273119120385039822 38 133385268
318361864958955169 27 1000000007
768988099354555243 9 308330829
903051365412458046 50 1000000007
585510890700344691 35 1000000007
474200232041103699 34 1000000007
349688516027790152 28 998244353
965722469189819987 23 998244353
551238235716397074 42 998244353
347630314504649168 16 836974379
43631606344436702 9 1000000007
409345202279332280 36 138472831
894412690216420624 48 1000000007
17320752978827470 14 777726058
17981803711292941 29 217467696
878534686476871228 30 533237810
3600839241246277 14 1000000007
253837895560688782 10 998244353
633316978785790236 30 309788811
887969666605366876 47 1000000007
65182761441611965 41 34982966
656679309259923811 26 998244353
875904274187335507 32 1000000007
661639803363891679 23 1000000007
907898108747911658 22 998244353
970047906889927662 13 998244353
780127036139415336 17 190647246
551799682541168703 6 417856194
830528539447450425 17 998244353
127974904662446 36 1000000007
288349259568110024 15 185645107
969820360277995849 2 171177426
256395339224891677 20 998244353
413291192616682840 26 998244353
902273068861345675 11 1000000007
534562472506723791 30 298098952
554947303377503228 41 342004877
204463454142152410 21 1000000007
711443966701365880 4 998244353
770270608457168929 38 998244353
576619121543045883 8 851877611
891379459650170047 28 998244353
811702000431221719 5 1000000007
724826854085223007 49 998244353
821146324401782272 27 998244353
212770730275381378 4 1000000007
726943229765641028 31 1000000007
504642019701199839 22 1000000007
210401475455768001 42 597178955
687664617148414199 42 998244353
849378295629360428 11 1000000007
655677998761041900 24 1000000007
557416188515134068 29 1000000007
791630339383698856 34 523116121
345814169184207980 35 479626663
898130289820684633 7 1000000007
779105576721214518 30 1000000007
564732353447928229 1 998244353
955025922811653052 4 1000000007
140348629675975275 36 461331280
870012090124353126 1 1000000007
858617845363750497 13 1000000007
886623768812346763 17 998244353
884288450233052361 13 1000000007
245990653583360888 34 1000000007
531819558803360451 17 998244353
422833224543340341 23 998244353
336966187150701171 2 998244353
193027783625825247 38 1000000007
325543169952072166 50 998244353
214657914249665211 46 998244353
753926895444388701 20 845283220
747475009083521538 32 998244353
293983313169198839 35 1000000007
124617012935403362 2 456053993
795515214262090442 46 1000000007
413832581745170868 24 998244353
310809443028862226 21 985409665
449768091613336868 11 1000000007
355925132383029390 35 1000000007
555477331671686648 5 1000000007
233121743895289745 8 998244353
369925085935457677 15 1000000007
965855982376715826 9 998244353
648179356611475283 26 180263376
362456706801090229 13 998244353
847597439927233694 12 181966061
904003696747675417 43 24587973
178983631225750310 3 998244353
167135351509659657 4 998244353
408063664472662538 38 1000000007
71937082577639778 16 998244353
130284014410234879 39 90103718
1159805134457687 41 635322224
365154456727106931 32 998244353
966304727269942404 50 1000000007
493580987133959506 33 998244353
514567289410138455 15 998244353
43143640205342854 46 998244353
538502505529192325 48 1000000007
811035715017089117 46 1000000007
313653954874020310 28 1000000007
195893175276717656 2 1000000007
85912467574801484 5 1000000007
991864524785548097 18 998244353
431958822949263283 12 998244353
54080005973121017 28 998244353
590961705197581716 30 1000000007
200699090210571414 45 333917587
354245895326794497 39 45859340
774380628713360611 13 47822085
364539367410916134 48 1000000007
538618077260736749 8 289821313
858991712936406175 14 1000000007
553955579640877377 8 1000000007
150306564688192476 11 998244353
89254496388652800 38 998244353
903111024307141074 16 224275286
20807332143673902 44 998244353
701280527837511063 30 998244353
665653022780305847 17 998244353
645208052395522693 50 998244353
396917618261021845 49 1000000007
590125559233371969 39 1000000007
155819454473357748 5 932365694
197590267104105115 39 252870402
603487981308180005 38 450103046
921219109843409293 2 998244353
773701654381837644 24 942992404
83175404870849749 39 212369707
290609108340917806 24 1000000007
899980571035428025 31 374731827
533994966901860568 11 998244353
279619132824243749 14 998244353
255977032673806469 40 544532317
843458558631855263 31 749721966
548537448167810374 18 998244353
247932532707511915 40 1000000007
529509628058461689 18 998244353
888544341791248178 25 1000000007
618747796084728144 18 1000000007
448633476675514484 49 550955061
209472274956254265 35 1000000007
954191500180496997 2 852565768
555534344934619640 7 998244353
766591890586090101 33 998244353
673546824918680462 34 998244353
3397903223217288 40 998244353
992651967762197731 38 998244353
397471861057220549 21 110388752
28560221167938163 42 1000000007
281347187460297619 46 305415653
919193839136142931 15 998244353
51181140087831460 20 998244353
771394271820725834 30 998244353
981868135253552548 47 1000000007
679937420272387157 6 998244353
614351972486845301 28 740114671
241297868978440651 37 998244353
122600115524802886 6 1000000007
382148382325978644 32 1000000007
581797218361895178 5 998244353
590973963253460322 19 1000000007
645740124684814080 47 354579429
696466384511258260 21 1000000007
156601239752612285 48 1000000007
535139870133562626 31 998244353
437620946690500574 23 80963229
53112976542809363 14 526954646
615782804307820518 2 474865521
492018924481830156 35 61332951
509192188935385204 38 927069932
553262733757051348 2 1000000007
286119112287963893 35 998244353
161955130044907341 42 998244353
749619593211221619 48 998244353
73275443597453681 38 824363095
552537447881696042 3 1000000007
640723115616133407 26 972886286
11670869828426607 21 998244353
310788563134838741 24 1000000007
340969540034403694 30 396583035
450494050705111765 44 1000000007
85041954603490447 38 1000000007
857060822301978343 21 998244353
41682651007079780 48 998244353
180642674546987934 19 988569136
378794534914163547 3 207450916
659160950039704999 31 611280553
842011474579867265 26 1000000007
574865245342275297 34 1000000007
824996753645312794 50 998244353
545257325775411750 33 998244353
820999955157255827 39 965814271
719067049643655102 10 62777559
452446656080852990 15 1000000007
832034705041273696 9 1000000007
296787243881802118 18 998244353
229086420804467905 25 475245422
985938716043978574 20 103364446
934218160925314247 4 998244353
744477760773011228 9 1000000007
915547582804151468 45 998244353
9712443677226292 22 998244353
973447082504761268 50 407138461
973741305408586815 24 1000000007
831096816686113713 5 370426417
189207228134290126 40 1000000007
124706921334238195 3 998244353
42254774743354786 21 998244353
297046590611420897 10 1000000007
756880733047995592 4 1000000007
97040497665547543 40 998244353
121768694518023776 20 1000000007
256991066654190638 10 1000000007
791978394542550547 7 349833400
495628230160116554 5 228870812
565698203193139374 45 998244353
819620929820874694 35 998244353
559273812625895855 41 130049436
186256191770039953 39 1000000007
263730902910525831 23 998244353
250150081670786425 38 684288492
442335468422891653 46 1000000007
574729353051229863 39 998244353
908876836378662203 29 1000000007
54845154351270339 22 998244353
276822478661338195 20 326764817
670136768426841552 4 998244353
391178270789882206 37 1000000007
262248869922827774 46 1000000007
55601449218849864 38 49604215
3668167518963245 21 998244353
298330191238757721 46 1000000007
257836561349070076 50 1000000007
969452938838683456 38 294100345
123417851606298347 22 1000000007
94581754314790883 5 653853620
55443898635050576 43 1000000007
623109041606106749 37 94113416
402603226013364180 29 951987166
144359143969468751 17 1000000007
355588483323865272 25 998244353
565755195628200792 39 653713696
842928873708572241 32 749965180
160385346899136761 24 231622457
482073209083578279 43 998244353
339400150606076506 20 998244353
234176303009171178 17 998244353
343004343600719622 4 998244353
674142076875754441 13 998244353
970584061965979491 8 1000000007
111245624649348039 30 998244353
61727614569953732 2 998244353
626526522859897808 44 899980013
39757284832735170 7 998244353
602351311198134625 15 998244353
790637848835300212 17 998244353
950269668585671360 26 1000000007
531080192796861929 12 1000000007
221602125667790622 43 1000000007
639106329864562487 35 924653429
821527081718876900 23 998244353
953676301799970429 49 1000000007
390674753715948417 17 1000000007
612128107183560981 24 998244353
720946823154628263 13 998244353
310936293641146709 35 92856773
742697334378417074 7 360391413
575450988319135528 36 1000000007
408913690816157291 9 998244353
401577017520728706 5 1000000007
544940818311023548 25 998244353
874652259743859220 28 202119122
300529489523642725 8 1000000007
761392035006984313 10 998244353
920705688929735006 29 998244353
16489801587272823 39 998244353
143198681218456 5 1000000007
490397287317391644 25 998244353
377114430548761003 43 1000000007
729364167330457054 10 1000000007
521445332641053496 14 1000000007
69306833571912998 31 998244353
56071206391980015 26 1000000007
661789603725156664 5 1000000007
739492386071357948 23 710726151
320556085643943314 38 129707910
819071301194497581 2 998244353
772139878787496505 9 384812356
795654294890155766 1 998244353
780980380133237867 35 998244353
128775175924378447 4 998244353
194012880332827676 48 998244353
218664985814381427 48 998244353
194571763906224317 20 266625817
448284354058692342 4 61410915
945881983030074667 36 1000000007
610957383491381244 40 337481707
682091176251187807 1 1000000007
432040656567722345 20 1000000007
431292922569938646 5 1000000007
757314724233072557 25 998244353
229756745537287375 44 1000000007
322337832094141557 32 797262063
148564044110255714 36 998244353
814236310684039355 21 998244353
780653777811005303 12 998244353
448427044465287359 13 1000000007
500980482906338078 34 442928795
791786577913764182 7 998244353
966814405823775317 1 998244353
859119092266963891 44 256035120
697337617787704558 40 514555537
21903768074109146 33 857227431
354206377212209946 14 1000000007
754132434453563884 12 36824780
9054930592636285 21 974588076
288548659884221899 27 998244353
63483483034277171 50 696685278
494651770815049670 7 1000000007
399358482311903891 16 998244353
578321024466426567 27 1000000007
173953587266412499 9 1000000007
327713442233144031 32 724288545
294902727552612757 7 1000000007
302496843029806572 42 1000000007
946784839361007872 47 1000000007
283747922357347762 48 1000000007
978052767820336737 13 998244353
127204008370864070 15 766644370
941550193290489856 29 1000000007
432891827564813399 14 998244353
524361593647546837 8 1000000007
373022236101111491 2 998244353
394451928687912241 15 783236315
988670274684044613 16 998244353
127998518216010001 18 904154166
152997593058183057 5 70692831
690452073433878037 10 347343370
705554581392587591 49 998244353
69921130871182790 22 1000000007
279514545406286496 16 1000000007
553922465894299242 39 955364758
189652090972610065 28 998244353
658271744038567103 13 324026693
762271541493651276 42 1000000007
933149647502749913 7 998244353
514572304235120564 47 992475074
841980852423809788 38 961626699
19214216160518414 42 998244353
448023783256022254 2 998244353
48817803911570929 49 998244353
305508742721840407 27 1000000007
925348548648347305 20 998244353
451252797961625287 9 1000000007
728857687075956576 31 998244353
792270551420413472 29 1000000007
421030689127619649 31 199790141
171195420888593463 3 988059748
653768272757904249 21 1000000007
127288135009119665 20 998244353
76808971463183953 3 998244353
167102990756252055 18 998244353
135306048895468867 29 623997518
888777179816232229 20 998244353
11526564976218195 9 750498127
763348286808485911 4 998244353
188732852347028101 8 1000000007
10002766149696539 34 196869465
740598318911270978 49 1000000007
111413869951205826 21 338245644
194298998972862613 46 1000000007
794001319562735199 12 841346883
110794804267510335 17 483806282
840348718158870369 2 209589710
59644029512801681 34 1000000007
954744430854449414 45 47991949
107181107488871533 27 31146915
394718481525313662 25 998244353
345249499045678175 7 1000000007
119354098011496387 32 254642794
968350220927261896 23 1000000007
340881804753559968 34 1000000007
810523683652813633 41 518708102
583534878997026503 43 1000000007
939428909421514726 42 129425110
401960499486860850 36 1000000007
478590990415121120 28 927333754
217274886800282514 8 4007846
427180264567801017 6 1000000007
603373763542406335 24 709810415
869091590313841181 20 703285690
767249636004010186 1 1000000007
751221799282279461 13 636293458
397430545324601596 16 602464267
634087357597162535 7 1000000007
995630380773458682 31 309792090
384408488511210668 19 998244353
630194166610115564 22 998244353
246281888387101187 15 272623091
497009671590092725 4 998244353
973876796643214030 29 1000000007
265954263999163438 27 1000000007
560061410456708084 33 998244353
997212886641585120 46 1000000007
921513111251036736 35 407586586
717658053275119421 34 1000000007
927196028534948809 12 998244353
123701639289760471 39 998244353
747458666415375505 48 592893109
604505962912477218 37 998244353
201705917349758343 18 75028254
871478776886913293 10 998244353
400986465822071706 16 24198009
243572233889462414 46 998244353
510774357075284297 37 952968936
705581196739557520 8 998244353
913707622179764230 26 998244353
1953158426015682 28 1000000007
312583463751465902 21 1000000007
204602124304951732 34 532222557
203064049591479768 8 1000000007
209815339550893161 8 998244353
99305668933945150 12 1000000007
88690269332578852 10 501148952
303841541870435600 34 998244353
613434208127767870 38 998244353
230678962968903082 7 998244353
611147680220185857 37 1000000007
588936014037012853 39 998244353
988919545488585720 31 703504769
197837840351108943 19 250257641
538801385908841104 21 998244353
130348655024309487 26 1000000007
775226064727730929 46 998244353
119056191883708500 14 998244353
297894618628032680 41 38345550
543019021136120499 6 1000000007
134086083631778098 34 1000000007
304761306394417236 41 325064037
376769411634216211 4 519322623
378284257970036199 30 166193167
752156940122820085 10 1000000007
912216517260490740 18 998244353
562635130884729891 41 1000000007
173164112112622384 16 998244353
604070952703418385 35 998244353
714181903344768291 27 998244353
228202649178962850 49 1000000007
286682798763894998 4 1000000007
25829537469096269 7 1000000007
514741087029342601 42 1000000007
121433663730250368 5 477812927
709050893155183722 35 998244353
562205540614586006 50 998244353
632049965937355379 17 724445944
510427813762686738 20 1000000007
60270069439108759 36 305303454
660663617952515322 6 998244353
670215694880555269 35 1000000007
822148511894503034 1 583688741
709018968044106362 5 239545166
612981707126856407 7 605556798
399322769111433398 31 125155167
874001419841341039 1 1000000007
421966087787280982 5 863715117
435321231743915571 41 401809067
868389240066504946 35 998244353
768625781901892888 39 998244353
898933544068454866 3 998244353
214079626783434814 5 738490878
962402648655676882 44 1000000007
63857008583207177 41 1000000007
458579852788441231 32 1000000007
268234368488712478 42 1000000007
78971626795534898 45 998244353
950185787973081632 23 998244353
230225192826275769 8 998244353
418012243352623388 46 998244353
199596204270174468 28 172215960
872433333672006889 9 998244353
763533747113432906 49 54016540
828134633344856855 42 998244353
112415171789045959 3 998244353
257661514695146702 17 1000000007
131843110242845866 42 998244353
106315378421192011 28 1000000007
991605849093322602 12 608006013
19973296838759934 29 1000000007
74818618369403105 24 856560851
757341532170652021 3 657498763
200853056407012363 17 1000000007
900461334486500075 1 998244353
735421209793606588 40 1000000007
530674871775282506 31 998244353
363992625310034746 43 1000000007
915347561501642775 44 998244353
72887099016819883 31 996875393
766854285172519793 44 60365606
872750943998635845 20 1000000007
657571267019106576 15 998244353
455520308067862306 40 1000000007
418721222022961489 36 1000000007
140988796733301855 42 1000000007
799700750472764670 36 998244353
761182888152033101 1 1000000007
883126647422559380 39 998244353
520367189487355627 49 1000000007
720045444419502843 18 1000000007
732275526534315430 46 561254643
511099801561547923 50 1000000007
522190463658300887 13 1000000007
48815968226263325 38 1000000007
869162875810171302 43 998244353
782100984645360699 46 998244353
581907182101563405 21 1000000007
440308987241968177 5 1000000007
660106917517505188 13 998244353
935636658570112619 25 1000000007
760838754994456433 30 1000000007
280048129411231342 41 391740132
204922865146733569 16 998244353
224221282554922422 1 61690016
222188772749137788 18 842183093
732548380271510952 5 184381379
437644849202831412 33 1000000007
800159609598549661 35 115627395
384622072545783818 7 1000000007
343706954801168643 27 99480980
775916494716863926 21 539822065
832528879407735141 2 370515735
742970082479778746 29 337925812
879669594249018766 19 1000000007
461809331288361353 2 737763019
146239106171954428 47 862844829
885210527683145529 37 1000000007
35716050565558254 35 998244353
72023087345954318 35 998244353
745813163954116703 24 334613210
572969024001869790 27 1000000007
358124833125151639 47 1000000007
92015094894451222 21 1000000007
23579710267732360 33 767748316
801932082171791330 35 1000000007
217733800535784361 17 998244353
549869038549215631 34 1000000007
233264101759142007 44 617536867
367959763671620631 37 998244353
378788545210947180 34 3250514
526972013958454943 26 1000000007
797974858762614151 35 1000000007
570827270102083752 46 1000000007
855861503272723791 26 1000000007
662373320353050428 8 998244353
987460427011344541 11 1000000007
248975613530369632 22 998244353
338026942238382638 41 998244353
285146844588431803 31 860411921
24142149830154802 29 998244353
799440273218546736 22 1000000007
890066710350575098 48 998244353
404363489752380937 3 998244353
476136726921725216 21 998244353
336619826556673856 48 325505968
315531784390480763 15 998244353
21782094665623891 8 1000000007
897196708921777302 4 998244353
562468306170319764 28 998244353
430479307643734382 9 998244353
272369386101773341 10 1000000007
962182980992945008 27 1000000007
585486980842818310 8 984936448
742376834463221378 35 825539231
346689242897795642 43 998244353
60056590301529442 1 1000000007
368400152676521386 37 785160812
960705767470736965 45 998244353
897469802913201711 28 219727060
382475956956187620 28 1000000007
85145688810030631 44 117606332
493445506939401999 10 998244353
312030098724330877 18 1000000007
117991456294780368 22 836959304
630151665123234853 6 200799745
186871833527339744 27 740117766
712138607695477656 32 1000000007
471294915589834867 40 830154959
229648508792878102 34 556704783
599757391953149475 32 998244353
769333399455339312 2 998244353
507541296958563090 4 998244353
441259008837056852 36 998244353
725623070624683634 16 998244353
770652638173871455 32 742731099
333708610217815526 14 1000000007
120481697411955111 7 1000000007
696534497336381562 26 1000000007
991011194630781464 47 1000000007
590261889320597914 9 998244353
385001813139482077 41 1000000007
330029206266446663 44 998244353
109127183997100393 25 998244353
774350393403217742 11 480876632
944875560649759947 20 998244353
588067476256628408 30 1000000007
826655436157897593 19 998244353
24391339786749321 35 1000000007
948929908525042978 11 1000000007
797738879461088950 43 847538389
955776003990268719 46 312342614
218347862348235476 6 998244353
315286742211444288 9 79628766
739472970626194992 33 998244353
198322364662492483 11 738325669
679430312225861397 31 998244353
647411516543982756 34 224881323
677591604258417116 11 623378182
442894971890749450 37 312063604
450941927933107347 35 888508571
251052940469640128 50 1000000007
741120395856255078 37 998244353
100965105884459653 3 998244353
590508004293140201 11 1000000007
198715021302974579 2 1000000007
848472883967051414 27 887255374
968994704785337674 29 998244353
993061355164110541 22 443236920
732104542868511190 47 969693385
506585486266569081 34 998244353
745367978323034686 29 1000000007
58592264278811278 3 998244353
163271332563903451 20 762315334
429278315775492620 44 1000000007
811963920480119030 16 1000000007
921377264328856925 24 998244353
847081704310241314 14 334051664
862767929763040673 17 998244353
923598670080810551 15 571378071
261880053445360586 34 1000000007
757051264362631477 30 998244353
300296940968998995 14 843471908
836478932674852781 31 247598534
472508200847931317 46 1000000007
40764567160652510 3 1000000007
260115226610797654 28 409868826
807062604838139887 28 998244353
864214296463433046 50 998244353
24646152230857453 26 1000000007
857939360179365202 32 32006982
605847460287768689 22 1000000007
888166400857462771 21 1000000007
248290500544524664 25 1000000007
655846908921624400 17 1000000007
974249508135938884 20 1000000007
117823760512444528 8 998244353
839951912250502540 17 636472136
309551668076106769 42 998244353
721975612287517450 8 1000000007
283913292997966271 2 719614431
451646216588660616 33 1000000007
353955251900827610 5 511309597
738298175696188489 47 1000000007
66935418492800609 18 1000000007
384071369894911696 38 85293195
667515822680017624 36 1000000007
371591599670432411 27 998244353
951013868127834206 31 505237918
399033756670968466 19 834575331
300489633524173788 8 166543053
656148169596965942 18 998244353
403093032804679803 32 1000000007
513308051854739453 39 195746511
516885901572756476 43 178700916
628265564423880033 46 388053141
171998464187980511 33 258503800
304023881885620722 28 998244353
664808133608502537 49 998244353
716110863907115295 4 551839514
830038909217037468 11 998244353
568019347075243065 48 1000000007
161176205241707651 10 1000000007
850892723941886832 17 1000000007
310383329973983527 43 962409107
599630072996588222 5 998244353
730317913715581285 45 661637738
132329818542532011 38 1000000007
460039244247475742 10 841125234
193592898771478360 4 998244353
360851762543739938 48 998244353
203215676914196305 40 490650513
998479725972014664 25 998244353
687484199714832639 14 998244353
305192988706941697 6 1000000007
104254087035858719 48 1000000007
631213142783195198 21 556371079
431184946949878942 20 998244353
122212555370742107 23 1000000007
904175819780792350 12 998244353
666601746164998604 24 956616800
266085750136504004 50 998244353
981011717079148882 46 998244353
670572472310043861 24 524080968
721026998801037553 21 998244353
756275683987955536 19 1000000007
537034426815290223 15 1000000007
649329199042319028 29 998244353
343658403357015026 12 1000000007
225578346364749981 13 998244353
960202739910793852 1 998244353
602051623666112639 25 1000000007
79148277388028997 17 998244353
157065077722415465 44 1000000007
23291116862302430 34 998244353
792392350163908570 8 1000000007
402421783154578611 29 559238941
594544797915837383 29 998244353
730136220676286691 29 998244353
485079044343121797 45 14058731
445489079464198786 43 280309330
681142031140814800 29 998244353
527120460868232478 1 998244353
31761387358034541 14 998244353
268783044974982581 12 998244353
648968426902573432 39 998244353
994985546856035706 42 1000000007
608356738081054799 50 1000000007
582973820215566265 41 998244353
760866285239875095 49 998244353
922245177008049043 18 998244353
992983484452627798 10 793886290
16687973707942354 11 653026684
483778288648617019 45 998244353
307831575279509036 4 1000000007
179968181711400136 26 416545889
860807902474989538 6 1000000007
886845530690536340 43 809976709
619230329658845512 49 713310150
989512489565200466 10 998244353
1280337420899115 33 998244353
293555763312276013 11 998244353
438779406802986970 15 1000000007
956591801675595560 14 64433926
850049044988110688 22 64247302
382844975045116970 33 1000000007
839285995268513333 30 998244353
328579759371400018 15 946388903
116591694915714275 41 1000000007
533626940337948752 29 998244353
172846852496007451 44 478455321
615410409508984211 47 157383969
809452103759684508 27 1000000007
26023406953119149 15 629857570
438903088220454432 17 1000000007
77936758309171209 30 998244353
929067777403701291 29 715084839
200314013597537177 23 1000000007
994265367752750699 26 519944158
159605069894547632 43 739962141
383707396798520038 18 998244353
254208817823737858 1 1000000007
595212315926308128 32 275542933
402401708488553943 46 329470875
999236971030748512 36 969917133
996002857442395682 50 1000000007
109842156211820625 43 441781601
29950088235276947 21 671506447
346776053426740543 12 215081857
904607594980885212 45 998244353
565683151075606720 7 998244353
296042410130330478 23 998244353
94286664249519157 13 998244353
627374146960458403 1 15005160
921186547318747849 7 998244353
65115756099755338 16 1000000007
546142776076133621 8 1000000007
67607853627819516 33 1000000007
485885600877878389 47 391109955
405209676047818605 5 1000000007
360236461911922893 36 969776500
394614101487564810 26 998244353
43019852017430767 1 948247296
729014130349292778 12 1000000007
668374561540078504 24 565090909
623035001423890903 15 928508276
322581105705162727 13 504036199
782208801962615878 20 1000000007
304217373774969616 31 755613857
69382459860361384 41 1000000007
295877369180853827 26 897635945
122598327795683647 49 1000000007
614441946277584666 38 998244353
21614940413510794 5 87006211
970676918430628872 32 998244353
551669463673097956 14 420612650
188797361004148476 29 1000000007
869687311929079217 20 1000000007
729947232846757320 49 1000000007
283925723699166718 43 420377136
506931813956615071 50 1000000007
8575327700382277 24 283805026
25887979188134389 48 1000000007
164859613050202531 19 412775997
390077871598980222 24 998244353
180178492835064160 35 1000000007
312060183555762756 12 166337550
374620222074298645 2 998244353
455372156252457435 15 998244353
210265261335753356 1 1000000007
526548925109534881 47 1000000007
435125047473500073 6 1000000007
830355746400898052 1 1000000007
405924212542196335 10 220326031
537335101913092709 9 381237017
272661702497015742 45 1000000007
578180275064577346 34 998244353
628607918887202808 14 998244353
202899685387128265 43 1000000007
766054741557399538 20 269414583
343698456600419961 25 1000000007
385760795846060920 44 998244353
919286281582638698 30 196460727
549184483239616552 46 1000000007
36933659440360935 28 1000000007
322405466158984523 11 447290783
750897348808501308 15 998244353
329635320538043121 8 527852980
741625062394983121 40 998244353
550146259281583003 29 1000000007
590023407846119190 49 998244353
501575525759691571 15 998244353
735594172863499357 32 572153618
725400370861116737 48 998244353
476132928687918254 39 998244353
473461086530905002 47 998244353
999740088725052095 8 998244353
478646737437448809 30 1000000007
240260893206575831 3 200216685
10884586137750891 31 912666049
415872010787824640 27 1000000007
780560823981155491 23 1000000007
368521553402229209 48 72730060
55431004042254999 50 1000000007
348857571309257389 21 998244353
636219867981483016 20 998244353
764632070344231351 34 828077624
979016062007933945 43 347938539
376298056028326766 25 1000000007
221370433203359120 4 998244353
572320360468626175 33 998244353
622830219422582336 29 998244353
558309779585704792 24 998244353
280244020428281264 47 998244353
238140956733884742 30 998244353
279562866403447732 40 998244353
321821849687566829 11 1000000007
787936327857251318 7 998244353
234851316107670320 50 998244353
588812851000732589 9 1000000007
62061662178335133 10 998244353
142579299493218094 25 1000000007
971900046341030645 39 524062467
870668654986922292 6 1000000007
31054367482238674 12 998244353
298298111025157005 31 998244353
644506086544460692 37 998244353
503399702477629177 38 998244353
748507605963044402 48 713200249
965776369931698540 14 998244353
315002312544522224 39 998244353
380746274896699500 15 555310477
908631353209000109 25 998244353
193775071680351916 6 289627746
19050185699738927 19 1000000007
573947137066873568 16 669316362
754585490863207916 45 1000000007
819684364280978361 48 1000000007
628659198450949759 15 1000000007
229470963640897789 16 443976373
746533271753309833 44 866008503
228955886108047594 9 1000000007
627278059232708040 43 1000000007
328027845330516251 43 798815070
395792185067627646 21 998244353
497931143108014329 7 998244353
440638583747450959 25 1000000007
739318348528098243 46 998244353
816222459648303619 11 998244353
834184588084240321 44 998244353
102266174547490926 45 998244353
243286160145122525 32 998244353
983939978473987789 37 998244353
58368623352504366 18 243993902
790661877936064830 48 303699167
147813110359356587 13 998580456
242546411061397949 10 998244353
928746209751333183 5 690710086
498667652760084601 18 842022812
519690166817689617 30 684525670
832869884884411085 1 742061293
111580202871991845 17 1000000007
115882040992746464 22 886915808
4410723095391717 24 1000000007
923728928381264145 34 1000000007
163242046231484084 12 78815652
799789408583673082 8 998244353
213685550738548020 35 998244353
963563948084689056 8 998244353
21342363271148814 8 135571069
487754948689351538 13 1000000007
903042653945717554 23 1000000007
360546700568817800 24 1000000007
833155778454258855 41 998244353
132632670537804758 14 1000000007
570598737253571680 1 1000000007
583078441979793457 22 251167556
960070357702255997 13 561319178
75126396769024879 42 176824753
935174294275058435 41 550489801
332243107164010893 36 1000000007
183729850931473814 24 348358279
827194982932444926 21 1000000007
638023760340891975 21 998244353
944579916460493903 35 983085681
802723117236852222 1 1000000007
563659867377627473 19 998244353
383563798666085435 3 998244353
514651381277987862 48 243144980
909141524563869328 46 1000000007
107282945463827114 18 720219697
205819334060752256 47 1000000007
781817400387715380 48 998244353
811867894584057745 44 182175019
195049972270274357 9 998244353
923674203375577736 37 1000000007
312635274560752079 43 601377719
586914292307249844 20 834477646
130383191126972405 29 741709560
63751605941426393 38 627048657
369083216178093749 40 1000000007
25505748081202601 49 998244353
240523814535249846 14 451161088
99653454358309228 21 413813850
934053233386291411 43 998244353
170363189071384172 11 1000000007
332672295980574298 19 1000000007
710027725217167746 27 1000000007
148007717277714652 25 998244353
190174368008540463 2 122582961
867374007477884602 11 379324114
429375297017089724 39 1000000007
174208202806088769 37 463866102
651702430508422870 26 284922867
480871936670017430 17 1000000007
333018599039499163 1 998244353
929084463212715839 23 998244353
236207668725407278 22 1000000007
968005893971168238 50 1000000007
401334842263553912 2 998244353
636096701204956128 25 113048286
238920937829602152 2 337608083
403529069459461825 42 212596878
537201487044422101 20 998244353
611985115870214175 26 311904316
118356961556107557 47 1000000007
314487979739930993 9 431684930
293957843208303016 9 1000000007
332240116415243715 25 1000000007
503604542436500653 8 998244353
556585071917165248 47 1000000007
335775024711099674 14 998244353
633244538637903857 30 1000000007
62121388656015271 31 1000000007
289956679690708516 3 1000000007
735543822684823352 22 1000000007
55197304878081167 8 296868837
972179651244211819 25 998244353
914711246176053335 45 776717165
829257106033791124 32 998244353
902358983975055231 34 362900254
97574072726376676 8 998244353
405223672103943434 38 1000000007
906776787524396518 11 998244353
504953546111779515 30 998244353
164827728767703798 29 82172952
947053555410620791 36 1000000007
519310177480203550 47 818278845
313552515254755324 48 1000000007
235662254122231322 37 761159096
246739076669691969 43 998244353
14755983687898495 7 1000000007
714391486988417347 10 805082200
785180902343986037 20 1000000007
774520606293850967 47 1000000007
699488228324786979 18 1000000007
558932946060044379 30 150582058
259380107102751916 14 981433225
778347264792452250 46 1000000007
105929191259917197 22 998244353
119724095695062482 6 464637973
465071185207059171 2 998244353
40352371443548465 22 1000000007
149987130537640461 10 1000000007
620097464245692544 7 1000000007
100915421383058019 24 998244353
394744414935441894 8 1000000007
494124334039757214 12 521417981
833321450698625724 8 1000000007
622318532379079450 48 257780121
927319007057710529 27 998244353
969398034428175840 14 998244353
251167951313913721 12 1000000007
691320576477815108 1 998244353
648270831270503127 7 1000000007
59833826391045385 41 998244353
583950716268224665 34 1000000007
717536030242319902 48 598991154
398120096044371595 4 1000000007
773313755303664262 38 632446655
27587689981627178 34 677307468
816240893907783886 39 998244353
554262843543554109 17 998244353
913086798218978012 22 1000000007
937435967701640270 25 389706903
568884748131707321 45 998244353
222509024214255630 35 1000000007
973263863994602538 24 706628503
882803441570898046 14 154874563
18925641279009926 48 998244353
414498633930004630 44 1000000007
547595470052383128 35 1000000007
233129353867163271 36 998244353
652491490666514585 35 998244353
652635555296573566 13 998244353
415311622026579450 22 1000000007
753699744734873380 50 998244353
161929922895422557 31 894399772
197248582698549071 12 1000000007
275594425099775742 22 716414899
403337756388707701 29 1000000007
117263921642770709 50 1000000007
268269894583012788 28 998244353
352261535463995995 12 1000000007
172750874896964528 42 1000000007
134987698361661322 39 998244353
639584750265910144 43 1000000007
87424563172510861 44 388318860
502747686766612323 11 1000000007
721680018525601282 23 1000000007
832626838065058241 39 1000000007
834331546487143722 38 998244353
482690871934345550 30 1000000007
930166597935424049 39 998244353
245937339235344566 30 997702655
512035835273734473 21 998244353
245268857245114477 35 1000000007
486931980200235878 6 365068707
334835677008013264 2 923808030
235843583836584342 27 998244353
162912612463473675 21 998244353
158358713833945745 43 1000000007
545207494617106070 24 705075432
945233365399283216 30 998244353
878620034300068435 49 1000000007
754034633249839747 21 998244353
656784288126127796 40 1000000007
481699850809401449 34 1000000007
521833993729274552 20 752305364
530547092109083288 49 102504379
337572790378763855 24 429585369
499900611254523733 23 998244353
207210376265727780 21 998244353
594326626537127149 22 267962892
724444254418227427 36 4311758
318888897147086780 23 1000000007
998053938072245641 45 757774354
839675321148173583 32 1000000007
222000363661814390 30 1000000007
391272198295552905 4 998244353
17882123202176685 45 998244353
962397972365923828 33 370591604
352172522632081433 23 138958772
392335552206672471 4 955364371
761758265753269973 41 555879567
83922157844090789 19 102002240
314907074347770038 12 885912729
967637180858614236 46 998244353
543880485283379061 21 998244353
543118680361138724 18 586810384
931817930938153789 36 1000000007
874955930114587971 37 998244353
23725413835242877 3 1000000007
481113515965282414 48 1000000007
328362430979683697 20 76027827
101173285769269610 48 1000000007
493658848718149775 23 998244353
943846299322785479 44 998244353
765349414753025131 17 431021265
76163463958281623 43 998244353
275050107805667904 25 930627832
96623134285524605 47 1000000007
983538740163115046 20 282237957
768354858487582464 7 1000000007
835211395542006981 19 1000000007
791304401699922359 33 998244353
770725242872325460 49 998244353
996245758684292941 23 206415456
928611840434190207 1 408998948
146072269247873102 28 998244353
286736111567264224 13 998244353
938171837901748920 10 336216808
579323872512601946 50 1000000007
167230926692406993 33 1000000007
502248474835416094 18 1000000007
926773771902542880 46 998244353
482081383428091936 2 998244353
940351279355637249 47 1000000007
781594280630836373 21 499655472
684780467334866244 1 686232362
775205103255726598 5 998244353
422453634372559945 1 561037572
510873062398682679 4 926484615
421261253349183205 33 1000000007
759654263932106466 39 1000000007
252103235756507726 9 457800107
246633397580032721 39 691873455
767205524656800180 24 477856879
150091190419583997 10 451392401
177083861201905166 45 998244353
690660053527159368 14 998244353
422371717321091715 31 1000000007
90065570655954953 47 1000000007
166174975775440639 17 998244353
266259598911926673 7 347675814
403811352633179350 13 998244353
295090754982650676 6 998244353
141394716858277805 33 1000000007
719881599733064999 3 1000000007
115396767828813047 11 1000000007
686682773533417344 18 998244353
827463647443643605 24 484003750
297588363856031268 35 998244353
831174418134662196 19 998244353
742290405890337589 34 998244353
278072867411723225 18 1000000007
591898605789276742 18 998244353
286122653779249828 21 1000000007
211388004556185403 10 118498128
602693786673942465 9 1000000007
551032289222340366 23 1000000007
979775965659223931 11 1000000007
307799185103516667 2 934264691
735395645057277629 21 998244353
885120227654427183 45 1000000007
30386277022588149 37 1000000007
762642565973097935 22 1000000007
456412002988411251 16 998244353
495296411248827313 14 1000000007
875594272253451767 33 1000000007
116904461204537898 1 34237444
19913360768718897 31 570271322
103859955832433252 17 456465798
797992065768627302 45 998244353
886257887272156725 13 1000000007
22632024262300112 50 1000000007
102480699979133388 42 998244353
550212011211512079 15 753939816
72963495318987127 5 998244353
448458856963915805 41 1000000007
476540183448236973 12 998244353
511019154210238181 32 1000000007
911194494637974458 49 1000000007
520843784251939396 8 569492041
934257377665703033 10 238487059
998607843237457477 29 998244353
604429773211163071 25 967201249
625057792026612094 18 708921529
270113312480594864 8 998244353
274267204203068870 37 998244353
684360808833763971 13 910728805
298764843121372533 9 998244353
703144753438875276 14 998244353
268181010360100434 47 1000000007
333377448780175094 8 998244353
602336691923065695 48 998244353
510771856573639416 42 1000000007
601046207201643593 45 1000000007
769100671056344966 26 977863290
102240307654209826 38 1000000007
11027969292648528 48 737424586
717329865897354788 50 998244353
671209683989143818 45 610427730
107441138266320673 18 1000000007
133121204212222297 50 1000000007
365691749120413244 39 1000000007
783685295091429936 24 998244353
710077608144389011 2 1000000007
981732984895313960 40 578383888
69894270099775038 22 359107065
837171481224097486 35 797943792
536983473041235915 13 998244353
681372548546795314 44 1000000007
239937849057169320 19 998244353
711450405060028329 43 998244353
367213888618133000 14 1000000007
632708363862832455 44 977900636
559012574894434247 17 1000000007
983680755147038092 37 998244353
158722740660000126 38 998244353
782537005468765323 43 169125863
162049197140533825 24 1000000007
459463412275121117 6 1000000007
929223628042092989 19 998244353
31509319086224932 40 1000000007
155244578632650922 5 1000000007
929778340171487213 18 968548744
428521034518108665 4 1000000007
764190295751579650 14 998244353
865438365451981945 6 998244353
223895467934320026 6 998244353
446109813364016368 3 851176966
506677881856877422 16 998244353
55576417768122798 32 998244353
814899386742392739 20 1000000007
350364915180506573 47 1000000007
245925490784613744 9 1000000007
744278739284652558 7 998244353
941199431504993776 7 1000000007
979279491708768219 38 998244353
285391164714806278 9 1000000007
572045282678391553 24 1000000007
69838335471042759 50 998244353
814379998644672556 36 998244353
998487826083364544 3 167704761
457378955818366673 13 656783813
715602356787944083 40 975412769
403682126780360180 22 998244353
382946671487500883 30 998244353
724282611627131614 22 1000000007
593358320285859000 39 864838550
855031478129621732 49 203792346
990896577455340264 15 998244353
23694242620940664 2 998244353
609399313443391005 44 609610673
242011175822972560 46 998244353
366686878739631151 47 998244353
151984812168444540 1 1000000007
329823351203329624 30 644496905
533385674756972197 16 998244353
903590440622453916 45 22184506
922122255419635884 9 998244353
991901997112295506 30 109928367
38342783789966952 1 998244353
107603042376216068 44 1000000007
296476868670810495 32 998244353
71606571078009839 49 998244353
2438966292300399 30 998244353
565795587219334937 49 998244353
671460882017532710 34 90656950
414204304267205761 41 1000000007
505316487224158408 10 1000000007
14719395750729134 46 998244353
972973123197581538 28 1000000007
692537784080207210 3 370408387
160673885387268934 2 1000000007
948824613501961110 9 204155940
459558466001312274 26 998244353
552040801380288028 48 998244353
522764761891597230 30 998244353
947956295374287202 13 1000000007
579157357781289055 43 1000000007
822989165864852460 44 1000000007
368990551824030936 6 132216632
123380089363947260 9 1000000007
63486905950351359 18 112391705
692115743100803785 46 288835192
344274064780701999 43 1000000007
955413406776158844 18 371779100
670538123286975865 25 998244353
845491455001958518 30 1000000007
844215218853828821 20 82325503
484158120080895055 47 1000000007
313700943010316069 2 998244353
528658106707016873 22 998244353
654720465736395183 26 1000000007
754976084155108574 45 1000000007
398428554416222505 5 998244353
612234479510698491 49 1000000007
86263476139783526 15 998244353
596191005894989894 13 998244353
524797121555220859 24 998244353
949682656754005899 49 1000000007
220714394233970216 43 998244353
745303681390080367 18 1000000007
599091922580948871 47 998244353
74473915197975639 25 1000000007
775563109390359435 28 49868575
737942893832640060 33 1000000007
631452505206987344 28 720481468
631311709616849158 10 998244353
75888389816025756 39 474167168
816934328775634539 18 1000000007
159497649384096271 5 998244353
644237713023905872 23 998244353
322686532512402455 37 1000000007
553050357535948030 17 274374113
826775618864228954 33 380283889
966343629635265924 24 357378583
9675848665503732 44 784082125
268011261147452355 28 733533702
547932096977027082 14 998244353
365993151761629831 13 30822653
299400423113411019 42 788775043
243693215336795585 39 1000000007
628141323623773891 15 1000000007
544407964747679961 47 864186540
840000030394115764 13 103476978
802757891668310368 47 819473191
103084190614516253 43 1000000007
515613149672451507 15 1000000007
566539472820429072 19 1000000007
762732103556344146 2 1000000007
744963369192784619 36 1000000007
468045013729886345 50 311116377
677615835586556340 2 1000000007
810508702049088856 34 998244353
590453366182934430 38 1000000007
147489758725528706 33 998244353
363912324988521534 8 1000000007
963388131078465274 36 1000000007
291624382275439240 29 160899809
2790632009429299 5 578418923
363237184000068528 32 977615776
764200625348810459 36 1000000007
805734233997913430 4 998244353
681060678958123242 44 1000000007
73489067501452498 43 1000000007
239730373126846831 14 84930775
390401021614703761 20 998244353
335697909008301136 22 554792842
249702518542274932 4 622246890
684276174122087257 5 998244353
617103607896607327 27 998244353
673353917391135552 45 998244353
507601321860966925 28 998244353
665243171682475627 35 908734725
485343326812986409 21 290041948
449903581845992169 25 219568901
246968845685659596 41 1000000007
1203512999956137 37 998244353
847472560131415913 37 1000000007
160287312962313914 6 1000000007
543752907225893121 32 310069196
921398370322690936 21 998244353
496914247612543592 36 998244353
213772130722380551 5 1000000007
56138447291443397 29 1000000007
831631457548097279 22 1000000007
789531592581959453 28 1000000007
497475087683419625 31 998244353
453557720278171929 24 998244353
840550341203078098 1 46948578
645118053102364654 49 850074002
443307128572248683 34 297339988
579078616406262960 38 998244353
418673060551878726 27 1000000007
432480269827055471 2 1000000007
839547128440985482 9 1000000007
559699235764876372 5 984724461
654508742827581623 42 693813413
368883734278233110 26 558993518
906573892518299629 26 998244353
472672420189548067 40 998244353
57023537570448183 49 998244353
173178032748419387 40 1000000007
944343886383820835 11 1000000007
522268821323819709 38 998244353
503203836771735407 1 998244353
106548976380981635 20 1000000007
549230167673425661 19 998244353
247911426402278971 10 489446957
807087711721635228 28 913534489
207052270330248074 21 998244353
340722004920537551 4 998244353
361425592245094943 20 998244353
381999214403422809 49 1000000007
819054185334531721 39 1000000007
531594002150687833 21 1000000007
778986308616673670 23 1000000007
555034269268395963 16 1000000007
812348622516172573 1 998244353
296713210049926797 21 445130997
296284878383510304 6 998244353
39385933133722950 49 367837812
593569001750841551 19 998244353
408556316657176448 11 165419707
843360705379859614 8 1000000007
744820222579287789 37 998244353
831241208169403682 37 1000000007
626283926808703584 5 1000000007
880905916606353079 31 1000000007
644835194786045109 9 560184277
361468342710464998 34 368335992
524306956910991363 17 1000000007
341127438590060365 4 819983560
793751229395331276 44 998244353
381262492817794726 21 400814877
332107368066201735 34 998244353
963324236386608299 14 1000000007
334156159448553603 12 776928131
941402962380831926 8 998244353
297375027048504046 5 998244353
555996074020767083 31 998244353
218208972679255597 30 528832397
12060107484076803 29 1000000007
600506939795198878 18 79916403
826839100056696945 5 998244353
177903195720822740 20 116618498
864336450624151833 26 998244353
675724250619231689 36 998244353
41294760784295522 12 295757295
41160086099055889 20 893508114
118481088402919327 29 481334903
425230591160854045 44 998244353
240086033553684353 30 816878542
455068058963848796 11 998244353
840960548077872853 40 289530811
673010245092919956 34 1000000007
938358202674131683 11 789597797
220408141373428844 36 1000000007
754737943000055078 42 1000000007
17022406898734658 5 550107147
262551720270772993 6 973066833
787505065874878682 46 265177763
117031276453793675 37 1000000007
558541464506116145 14 998244353
350745078707178195 10 998244353
827567636465167423 36 998244353
720121362843600538 33 998244353
73875725399054174 4 477472213
664780955473301087 9 998244353
324458231719222507 25 998244353
576778313512827546 45 990339343
883519935308171697 6 657319181
834807861424278005 15 765813740
745828225084029095 1 520884300
677368781472219797 45 318984053
625683171279580475 46 1000000007
429282974116621218 19 866044650
48680249136479278 28 998244353
84755791446383140 27 998244353
618731574924049657 28 620677240
867238386358071848 3 1000000007
27266202493732652 42 998244353
310539106087506197 5 727109827
469006441979880399 26 998244353
693334560988878600 20 1000000007
619705949304459492 30 1000000007
88381840947304596 4 829322285
746050935949459495 24 998244353
579068190766281411 7 998244353
592941873081294032 35 331525010
290346050604748465 44 76217870
375643181475721210 24 998244353
569464428926870635 9 916156423
490063035940900940 31 356216884
742022877867340637 10 1000000007
963348544307673215 19 998244353
122838015123545909 49 998244353
452550214789232244 16 761723405
655439947682078832 16 1000000007
340735749739879871 46 1000000007
359786161424286827 46 998244353
353977016042760437 36 998244353
92654842721403166 25 1000000007
879781024753001504 36 1000000007
908927126754691386 23 998244353
924531050484999330 12 1000000007
16063584595617766 3 1000000007
197391883218650474 15 1000000007
623111074809197525 36 1000000007
347186305278835145 44 998244353
890582495069505083 50 1000000007
981287968807973935 48 998244353
240381003574748302 22 998244353
977102815662757514 10 998244353
476921438598944522 34 421038298
478234343862639562 28 998244353
676673345045735353 31 998244353
381048211841550485 38 354534195
645651132657777721 14 927524554
981062595491073347 28 968204556
743640411911787310 23 54471891
436434648403387567 48 878699194
859702059114281946 18 156171621
499994289288842122 50 1000000007
421609112657767222 30 998244353
796869609979000336 44 151179597
429376396403876265 43 114972819
100497905012552985 5 536665063
317878051172957794 43 1000000007
824782069513032096 3 1000000007
693191862991107286 34 998244353
603880061941129047 24 998244353
394065789242069827 29 622518204
653146593179903265 44 998244353
491700483741209990 13 998244353
917056435275284687 31 998244353
598224735492446009 16 1000000007
600370785333963833 27 450220090
721702331655740638 36 631892718
671677122670372865 8 1000000007
959611528075969026 37 1000000007
51106177189575300 7 1000000007
350265593760979686 48 998244353
445449251055157878 47 1000000007
277568374878796589 40 998244353
526872467323494773 32 1000000007
571004339104664701 22 998244353
312965524489382678 12 998244353
834303970697165310 39 578322046
240702519746428284 20 998244353
731666326013671676 25 1000000007
788041021423093606 31 998244353
328358082287536895 35 1000000007
101263940845237185 28 1000000007
778177307322699065 5 1000000007
944146268093440484 11 1000000007
742996222443967846 43 1000000007
205867342843997520 4 1000000007
87601933886586458 30 366352206
266427957298276919 19 1000000007
408231118544970708 39 1000000007
929323858209432489 15 1000000007
629771192768785661 10 1000000007
848241092519828753 22 856531687
955962489802804777 38 257800394
181268959888891766 14 998244353
590715625100486590 49 238917287
96527265195454333 38 245118843
9353951649828471 9 1000000007
657969542643509949 36 998244353
838700711149383351 1 73374041
276810084906741553 21 998304516
932525356292210078 33 998244353
165610332834197692 10 1000000007
456430054264097303 3 1000000007
252362432986556206 11 1000000007
175318763559344443 44 873588257
986976025377696349 8 998244353
167185733604111920 3 1000000007
988591494264703195 18 521246221
411088981722613522 27 998244353
303069284130939676 47 1000000007
366373258282022094 25 1000000007
962948506573805463 33 1000000007
152580240422936824 40 891684541
678359551936781609 37 1000000007
695033380834235269 1 443550961
693524039853429254 38 764944130
87918687041610154 3 1000000007
346897688987590501 43 998244353
840110237249719802 15 1000000007
309770070965328631 2 1000000007
647091721908523242 34 998244353
69739486992887213 41 998244353
308809283433761714 24 998244353
392175551182584499 50 94714987
740096033049737480 32 1000000007
622055774652861460 3 191692334
320344325357542298 33 998244353
266373826143828472 3 1000000007
682782585039910223 8 998244353
784592038141130056 16 731241309
481378706981857845 13 998244353
431442820031906634 16 998244353
810399801669288129 12 998244353
358842694989084923 43 998244353
548157218954813765 37 998244353
213996425175493640 32 913780521
506243897598660555 7 1000000007
607105596909981699 45 1000000007
333244089414505666 33 1000000007
754637355510965529 18 998244353
179010134616002396 6 998244353
339624981508335758 25 998244353
347042854681569570 2 1000000007
498972854818942454 24 1000000007
577778152048420230 40 733981053
901800552439556084 30 1000000007
597529068201626563 23 1000000007
396494761016065311 7 246208804
556336234200006470 36 231097510
149782415576811166 50 998244353
11519600459250519 25 978061929
99687619448619672 8 998244353
222127325225258635 12 998244353
284440017971327549 11 998244353
678831449554730386 49 1000000007
31740847721834920 37 1000000007
68871598245540278 46 114292583
977291775448323250 27 998244353
179831477698532021 26 1000000007
358344653535277219 7 321584550
744499123562478418 6 998244353
977104759781703400 11 576825947
429386461337877094 45 998244353
970164028255696072 16 1000000007
609849115411903211 34 998244353
875808230485194844 27 1000000007
82660787594552473 7 809370677
114974674825259292 6 1000000007
416401050294510980 38 998244353
837581130839597833 13 1000000007
900012445084158114 7 1000000007
417343714150317526 9 1000000007
752090384203216475 35 526638924
880833038260542870 11 824104500
150904603644298964 3 998244353
292516232083891612 42 988136777
937057897675829364 5 1000000007
813806641648914946 8 638815979
703984311501213636 4 981602636
287960939278681033 23 1000000007
952027613837882637 50 1000000007
704219751649390836 29 1000000007
340368434275304276 46 1000000007
148821134992959593 19 998244353
35837537646064720 45 1000000007
554783329283408658 34 998244353
982695021219407130 31 1000000007
425578880532252546 36 1000000007
620470572588302458 24 998244353
97976222398143624 37 556504562
654098614485325488 38 998244353
408740326787662065 11 1000000007
625246803312832390 9 998244353
839677414105882395 22 1000000007
943028308233031877 13 1000000007
632537019882255246 7 998244353
149580654463360465 5 998244353
460611437007974365 29 669302865
584968769609566272 43 998244353
175763151539306195 3 869556616
291874002577335649 49 95459708
891396500938901635 11 1000000007
11960268009536036 16 998244353
779603778843663642 3 611512111
860019425313176558 7 1000000007
819024885091345982 46 998244353
692877946450751339 9 5590027
637091718641945462 35 885537306
443224488195982078 48 181362102
301437645791018911 38 258813320
780744905459329896 19 998244353
762704931886074670 43 559726186
966036676152390614 5 1000000007
410017989243228161 36 998244353
283682040135808578 5 1000000007
718174434668567868 35 998244353
814857520618402171 20 1000000007
89588922672008469 45 1000000007
446574942215383459 29 998244353
433553709140338608 24 168251905
727467874892558073 32 1000000007
643645364067856426 22 1000000007
203205742460751852 13 1000000007
684764700527249356 20 998244353
809064794173805075 27 998244353
82683548997384711 9 1000000007
318990285556993940 32 1000000007
593207694243112289 32 598701381
923808610439729238 9 1000000007
376537654733879428 28 1000000007
784283946788897844 42 998244353
482805324675380305 3 1000000007
793381651623077011 24 1000000007
510569435220827277 28 1000000007
419278339334273886 40 1000000007
621859264800231215 6 15762868
897215588633151205 23 998244353
899217359865192397 36 1000000007
768735011078832717 13 998244353
286137742645318066 18 1000000007
192783656512361164 35 1000000007
229444668540852865 30 1000000007
151956206379792019 41 65920186
567200600465657222 24 998244353
104506809206609967 11 1000000007
919691608139744083 22 866057996
648179311849578731 26 593208509
287162332467370326 8 951058679
644301180073121301 11 1000000007
799406306781096370 20 1000000007
921810273438820233 14 578693794
497279549452640195 14 1000000007
360808037686703481 48 992914368
640650519657275383 37 998244353
252759777184657468 28 998244353
267292593851451588 25 174674321
488701371071457165 50 1000000007
564381656457562021 48 998244353
541545672342190244 20 815352850
431457305901153415 9 355119613
184285728711031412 16 1000000007
152996881700825025 48 998244353
297230071560582870 25 998244353
42418166622124121 35 575547739
138479653892913444 43 998244353
789297217896190289 18 166917991
129819343566213415 8 166542219
73256952470911230 19 1000000007
718610337625818035 12 998244353
671365106920758580 22 998244353
83793993490130413 40 998244353
663394925533394616 44 1000000007
53795628584170891 34 998244353
711541663976876614 44 1000000007
715281799199494574 36 599589680
429702039231554163 34 268761806
70313134970647283 13 1000000007
997725293774926596 39 998244353
538498857984744810 47 147161265
659992010043538300 18 1000000007
756360409897730661 26 998244353
625344997653119474 33 1000000007
868242752716094369 22 282550536
327551550954328633 50 998244353
886263930343061423 12 310817780
851620568693016325 42 1000000007
108788264957568321 1 998244353
924958665000905703 43 1000000007
42172101118304401 13 1000000007
349583543857011015 49 604289991
289195081637166277 35 935482118
278671163757131052 12 998244353
885839127496605650 40 1000000007
95759672311026720 14 215959454
235345492534450585 5 716598030
914912272366832781 30 1000000007
232721078384824879 32 637846214
349651091249576454 47 998244353
579546722226552892 17 1000000007
642396976149944735 36 1000000007
707552765624878596 10 998244353
796078162423174565 44 339622284
901166436491870974 48 233164034
552219676503563855 25 998244353
624970102226400769 47 998244353
309203583611256773 7 20258081
474494965038718030 20 1000000007
670324671477055005 20 602508404
63650465135751368 45 1000000007
765007361941529766 14 807020766
356450638305256348 42 1000000007
873523463791527153 33 1000000007
721283010382782544 46 144990158
3825035380744294 8 429882975
737976867311567452 3 1000000007
712390823768798998 22 998244353
256656700867302234 11 105858523
805546308771470026 29 998244353
220509033655159054 31 1000000007
120105168075415375 8 998244353
677758078734985391 36 998244353
926828830389078250 19 347249425
642082752940190960 11 849537286
115480921343939287 44 1000000007
486185790616020280 6 192754776
116383319575539213 38 621112634
553406037987574342 31 951261186
430514132647564695 47 998244353
712192428563647798 12 1000000007
858246167972417392 20 998244353
415337460867877214 39 998244353
316438950665798926 24 1000000007
856256828813472559 14 1000000007
198469967217949268 50 998244353
671797415132494916 37 457904021
614931830272436039 16 1000000007
551553689160989210 14 998244353
612433282447707673 3 1000000007
962938908637877121 10 998244353
305134694755622011 44 1000000007
172920293513926950 45 407870104
980139704912584933 16 1000000007
32727818258558263 22 998244353
98463139619727010 33 998244353
364226211473092041 45 1000000007
638153593355097707 27 580493807
813552912639245983 20 196443718
286430270808027791 10 557862226
571139626964184533 31 1000000007
187746586731140557 6 1000000007
194349988233355729 40 998244353
704567868898392875 3 1000000007
698316975787250952 36 1000000007
20382283259211001 11 998244353
91619574369813908 2 998244353
805481942234037735 10 1000000007
505753759232055926 13 661717882
4517530063116689 17 998244353
259485324077484861 18 998244353
