58
7 5 1000000007
7 2 2
10 12 11062064
87 7 5
2 1 100
130 9 1000
176 1 998244353
9 11 3
102 9 838593877
11 10 1000
25 3 97
47 7 3
499 4 1000
74 10 97
43 11 1000000007
38 9 58249101
4 2 1000000007
45 12 998244353
10 9 13
8 9 5
1199 9 3
0 7 13
68 12 5
9 8 1000
0 12 13
97 10 5
11 11 406284826
128 10 13
5 8 100
1609 3 3
11 9 7
183 4 5
11 12 594615267
653 12 13
420 1 100
9 7 998244353
1903 7 1000
154 8 998244353
5 7 13
42 3 97
0 1 1000000007
0 5 998244353
1 1 7
5 1 1000000000
1 2 2
2 2 5
3 2 1000000007
10 2 1000000007
10 3 998244353
4 4 7
5 4 13
49 50 1000000007
50 50 1000000007
51 50 998244353
1000 7 100
0 12 2
12 12 3
200 2 2
