526 7253
17 359
395 515
280 370
178 256
148 478
378 434
103 302
196 341
375 423
31 509
287 406
63 325
331 410
15 232
340 357
190 236
82 198
371 489
208 306
131 154
45 417
176 437
171 279
85 476
199 232
35 269
165 312
70 198
143 298
254 400
80 417
303 350
366 414
73 431
21 42
74 466
135 337
324 511
165 511
460 491
19 357
37 295
201 316
326 381
210 391
147 217
192 521
136 450
39 385
166 474
169 262
388 454
47 515
150 164
99 403
67 141
282 422
144 240
106 258
136 350
220 249
25 92
139 213
111 514
378 446
104 341
10 407
115 329
147 213
88 333
162 203
305 424
43 121
264 501
63 259
91 228
106 345
131 359
221 348
29 346
175 299
83 524
152 233
230 285
11 204
62 306
30 415
308 512
138 257
168 325
9 258
116 447
280 507
173 448
434 509
90 269
147 325
68 376
23 510
358 458
212 512
164 481
127 371
103 305
196 430
157 171
342 442
362 435
223 238
37 168
77 186
367 448
196 219
158 238
64 79
76 428
147 391
165 177
226 324
20 301
39 184
169 464
233 406
63 443
43 200
240 317
204 380
81 179
186 470
19 242
28 141
392 448
13 500
207 423
244 344
189 390
53 391
65 88
48 520
4 20
207 262
108 115
203 496
162 178
191 251
395 494
97 195
50 96
73 87
257 265
200 214
61 133
133 450
291 369
215 363
126 507
210 351
8 259
145 402
293 432
379 399
135 209
21 515
432 510
172 292
145 476
412 472
410 500
177 350
225 294
110 274
185 458
320 445
56 149
300 348
202 285
124 354
390 447
57 487
279 421
115 326
87 328
229 289
313 498
112 365
53 85
34 421
204 280
137 182
167 197
225 428
6 440
185 320
195 278
357 409
200 510
120 170
50 241
286 364
391 441
152 266
55 149
338 475
165 454
65 210
1 140
87 137
51 125
150 472
271 409
5 238
27 149
13 30
237 460
169 476
109 521
28 449
17 205
294 429
92 168
5 286
21 503
67 190
207 228
101 285
323 467
16 262
50 261
111 340
230 510
166 319
433 464
40 355
140 518
283 356
36 307
165 496
182 419
394 439
289 388
6 424
203 474
36 302
82 219
63 252
232 507
295 450
289 420
215 450
132 241
52 72
121 398
30 448
197 244
250 376
92 317
157 519
69 124
75 248
384 483
288 298
33 501
220 333
306 356
11 343
214 461
64 65
62 425
103 165
201 456
330 394
361 448
65 232
41 245
260 493
154 395
12 452
427 514
372 460
367 467
195 283
265 477
97 245
34 423
448 477
9 512
106 195
38 340
275 495
378 452
151 359
387 505
96 199
154 413
249 384
300 351
56 417
38 165
217 371
28 350
162 474
207 223
277 370
106 411
312 443
26 30
106 109
309 313
98 433
165 340
308 381
65 317
261 442
310 480
175 334
234 403
73 200
17 105
189 361
348 443
115 214
163 237
456 491
255 433
67 450
194 503
7 225
262 304
216 441
188 242
258 279
52 519
91 468
206 484
72 216
222 405
219 505
125 379
51 414
18 147
123 237
30 82
19 169
213 277
391 432
122 306
3 172
32 398
282 394
33 150
136 394
387 403
287 479
204 490
1 242
253 347
115 266
327 459
453 470
37 226
23 295
150 165
94 112
238 406
22 260
150 317
307 316
248 483
150 371
140 446
214 400
25 175
110 216
40 315
56 360
252 379
123 455
161 215
33 200
164 412
475 517
221 262
62 227
66 251
144 505
201 366
184 317
29 52
229 484
160 311
182 515
251 423
106 447
146 459
189 452
25 420
331 510
32 37
53 204
15 41
453 481
53 512
106 119
172 315
212 425
53 219
115 476
92 373
138 378
217 391
325 394
77 314
185 215
50 407
72 194
46 446
212 332
181 496
32 44
252 512
318 513
59 140
142 224
42 83
145 166
193 495
400 422
78 447
321 388
412 505
345 410
1 146
203 310
115 297
162 241
116 367
190 459
245 493
434 457
393 497
232 276
111 237
126 466
270 453
145 434
317 321
34 156
208 462
404 422
0 399
67 164
129 231
274 515
104 481
18 220
224 320
29 265
151 479
246 355
348 432
27 104
386 432
26 207
64 75
282 513
280 439
15 516
413 475
206 214
216 391
390 469
62 472
168 520
298 331
0 116
229 383
124 367
264 468
46 68
150 233
372 407
35 244
38 144
309 386
234 422
209 216
78 489
233 390
6 272
3 337
179 196
24 486
147 361
125 338
29 127
245 264
51 116
179 450
146 417
266 391
300 359
318 495
271 302
114 279
41 120
396 443
209 246
25 57
110 193
43 85
135 203
125 459
346 430
417 467
82 447
221 430
113 499
201 411
385 422
172 194
0 153
134 503
229 381
33 507
271 503
326 504
355 427
169 444
457 516
124 448
180 481
199 302
42 117
174 361
182 367
193 514
362 445
233 343
194 241
260 277
386 509
34 273
31 497
12 455
186 423
263 501
196 516
76 90
67 388
345 486
425 466
338 495
261 510
254 319
47 106
103 160
151 358
275 320
313 452
55 414
313 457
71 250
133 320
122 284
47 127
51 162
81 401
362 464
204 216
125 271
20 383
218 308
285 376
33 497
114 226
367 428
238 335
213 236
245 268
241 351
400 479
177 354
85 268
54 273
258 446
197 248
133 433
148 274
307 490
293 436
16 119
220 348
11 26
87 241
36 386
169 173
203 211
73 290
127 231
432 470
24 517
245 327
202 251
58 203
39 113
279 376
297 398
4 279
314 404
186 388
34 290
145 512
344 448
224 410
12 233
1 25
142 219
96 318
186 407
178 429
343 487
239 352
19 356
273 382
171 402
292 305
238 347
122 208
7 390
429 487
240 306
320 453
197 211
53 427
181 325
29 144
63 495
42 425
434 482
149 218
298 482
218 367
509 521
10 110
166 444
35 475
320 508
99 287
53 363
192 363
226 375
49 297
370 510
372 491
238 296
200 515
233 471
123 406
331 400
338 391
417 475
395 523
7 457
179 525
149 418
250 285
16 331
21 413
186 503
234 362
70 352
258 482
202 509
193 369
5 166
243 337
337 523
75 358
224 375
80 494
290 355
192 413
366 490
225 383
53 463
411 437
94 164
316 465
283 443
282 480
2 473
340 424
13 47
11 93
212 335
383 446
89 367
185 278
88 254
17 183
45 440
314 508
78 455
301 361
47 77
125 456
77 118
158 171
202 283
177 483
30 31
173 402
118 479
237 523
119 170
206 445
94 242
69 241
247 297
134 335
330 436
66 74
23 450
44 378
95 472
38 294
282 455
236 476
330 456
68 404
3 222
51 96
258 426
341 510
375 422
506 516
409 498
303 380
168 297
118 160
272 339
157 415
77 359
258 379
44 501
188 483
293 523
71 458
76 503
311 329
3 232
341 358
336 393
228 396
310 346
392 413
11 356
126 322
164 244
37 508
16 518
48 214
302 401
16 272
31 302
1 441
248 280
110 249
305 415
6 510
142 395
45 376
303 322
139 517
116 459
64 96
233 295
420 487
40 509
254 306
330 356
19 470
130 215
76 440
201 207
239 375
92 326
85 466
50 478
28 469
479 492
338 353
116 329
120 166
259 288
180 294
50 136
133 510
125 244
162 307
62 289
215 429
123 278
265 488
241 427
102 264
92 149
489 522
62 98
118 239
332 371
278 488
51 183
325 509
12 106
87 124
264 423
362 409
198 480
112 287
45 218
86 267
22 392
72 262
84 210
164 170
21 121
26 423
113 310
2 362
239 454
106 437
319 384
65 480
298 505
258 396
50 384
454 524
19 205
340 354
291 292
120 316
108 177
96 278
85 148
225 499
237 389
49 312
207 434
403 496
484 502
198 407
41 209
65 497
167 402
13 480
185 292
287 290
42 86
375 412
142 251
261 490
9 117
89 412
12 282
106 300
262 301
115 136
225 478
0 518
321 331
171 313
264 388
118 333
135 513
79 271
194 218
94 403
316 402
141 263
108 154
302 491
102 357
108 202
147 358
30 258
34 113
195 481
293 434
248 363
177 220
95 374
157 302
40 255
102 122
94 200
1 300
80 190
29 147
352 511
39 42
194 304
232 307
28 319
176 292
242 283
141 522
3 467
194 494
95 402
285 485
480 481
444 457
375 482
309 323
95 418
151 184
219 309
50 501
264 457
78 514
96 133
418 479
63 173
218 318
103 156
235 514
15 418
113 421
377 489
147 215
337 483
9 92
78 92
200 483
362 378
274 313
64 356
274 365
474 484
25 483
64 271
26 59
193 509
242 409
119 339
30 122
240 515
190 273
140 190
3 513
258 293
221 319
56 415
235 354
164 507
302 431
62 433
51 412
180 430
27 64
220 426
136 325
152 485
81 495
338 364
155 265
261 280
145 157
239 410
178 354
366 425
72 469
243 435
251 303
260 441
137 141
133 260
25 192
180 194
80 92
270 317
309 441
171 507
142 255
300 455
228 366
124 487
271 287
72 520
29 399
46 432
420 481
55 426
417 444
37 216
223 302
46 329
4 284
98 255
164 488
241 397
33 339
19 424
177 395
142 476
392 433
328 405
225 335
121 223
6 515
97 275
312 518
55 194
35 433
382 439
238 267
267 487
174 247
35 61
227 414
174 357
139 365
166 449
31 181
211 227
337 416
135 163
455 470
234 285
66 122
22 191
131 282
224 417
114 334
198 215
176 464
457 462
281 427
143 232
74 105
136 218
32 99
298 423
123 321
105 377
78 311
412 451
93 518
79 389
214 284
174 367
76 120
42 426
407 424
148 469
91 284
175 244
28 70
6 114
87 166
262 376
131 427
72 203
98 248
26 241
131 178
232 261
126 258
77 138
148 482
125 182
219 267
15 126
240 355
160 233
311 452
359 408
172 269
276 417
390 413
338 417
217 346
60 491
179 211
280 402
247 519
176 480
157 159
167 351
2 397
23 196
406 441
46 174
340 481
348 408
141 451
126 289
413 449
28 102
258 508
314 449
106 217
177 299
104 332
215 499
167 406
367 521
89 490
56 232
10 520
11 505
28 470
118 176
179 180
224 406
323 453
257 441
204 491
256 451
465 484
26 476
148 326
241 428
32 87
76 445
88 230
96 294
40 252
312 325
200 360
364 438
59 455
118 352
162 282
279 401
220 230
57 123
64 250
427 497
218 497
163 239
241 339
63 262
294 425
160 294
124 432
252 523
356 391
292 471
16 267
265 269
376 521
312 414
22 362
70 507
120 398
44 476
190 367
261 487
89 110
321 354
169 342
235 361
79 335
251 473
242 295
435 449
65 438
202 456
36 168
100 108
385 445
395 435
286 478
147 362
184 351
69 89
23 364
162 163
490 506
171 265
416 442
179 204
142 367
330 479
217 316
388 466
290 479
177 342
281 420
101 320
0 313
100 416
27 291
158 502
272 283
117 150
27 290
58 323
158 270
427 451
56 278
33 373
368 461
306 311
55 476
188 374
290 313
236 423
201 302
21 177
350 401
250 429
34 446
276 471
36 167
0 338
87 143
82 457
47 433
7 416
69 277
135 239
269 345
35 518
147 396
6 161
240 298
172 298
397 473
251 408
1 301
9 75
188 315
143 271
77 83
39 448
132 335
264 393
369 370
143 388
2 371
8 238
87 475
342 373
2 501
118 259
144 236
155 186
5 267
151 180
371 430
220 393
284 338
158 504
14 413
15 167
90 127
34 381
156 381
190 490
29 177
423 436
200 383
192 483
82 420
140 427
108 514
173 321
16 40
35 147
172 324
53 308
6 405
479 504
243 328
241 264
86 389
82 513
162 461
104 218
72 157
113 177
326 384
101 327
57 190
181 367
115 361
179 468
102 147
153 357
359 498
160 510
430 439
87 487
74 184
472 492
131 262
223 495
15 222
113 311
60 144
163 381
212 357
6 94
228 491
140 330
7 77
154 432
352 356
40 478
30 92
106 503
91 259
85 238
85 181
141 462
58 196
108 357
67 346
285 396
242 437
130 429
212 508
195 248
329 455
55 397
167 218
84 319
441 520
138 342
93 348
173 229
87 210
186 478
95 200
83 392
184 441
58 397
287 371
342 413
119 251
262 471
3 400
103 324
146 152
79 194
246 522
70 424
330 412
68 249
187 315
3 416
179 329
352 457
227 399
191 500
209 303
209 239
8 247
134 488
50 174
90 362
209 418
43 202
88 505
248 256
59 187
209 373
4 457
146 492
82 514
107 419
166 349
135 339
100 377
7 105
152 154
51 474
80 186
38 499
305 469
133 285
58 472
456 510
108 426
118 373
71 298
44 274
112 418
351 500
379 514
176 337
477 484
293 323
283 472
31 337
446 511
146 254
238 419
151 215
91 231
60 219
145 146
332 377
168 469
385 455
146 413
354 422
255 488
73 157
5 442
173 372
219 429
139 219
49 83
284 328
129 517
4 90
293 407
367 410
146 316
11 232
267 299
152 406
352 486
139 390
224 254
347 425
164 180
51 136
18 313
411 480
377 463
152 471
432 496
185 204
11 250
100 230
47 170
147 172
138 508
170 415
245 448
367 469
72 234
457 479
258 470
133 504
380 482
439 469
417 478
220 461
137 409
123 408
21 271
80 220
186 466
310 414
313 355
181 411
231 346
246 524
473 519
51 71
166 358
72 460
229 344
86 483
60 163
266 337
173 188
139 299
67 79
40 305
138 375
123 297
2 132
129 373
125 506
57 106
238 502
2 35
350 394
121 244
313 493
22 218
367 405
326 496
18 145
130 460
2 338
161 248
492 501
129 183
177 489
331 479
115 291
80 496
182 194
191 473
36 164
164 343
12 381
30 196
361 395
459 525
74 408
112 261
259 285
176 231
171 289
398 507
45 351
192 383
132 522
213 501
82 368
133 425
155 396
70 459
447 463
28 203
94 439
6 69
90 153
90 276
347 380
49 308
229 475
54 147
213 354
74 383
244 370
174 330
52 431
397 523
163 458
175 281
217 451
100 399
100 225
33 157
121 191
295 430
334 378
378 481
265 489
172 303
409 435
98 474
163 414
107 491
233 374
355 418
446 449
308 433
5 14
14 178
170 253
289 292
30 278
68 144
110 378
197 436
158 195
247 439
219 322
421 448
60 318
106 514
300 460
79 322
28 132
266 358
103 427
289 385
408 415
353 462
462 502
114 154
96 156
101 130
23 523
94 237
181 503
311 490
96 212
201 285
27 119
161 397
294 316
104 260
387 501
114 263
82 239
415 434
143 269
317 492
62 456
64 452
239 348
179 291
132 193
211 478
362 392
338 436
417 420
381 433
250 337
245 427
380 404
79 336
140 240
128 349
3 338
285 505
237 282
126 247
470 516
69 322
377 493
62 94
174 437
176 194
147 466
137 401
197 268
191 356
175 186
463 486
391 472
149 301
353 471
194 465
20 166
8 176
36 311
266 324
299 413
142 161
267 483
76 230
111 181
70 306
159 475
149 169
104 249
348 418
133 426
106 373
264 304
202 487
157 520
202 278
244 508
233 421
62 78
55 442
239 369
162 342
54 158
90 377
282 416
94 304
271 482
240 263
53 283
175 213
50 239
136 304
117 294
165 368
168 457
250 363
326 506
127 429
26 127
70 226
180 497
134 454
319 517
189 365
298 428
53 138
68 95
31 332
87 518
77 324
68 446
360 431
319 501
324 440
200 416
88 285
336 358
199 461
78 125
263 300
108 446
308 474
83 331
191 383
53 307
43 263
281 296
130 345
362 407
330 366
39 84
416 501
306 313
93 457
124 458
234 382
70 312
394 412
194 200
382 391
436 492
161 395
33 226
5 220
192 505
126 263
257 271
147 236
262 302
51 396
80 476
110 397
110 117
137 453
197 303
135 147
75 336
1 15
383 504
103 371
31 182
41 284
53 232
20 510
68 272
173 525
192 326
144 379
12 184
26 273
33 307
133 335
165 331
149 491
51 152
163 406
65 218
149 373
295 324
208 310
178 191
101 114
252 455
212 501
321 337
466 490
149 323
153 244
114 498
194 411
118 330
86 423
251 356
405 474
43 124
28 484
15 401
217 433
142 465
89 314
105 449
89 358
427 516
237 306
349 503
249 459
268 365
383 448
336 489
39 400
22 40
97 474
196 489
215 323
7 285
306 513
260 274
61 447
345 358
38 490
242 385
307 461
24 64
170 511
462 463
487 501
118 483
358 436
47 337
15 317
175 290
159 304
275 314
163 419
382 478
78 250
124 168
205 244
190 452
314 523
188 433
7 279
331 426
71 455
516 522
91 193
99 223
93 429
410 467
104 524
120 425
205 355
32 317
170 352
156 230
104 229
334 500
391 426
181 312
183 492
121 142
335 437
132 265
29 186
197 304
63 186
349 488
319 397
436 447
6 457
491 516
63 290
331 425
273 294
299 321
45 143
49 242
244 448
356 524
228 365
96 159
53 174
225 491
306 404
300 399
66 446
59 340
206 483
446 500
19 443
239 304
264 265
423 480
50 425
76 199
142 435
295 341
411 418
406 410
111 327
165 353
34 474
371 462
65 215
113 232
76 507
301 499
6 74
114 205
334 498
23 419
223 308
210 284
428 510
157 443
284 319
62 416
283 444
345 408
320 470
318 474
17 271
285 409
357 509
28 269
102 278
314 332
76 438
295 520
88 417
15 329
27 340
335 377
11 129
103 293
7 252
58 180
48 521
235 391
3 430
141 237
10 226
26 429
230 498
211 215
304 309
39 417
240 444
162 188
250 343
478 490
379 466
37 293
245 319
191 472
23 393
115 382
179 299
61 277
203 408
145 228
238 387
381 384
99 293
117 363
1 202
201 213
88 500
38 203
82 205
29 205
145 247
10 401
315 474
103 473
20 220
75 313
244 411
252 279
61 208
250 439
94 329
33 201
74 233
137 249
1 468
440 450
34 311
7 242
179 518
102 248
83 391
107 363
23 289
375 382
34 175
321 422
76 319
247 479
40 310
127 460
134 227
493 512
322 368
479 519
144 418
114 222
44 174
266 293
27 277
117 493
115 477
181 340
152 155
237 514
71 388
163 315
195 211
73 355
161 490
311 463
50 412
350 374
76 379
346 428
120 360
222 507
255 381
405 442
194 238
303 457
2 11
83 185
52 231
350 481
167 270
237 408
209 497
401 448
40 266
215 286
229 346
21 383
130 169
64 151
299 365
396 412
97 519
418 495
38 476
54 169
42 503
288 477
258 481
301 507
96 484
96 135
73 216
284 410
147 298
150 419
266 334
99 513
72 140
63 309
293 380
389 412
378 461
41 118
427 466
68 361
46 271
105 493
300 437
87 525
5 177
170 392
304 435
147 460
24 123
88 327
209 377
90 278
59 331
157 313
344 352
48 390
96 519
61 178
14 343
150 254
183 476
51 266
184 478
198 393
53 421
201 346
44 67
317 322
232 246
345 517
13 158
193 434
108 239
170 496
99 376
105 199
81 351
21 32
377 427
7 318
90 491
307 427
330 376
24 269
35 328
341 477
327 516
402 475
69 375
42 78
206 414
171 352
324 431
38 448
43 112
0 141
216 269
12 463
442 503
136 292
306 481
31 236
56 318
84 144
123 475
72 204
73 127
5 246
368 517
33 143
24 212
40 111
324 462
106 112
170 262
17 445
208 240
360 456
59 150
165 269
327 355
65 96
55 374
23 456
348 445
133 411
403 455
247 436
131 331
240 432
168 428
215 309
91 413
345 484
97 392
117 223
399 484
183 223
387 513
283 368
33 123
286 447
21 53
198 272
279 474
17 126
151 288
425 476
32 294
195 467
237 272
343 369
314 463
258 422
318 417
0 435
221 335
47 314
76 513
234 437
415 486
270 456
308 334
92 112
154 425
138 520
131 325
297 323
48 502
219 478
222 337
73 325
298 496
4 172
107 402
0 497
233 481
151 196
202 420
86 498
40 220
177 346
39 426
347 415
100 273
101 105
258 300
68 400
72 365
30 361
67 364
140 487
87 133
109 266
221 452
131 452
41 60
103 319
420 515
110 207
260 304
171 489
124 293
146 149
86 266
105 407
99 230
305 341
2 503
426 478
60 492
224 225
151 310
114 361
66 454
161 202
173 363
345 497
459 498
154 193
14 58
264 341
152 455
195 379
96 227
493 504
77 356
90 353
44 255
66 380
482 523
3 466
68 231
109 519
477 481
9 489
286 401
155 428
203 489
49 215
71 139
93 367
289 452
101 415
193 265
31 79
205 437
233 252
8 484
53 88
41 413
5 191
390 479
203 289
344 497
154 404
154 411
137 240
125 145
417 460
60 167
431 509
324 494
115 179
227 470
113 169
81 85
124 261
253 525
211 327
260 517
114 250
440 456
359 445
7 391
165 285
152 414
47 292
18 362
8 255
453 476
227 499
99 106
246 352
350 377
123 491
207 349
153 336
140 355
82 253
22 81
79 241
153 202
431 466
73 194
155 245
152 424
223 357
481 512
383 439
280 286
152 293
285 308
45 411
202 302
244 313
349 480
1 371
65 98
35 469
113 306
212 287
317 384
32 194
81 155
45 397
463 511
346 416
28 206
121 159
54 116
5 381
41 123
102 213
411 514
263 290
28 410
321 476
92 102
194 451
311 314
121 215
133 333
143 314
451 485
208 438
167 201
167 287
170 413
176 483
12 264
2 200
75 233
443 502
41 124
54 401
134 315
84 127
268 514
158 486
179 297
147 436
238 491
82 525
297 472
378 484
342 364
137 237
516 523
35 69
200 368
61 187
69 98
20 315
186 300
116 315
290 371
335 433
21 238
182 226
96 416
151 297
315 447
226 274
255 450
272 407
229 278
68 345
156 337
62 447
200 267
166 378
410 481
132 161
141 467
367 497
490 509
149 459
188 470
349 391
164 286
219 323
215 390
13 509
118 200
319 433
122 180
8 166
8 378
28 87
96 358
73 333
441 517
338 505
137 510
73 100
2 36
9 363
95 445
253 376
457 485
55 198
42 398
23 405
108 122
373 419
263 297
182 236
429 447
219 235
39 209
201 386
146 520
299 498
93 249
213 497
79 340
74 442
157 297
72 106
89 102
226 340
3 83
124 400
223 256
7 12
209 259
245 503
318 428
52 272
386 411
82 512
41 242
35 80
116 432
117 251
63 288
160 414
18 460
23 232
431 492
53 309
140 471
159 437
46 474
77 374
8 183
112 148
160 525
12 74
49 421
81 390
211 334
119 465
17 58
163 417
128 404
350 436
119 487
124 388
150 387
74 322
101 210
207 489
135 444
10 266
478 525
92 421
406 464
5 481
4 444
375 477
307 489
207 457
258 317
11 177
68 274
216 409
18 182
421 422
330 513
361 368
121 357
182 481
134 450
251 300
182 363
160 246
136 184
38 427
25 173
330 390
5 179
26 286
271 283
315 516
81 149
313 430
165 466
233 410
255 348
350 496
239 287
87 299
310 432
242 415
175 219
56 521
178 390
163 519
162 444
46 441
317 394
42 44
112 118
30 454
102 348
6 256
87 500
231 270
133 368
438 511
86 376
76 91
109 166
339 508
358 486
296 345
353 414
211 440
297 309
72 443
352 414
115 298
153 379
444 461
102 437
153 347
245 447
190 476
123 201
386 427
159 303
70 497
181 354
317 511
327 410
52 114
279 334
307 399
221 310
180 307
11 361
125 256
445 512
13 249
301 366
30 168
221 284
136 173
101 187
158 217
31 280
166 263
410 462
357 467
76 283
55 478
81 475
23 80
315 349
195 521
170 268
296 368
180 286
310 355
82 236
224 426
0 463
207 258
75 471
4 405
51 221
5 332
69 72
104 445
496 525
100 522
134 162
330 521
58 484
474 494
495 520
191 298
30 397
61 441
124 352
255 513
204 477
207 289
426 503
165 292
25 409
276 505
24 170
6 228
45 214
92 506
395 482
64 337
100 463
415 429
10 125
191 340
218 344
431 436
135 351
45 292
142 314
286 337
180 212
177 515
395 495
5 30
312 407
17 458
18 398
75 504
24 483
128 508
435 508
184 195
10 108
127 469
134 352
28 416
400 513
5 52
58 253
259 393
33 38
169 305
70 241
199 237
429 474
373 429
213 431
51 339
218 286
104 267
239 298
140 524
12 437
263 499
268 336
347 354
395 513
313 479
205 307
328 465
281 328
43 385
281 452
68 234
82 387
49 222
154 502
175 332
107 438
207 409
125 303
331 399
104 459
41 322
90 374
14 201
224 484
117 307
68 211
329 521
90 394
148 320
204 266
58 320
276 373
49 56
429 506
419 441
13 33
344 444
93 372
41 522
49 169
316 452
271 453
85 431
111 381
11 86
296 356
142 464
123 245
129 417
151 408
72 263
254 260
473 501
94 491
285 455
358 457
412 493
368 475
110 373
230 416
60 504
172 364
13 373
231 470
192 337
24 282
275 452
49 187
34 294
278 447
97 429
152 270
68 141
121 372
2 453
112 211
13 477
71 261
323 489
381 507
79 521
431 493
67 387
186 406
130 387
426 472
250 442
476 495
137 384
189 438
3 118
319 512
202 511
39 492
339 377
232 260
146 466
417 456
299 486
75 436
365 505
447 498
29 239
127 300
443 486
45 53
253 486
31 377
207 476
361 377
32 84
69 333
85 461
400 410
95 168
333 471
108 184
79 220
411 470
61 400
180 346
166 487
68 92
420 488
133 150
138 449
85 122
210 216
398 482
33 382
2 358
212 220
326 416
143 151
117 346
458 510
366 453
20 64
115 134
364 451
80 402
228 239
284 475
22 493
127 286
282 519
98 170
80 148
365 490
0 279
235 509
127 490
289 384
2 268
35 430
57 307
368 506
141 450
74 272
3 238
103 205
23 106
100 250
256 377
10 494
50 403
126 496
212 229
139 174
377 384
83 125
173 224
38 309
318 489
34 318
156 451
299 342
201 522
204 304
154 426
501 502
414 482
391 486
143 213
174 219
396 444
161 509
212 312
384 515
70 123
152 324
226 337
298 438
273 392
145 279
18 333
152 426
250 258
189 229
66 164
52 286
181 251
145 442
126 357
98 482
187 483
185 210
83 88
306 312
173 406
57 447
313 325
39 399
292 344
130 371
410 444
313 391
397 406
106 137
27 390
17 151
49 100
3 70
446 460
13 448
101 231
325 407
78 223
429 475
113 399
33 87
38 230
457 510
289 350
210 465
194 258
182 422
107 122
274 302
91 487
261 505
7 107
158 474
126 519
226 289
159 345
218 465
53 209
124 171
68 125
188 398
241 327
77 310
230 468
201 273
197 523
240 415
117 492
328 379
153 493
402 405
139 486
23 81
194 344
380 484
467 518
95 226
227 477
502 518
65 244
45 384
285 322
248 418
207 215
29 300
392 470
339 369
146 173
132 314
130 219
207 494
472 512
313 427
62 83
103 128
227 299
17 407
318 421
189 513
305 429
19 419
18 298
133 499
241 521
52 392
203 302
243 315
45 149
197 307
138 261
204 448
21 368
34 104
219 471
120 271
140 178
434 493
358 397
356 401
194 377
32 487
200 474
322 499
56 453
172 343
22 125
112 522
48 66
215 237
70 422
82 137
115 173
279 298
405 478
302 466
39 467
413 430
397 422
336 368
211 262
363 476
167 362
164 435
51 132
46 291
29 334
30 59
37 497
8 358
138 207
269 358
284 431
129 157
62 271
23 476
155 358
205 231
67 170
310 398
343 428
49 433
122 137
134 461
37 329
285 294
248 497
22 131
26 303
63 494
87 148
115 303
336 491
128 336
23 270
212 226
128 313
44 499
55 65
91 153
117 464
86 145
221 314
27 53
106 348
424 496
129 347
45 343
249 497
49 110
15 207
182 385
147 354
9 491
42 352
22 337
53 121
43 114
1 419
361 382
167 323
92 176
171 280
440 488
257 445
350 454
113 302
436 458
273 370
9 57
455 461
24 317
232 309
188 479
266 401
16 45
77 222
328 496
25 438
197 215
314 385
274 329
212 276
57 296
160 326
121 483
349 464
23 172
120 250
4 446
56 227
3 236
300 352
83 184
44 269
81 386
443 444
66 107
413 515
362 516
120 260
295 367
96 180
310 399
359 366
403 499
150 347
82 452
267 468
75 445
199 315
201 361
143 515
108 314
317 461
144 190
50 457
84 371
275 480
96 216
56 310
218 343
246 491
196 271
59 154
21 420
160 339
209 310
73 276
27 122
117 215
65 411
100 258
84 177
142 475
130 478
187 189
254 369
446 495
19 71
70 455
189 392
167 434
97 476
15 335
270 519
117 451
301 410
409 491
46 416
221 492
0 192
5 363
86 125
13 48
311 369
82 212
211 256
202 497
239 318
251 483
316 329
317 523
226 354
176 313
306 445
66 410
29 468
226 496
188 332
308 356
82 442
272 420
345 368
108 363
163 412
205 421
135 486
347 365
78 439
227 351
10 257
234 493
80 468
92 522
25 148
311 392
266 424
9 162
156 170
117 193
65 284
459 500
171 262
36 400
68 163
69 427
105 170
140 256
252 453
74 197
144 488
77 441
61 155
13 69
112 508
183 475
52 209
144 284
84 350
71 349
39 211
157 237
288 422
57 417
238 508
70 294
300 465
387 440
373 485
86 195
17 457
205 362
382 387
268 426
66 255
409 425
5 438
179 372
140 352
134 247
278 391
122 467
349 486
214 443
281 478
444 452
125 311
121 489
143 351
136 303
4 348
278 297
89 425
52 289
99 149
67 178
98 236
332 406
328 357
174 243
280 298
346 424
395 411
457 509
174 255
184 258
232 379
32 450
19 237
86 96
181 239
177 507
150 485
163 298
77 146
160 201
24 467
123 308
79 247
12 130
340 497
168 211
51 135
82 481
147 259
159 380
40 141
345 466
169 220
211 297
69 274
107 141
236 498
103 460
65 504
176 306
156 174
135 176
311 376
100 337
26 492
102 294
104 496
218 280
291 521
46 285
258 295
417 423
26 307
91 370
224 519
188 461
58 136
24 451
123 500
256 374
312 383
42 360
400 480
259 362
358 443
58 195
230 260
330 430
74 310
216 319
101 439
187 246
80 126
251 305
413 519
110 179
282 315
182 439
274 481
431 455
91 120
85 133
322 436
184 224
5 236
171 399
100 194
125 377
386 517
363 510
350 385
3 153
191 390
104 268
82 86
215 497
149 370
2 116
77 304
11 479
61 434
78 195
64 365
325 405
425 519
20 31
85 503
47 66
15 84
334 458
74 242
77 103
132 200
7 373
308 450
63 233
406 453
11 147
235 520
81 162
399 435
47 179
96 434
377 441
198 291
250 339
142 514
321 484
358 510
55 319
338 354
363 414
477 518
315 330
355 419
68 510
115 276
51 238
59 489
255 373
20 149
110 427
105 326
241 401
323 508
61 380
393 467
38 433
16 332
149 160
71 411
387 512
74 342
196 287
93 486
121 161
141 195
86 345
342 463
191 503
54 366
93 415
150 273
258 288
191 348
122 393
301 322
316 337
133 339
284 515
94 380
246 250
115 525
97 399
255 363
245 429
223 262
167 292
375 443
357 429
13 316
305 391
131 459
379 475
307 523
244 505
194 459
93 508
183 310
279 430
84 306
212 300
397 478
274 416
41 117
97 484
463 474
275 466
153 171
130 257
499 524
245 513
305 328
54 508
84 264
21 231
33 173
115 129
500 515
94 231
135 229
269 343
356 513
27 46
197 484
161 229
235 512
105 187
371 428
285 437
54 509
176 288
1 407
86 420
32 88
16 519
324 419
4 488
191 314
188 314
265 295
196 504
425 463
111 447
279 403
100 472
299 408
252 409
118 325
93 341
263 278
214 426
112 386
5 447
387 436
338 394
274 315
247 463
196 211
375 385
9 200
301 368
36 257
290 508
163 454
313 394
122 202
60 251
237 310
134 217
263 405
145 445
508 516
52 147
20 314
51 388
297 508
189 436
82 272
137 389
25 235
99 107
26 394
164 254
98 464
145 489
83 412
347 372
30 484
95 123
253 285
323 381
144 387
46 79
344 421
448 450
294 382
350 408
157 321
2 339
266 288
353 434
111 495
490 501
162 289
162 392
286 505
298 406
266 461
343 509
169 388
255 355
398 451
293 465
175 518
256 370
31 80
304 424
8 374
13 461
364 494
132 450
65 420
132 368
159 388
465 467
299 513
247 352
106 400
396 434
421 489
92 217
111 266
341 505
176 444
49 272
160 351
12 409
180 433
68 87
156 465
196 228
135 186
251 349
96 499
76 158
13 265
117 147
21 400
191 454
118 156
272 288
187 520
292 400
59 228
48 352
273 363
60 126
202 484
269 478
318 349
140 184
50 228
2 387
33 431
97 233
426 434
54 359
170 325
320 325
111 162
60 426
448 505
177 415
261 489
35 399
486 490
126 461
182 300
308 514
170 213
15 363
127 292
77 172
79 263
107 460
27 267
65 196
256 318
68 461
71 273
409 441
12 510
78 462
277 458
308 400
17 74
142 211
380 465
165 412
170 465
98 164
148 380
128 194
317 469
52 100
83 266
188 523
40 368
22 295
151 325
356 409
158 175
82 220
138 349
69 380
335 481
9 441
404 492
387 519
44 75
225 434
164 265
180 398
230 435
35 426
210 338
142 346
12 245
165 166
118 402
297 392
77 433
352 396
12 57
366 423
186 393
221 461
297 476
172 337
366 443
167 426
112 160
53 499
361 493
105 473
320 321
78 107
157 308
209 311
58 73
233 281
77 466
59 146
182 190
22 358
13 174
17 108
323 469
25 424
437 446
205 216
76 486
104 276
154 487
51 151
172 480
71 365
62 234
55 311
171 223
273 353
54 236
332 395
125 471
34 424
227 246
419 428
47 100
111 417
175 271
135 506
301 484
256 488
97 293
396 405
127 289
219 359
243 401
87 91
254 296
139 173
21 404
59 118
129 509
39 418
55 456
239 307
320 334
188 324
8 306
94 373
420 437
66 136
55 181
307 412
374 449
69 82
206 313
8 443
93 506
34 145
254 494
320 411
153 511
157 170
53 436
106 270
79 106
256 432
23 203
87 374
12 432
75 477
89 128
107 244
5 325
252 469
78 203
68 85
60 292
61 84
6 455
10 49
237 346
197 316
70 279
1 452
50 427
259 371
57 335
50 223
368 454
46 168
258 382
249 386
244 264
226 429
12 271
45 139
155 233
402 403
19 415
4 398
258 353
159 301
137 176
290 480
59 296
66 358
131 256
99 427
51 145
149 355
97 353
135 227
135 518
198 355
133 160
0 509
200 514
339 357
128 223
326 437
129 201
236 452
50 267
303 438
40 114
28 361
72 221
302 375
17 409
34 287
233 236
354 379
158 361
41 496
428 432
107 409
68 408
54 328
165 513
65 176
0 11
286 512
45 324
75 177
40 206
4 221
157 431
35 101
390 436
381 494
6 367
71 89
87 131
407 451
264 362
302 487
359 478
230 366
433 453
380 460
282 452
94 174
68 118
250 467
226 457
51 381
372 418
48 484
186 236
262 283
120 454
205 280
160 373
440 476
298 308
47 258
77 443
166 254
229 491
43 193
114 510
221 424
276 404
275 281
270 322
349 481
117 350
115 123
74 143
437 473
91 491
5 478
127 130
109 387
380 445
46 521
358 482
286 480
478 482
58 161
43 311
206 223
103 368
152 339
234 444
269 456
334 346
476 483
330 462
30 500
107 372
13 88
214 479
12 481
258 378
70 251
18 131
280 414
199 201
169 217
284 449
79 396
317 515
117 364
199 482
72 298
244 373
92 430
176 180
13 353
86 200
246 465
321 322
25 304
116 212
268 479
279 378
113 161
53 210
305 340
383 427
135 485
171 303
292 336
195 436
15 285
109 432
34 260
134 211
85 180
84 361
21 378
17 417
128 212
55 90
207 234
134 484
179 462
113 478
142 149
329 423
1 154
55 67
413 414
287 474
146 510
10 383
389 393
38 418
303 359
339 460
180 182
171 511
36 359
210 290
0 164
241 355
116 504
17 96
148 492
122 410
235 276
240 513
160 521
108 419
33 244
130 375
91 168
462 491
394 450
49 425
299 429
177 466
254 481
278 400
261 472
292 383
83 398
189 404
197 433
79 205
109 234
61 170
117 329
416 420
150 480
1 61
344 383
178 486
240 424
165 176
137 205
327 525
138 267
233 427
253 257
298 440
273 393
129 156
189 274
269 447
241 272
309 375
127 268
160 210
139 478
144 391
57 66
145 515
188 417
245 267
43 172
120 273
73 240
113 188
204 403
140 374
308 517
197 360
401 434
44 351
169 344
88 116
71 87
7 476
75 492
223 273
370 393
180 466
363 415
171 393
105 514
76 453
403 422
92 103
218 301
228 334
284 409
75 330
258 391
483 524
232 483
23 219
30 274
111 432
42 449
26 488
31 44
424 426
108 271
192 397
113 129
193 293
3 253
168 267
200 225
321 506
30 314
304 385
379 474
102 158
387 429
275 436
194 226
59 81
201 266
81 471
330 522
146 427
298 352
25 223
376 384
5 102
303 485
194 418
85 194
271 513
171 229
21 295
149 255
475 516
420 461
103 335
58 408
102 466
111 146
421 484
40 376
132 176
112 276
299 339
284 441
182 292
316 373
105 338
312 351
142 250
137 309
33 156
311 356
275 402
94 312
114 289
231 339
5 206
22 179
273 362
98 501
164 451
144 423
197 416
403 433
244 310
23 449
267 437
125 398
69 204
280 477
23 410
64 361
100 184
99 296
214 398
146 519
262 486
118 390
220 357
89 304
202 440
93 220
14 318
103 135
60 69
264 309
441 472
319 447
63 164
9 243
302 510
48 176
187 447
250 261
168 433
200 380
76 337
256 355
196 403
61 231
69 407
170 416
404 416
234 507
10 85
194 296
113 400
278 375
414 460
69 153
154 496
4 142
201 473
34 68
473 484
389 496
27 416
44 58
68 304
302 350
52 275
331 370
359 407
170 498
62 92
87 147
1 395
224 391
0 17
479 510
237 295
139 444
175 185
272 329
221 365
85 327
281 431
208 361
149 200
123 365
23 251
224 350
161 231
120 393
92 120
25 467
58 111
141 444
288 466
251 290
221 328
116 360
436 515
126 349
233 470
95 250
210 317
436 471
16 372
352 466
195 341
20 514
77 505
104 344
115 245
146 180
68 111
168 293
26 316
263 323
376 509
262 315
78 442
116 254
131 397
166 461
58 370
151 523
422 511
108 166
162 339
161 275
134 267
28 149
175 376
239 465
22 253
7 121
58 305
220 384
52 352
135 383
187 251
132 263
204 424
82 92
353 472
56 339
186 479
99 394
213 433
52 171
95 461
66 89
323 501
344 495
101 437
46 363
187 299
151 451
21 484
227 467
45 209
446 482
73 189
88 194
19 35
410 521
104 108
103 182
235 374
327 468
6 234
359 430
194 237
233 360
237 362
179 277
215 503
380 434
334 341
50 237
2 263
189 288
89 513
170 267
334 453
55 151
24 492
217 301
273 505
14 225
74 108
85 308
235 248
125 521
87 208
118 317
170 396
171 253
48 378
101 290
241 309
37 496
92 523
30 112
100 257
206 492
337 408
9 299
137 426
391 422
10 167
310 357
422 439
6 21
49 460
123 186
12 186
362 401
161 398
328 365
231 266
226 511
316 503
59 334
146 175
37 154
202 375
90 447
44 518
12 51
158 279
200 359
80 164
271 516
490 524
262 445
25 217
16 163
38 79
249 269
132 370
305 411
300 398
399 423
86 176
340 407
171 314
103 338
113 116
2 4
134 303
194 387
299 372
205 267
4 413
165 504
300 405
244 464
234 425
12 116
127 486
134 515
319 474
392 517
169 415
118 467
396 466
252 339
316 355
262 378
346 519
53 272
156 426
106 478
35 444
96 277
80 274
243 244
6 456
104 204
65 82
424 449
287 515
6 419
2 497
198 320
372 482
332 445
77 340
228 252
39 227
51 178
100 510
499 515
172 301
138 297
83 377
73 99
329 333
105 321
299 427
8 493
181 420
328 505
106 138
181 271
420 444
53 500
330 490
99 226
48 288
253 408
151 230
112 182
216 408
393 513
421 514
238 266
215 507
124 512
222 504
128 185
3 323
67 154
447 509
184 361
129 391
45 491
149 374
165 243
42 196
21 377
79 117
149 283
285 335
383 498
182 340
319 418
9 49
149 334
55 511
7 519
150 466
427 471
68 453
360 372
11 453
109 213
136 426
98 430
26 222
57 223
32 346
91 436
285 514
144 390
64 193
60 383
95 153
442 520
288 399
488 504
428 467
107 508
132 189
65 183
47 137
169 335
45 183
86 513
17 472
73 143
390 496
17 175
180 480
36 205
300 353
281 433
364 392
302 455
19 131
455 512
68 302
110 300
102 448
105 390
85 363
186 410
272 306
310 458
143 440
56 364
102 251
485 517
127 496
61 513
194 221
11 523
12 491
5 361
249 252
64 118
358 495
228 249
64 357
135 358
187 222
10 359
279 472
173 425
250 360
185 431
55 110
166 372
37 55
167 499
140 182
163 224
112 269
202 318
166 203
7 343
405 495
2 121
342 486
198 388
184 313
2 286
33 127
5 158
96 152
434 483
49 245
85 156
100 455
22 238
234 404
432 468
191 420
28 204
265 376
383 484
297 453
286 432
26 519
1 169
487 502
4 445
103 158
190 473
17 294
202 480
33 518
49 116
29 48
91 379
256 405
369 420
8 145
68 237
196 413
73 207
84 365
17 320
22 263
4 182
5 100
115 163
182 454
160 507
208 431
14 164
11 28
65 167
107 114
211 457
211 336
346 497
95 380
74 463
114 185
16 333
84 118
109 364
347 523
48 400
9 109
40 133
7 97
97 153
83 421
128 292
288 430
80 341
75 195
93 476
52 353
136 356
252 319
261 315
177 522
280 441
215 500
230 441
197 405
93 146
42 293
423 524
98 525
140 334
394 484
180 503
383 387
23 334
44 340
12 231
39 232
130 134
87 517
100 381
219 453
21 509
462 503
231 452
250 268
256 491
18 431
9 490
52 216
192 472
119 332
277 379
312 408
26 342
146 272
48 488
54 472
196 500
241 338
256 351
1 51
78 451
299 442
62 116
59 371
86 151
159 236
92 188
183 517
273 468
325 432
191 476
28 29
88 350
94 152
358 421
337 422
138 444
356 465
404 520
152 441
323 434
214 312
115 442
25 147
394 418
306 508
46 205
150 313
183 349
9 406
231 385
27 308
331 515
419 485
293 428
162 393
185 353
249 351
5 250
34 340
333 350
192 267
216 294
273 506
361 491
83 312
3 454
295 387
232 344
254 258
32 448
105 260
58 411
8 438
190 426
113 445
172 321
93 425
36 261
50 334
234 330
85 354
51 229
116 340
162 225
91 212
317 414
123 479
56 88
176 339
61 451
304 382
1 435
102 227
229 522
26 443
215 442
272 391
96 323
180 268
481 482
202 461
115 524
225 352
268 328
72 112
38 149
317 506
46 461
239 439
55 257
194 479
153 208
121 200
140 217
349 502
166 514
124 465
143 185
95 406
122 418
70 466
198 230
75 247
228 328
148 222
174 321
246 388
172 238
383 502
1 258
1 166
13 256
50 300
337 511
76 311
302 376
102 245
284 514
71 333
196 349
65 353
59 164
244 341
97 417
52 302
470 524
145 213
204 497
218 290
172 487
303 340
140 191
27 461
319 511
212 377
457 478
3 254
303 418
64 434
291 490
292 362
442 467
345 509
339 453
51 256
19 104
137 485
297 450
162 303
92 154
200 252
224 331
12 506
24 414
70 130
305 373
472 516
23 206
416 435
366 516
295 370
63 209
22 511
4 476
128 322
69 393
422 466
271 483
449 494
385 505
301 430
171 464
249 313
319 454
224 383
145 263
195 347
61 286
210 481
314 402
125 396
269 518
402 442
221 270
161 276
172 341
88 105
1 117
211 231
103 178
211 468
38 314
133 134
40 159
94 444
113 450
140 476
81 177
39 386
371 525
244 471
183 455
163 337
62 522
77 284
13 378
19 329
58 498
4 104
1 358
240 385
124 503
14 498
61 411
84 100
12 75
192 431
73 248
203 521
224 458
124 375
452 454
80 338
118 266
332 428
47 154
31 492
127 504
143 204
205 407
187 352
185 417
57 448
168 170
85 482
308 447
313 420
63 137
459 483
58 470
358 405
367 486
268 395
139 301
187 440
470 483
296 478
16 403
38 224
53 104
341 498
119 209
53 278
29 520
385 440
50 341
216 400
238 375
89 259
174 187
7 378
381 420
85 366
69 502
191 379
95 403
23 382
0 67
138 204
41 54
91 100
89 181
171 256
161 409
27 203
325 371
189 344
130 400
397 476
176 404
93 498
215 347
37 358
60 377
1 423
3 403
163 367
11 445
439 517
177 273
192 391
117 424
184 465
405 470
129 247
99 277
65 214
73 309
309 371
292 323
2 180
307 351
68 94
111 280
11 490
316 428
176 453
215 424
327 433
234 255
348 520
140 515
257 453
169 236
47 184
83 340
110 234
188 471
330 377
65 398
270 362
294 452
237 240
72 407
212 221
292 324
52 85
321 352
82 250
103 220
518 525
157 466
75 234
291 441
347 387
248 397
181 483
17 90
161 349
218 243
397 460
47 74
467 478
78 152
364 460
162 437
158 497
256 308
329 517
231 321
305 420
308 379
293 306
286 413
390 515
354 398
87 229
298 398
395 450
168 201
78 483
256 441
131 228
267 367
228 274
181 457
346 503
235 305
231 404
14 358
275 453
64 194
186 187
1 366
267 300
462 519
328 363
147 216
216 468
225 362
329 395
7 159
157 185
83 301
91 321
325 503
0 95
219 437
232 514
63 111
439 471
68 212
100 213
353 386
149 232
228 343
175 214
347 483
214 335
20 139
337 396
111 408
17 102
77 424
6 146
146 509
304 314
248 448
327 364
202 306
55 210
41 358
441 497
343 524
116 293
140 146
14 271
358 437
190 381
143 332
394 472
365 475
320 356
438 475
125 132
71 394
323 324
153 203
321 423
284 500
56 199
31 420
328 354
405 414
404 497
357 366
296 338
47 108
79 188
354 471
119 144
86 223
280 408
140 494
23 267
176 247
297 488
179 300
40 184
291 482
144 445
194 509
294 351
86 148
168 454
152 468
142 287
87 199
116 408
158 203
162 269
201 388
177 376
301 479
205 336
34 197
28 117
259 391
141 142
38 131
90 405
143 337
15 165
38 163
343 394
218 488
211 436
164 272
306 448
282 374
267 392
280 299
11 43
51 118
141 430
214 328
13 358
31 234
159 266
138 404
160 179
119 266
358 474
54 312
166 175
223 493
143 320
167 341
29 113
17 333
128 365
170 344
10 166
15 387
38 326
275 523
131 484
373 498
30 478
157 349
244 522
33 311
216 281
79 423
115 148
79 253
488 520
8 423
78 524
442 468
149 309
187 260
440 492
100 435
185 477
72 390
318 366
227 315
307 333
121 463
81 143
2 119
254 349
158 521
154 201
143 267
306 487
90 432
219 295
74 344
271 523
165 264
32 62
30 65
477 516
55 463
140 353
151 342
236 251
164 258
18 130
51 153
180 352
59 504
1 322
31 413
87 239
52 474
262 295
333 390
124 138
390 445
427 524
202 315
110 402
132 495
141 300
38 267
14 105
66 112
155 452
270 370
63 291
134 177
172 192
226 237
127 433
108 232
165 423
364 484
25 491
159 397
88 367
144 282
140 379
111 445
384 467
234 392
180 490
94 315
36 189
138 270
299 326
248 264
192 285
234 484
264 338
414 478
380 522
336 490
210 345
61 483
375 435
227 492
281 294
205 214
130 525
185 445
303 479
218 473
10 458
55 502
187 287
364 487
129 405
57 152
64 134
21 254
84 175
118 295
132 294
164 214
228 380
133 174
163 391
235 289
433 448
164 369
3 397
92 510
384 491
80 440
138 215
466 486
14 496
134 307
124 358
4 30
5 53
96 414
49 422
332 347
189 201
124 491
85 254
23 524
190 280
132 319
170 440
127 341
316 477
162 279
309 379
184 370
263 318
212 477
42 201
249 388
388 457
352 447
30 113
164 333
329 477
65 518
168 361
200 373
158 192
266 418
294 330
59 248
207 217
7 503
50 419
304 509
311 439
3 197
162 270
205 279
118 246
173 419
194 525
17 303
52 413
105 316
226 490
58 425
462 511
133 521
200 236
13 23
205 391
98 146
187 516
119 295
84 386
99 425
143 480
314 514
217 341
125 372
104 172
359 367
35 83
371 380
95 398
307 504
344 492
332 344
164 492
467 472
152 371
122 282
175 279
184 509
253 312
121 178
49 406
230 313
188 524
7 458
421 437
288 467
289 464
114 413
205 278
159 293
372 444
331 398
104 436
9 102
21 510
297 486
78 382
252 328
166 282
420 519
324 364
202 421
52 232
296 397
294 515
169 514
345 350
84 380
128 293
86 197
88 200
18 481
384 460
222 383
9 338
93 435
14 426
432 495
218 366
199 271
109 525
45 84
84 283
154 357
377 382
90 398
120 202
108 198
191 483
433 517
343 442
449 477
142 324
188 494
29 484
111 373
115 336
142 507
80 278
84 295
323 438
36 451
359 446
144 519
175 319
82 231
131 433
438 523
53 214
225 439
86 334
167 311
23 411
50 298
286 461
123 235
158 290
43 319
145 375
255 473
231 500
98 417
123 174
247 418
11 191
497 500
193 400
202 373
53 390
104 174
132 142
251 435
212 416
158 208
223 450
298 520
442 501
25 347
96 361
236 491
86 421
69 429
113 513
30 70
231 246
483 518
73 84
125 281
200 409
107 400
55 406
7 521
46 50
328 468
273 471
69 211
27 425
194 520
291 400
40 424
232 251
359 368
178 385
253 291
87 420
173 283
235 318
78 153
17 310
291 321
47 212
48 385
126 381
48 263
411 473
102 165
73 424
59 76
77 502
101 504
70 85
418 473
70 461
279 339
123 477
439 508
96 100
252 443
0 430
350 388
349 398
354 358
178 369
416 521
236 457
274 493
233 489
9 372
334 512
71 434
267 380
228 504
310 441
23 27
124 320
84 469
223 471
40 453
82 404
386 475
123 150
309 344
57 139
227 434
198 219
185 439
107 322
225 396
207 347
303 343
48 296
60 497
202 342
455 474
175 312
253 497
72 384
127 134
28 386
95 315
247 521
16 234
96 136
3 331
24 520
426 520
181 326
125 249
143 495
262 370
275 338
8 156
432 450
203 519
4 409
123 462
171 508
6 66
93 410
174 520
276 395
344 419
118 482
334 412
430 475
200 296
495 498
102 304
107 408
333 452
311 465
89 208
274 385
351 468
170 365
325 378
132 165
104 162
302 506
322 428
7 370
90 480
53 189
150 521
290 438
2 225
3 367
109 230
94 271
148 351
221 388
435 453
291 372
164 349
269 490
89 308
201 458
187 386
66 304
131 266
33 475
487 517
210 525
6 257
361 468
42 403
229 496
141 400
226 369
53 425
384 389
278 519
451 469
479 511
112 458
25 390
157 398
232 247
175 238
35 158
471 482
161 522
60 247
176 341
303 463
277 288
96 431
43 476
184 309
57 339
135 430
199 254
122 170
100 172
90 525
2 129
120 443
218 505
268 461
33 202
61 131
234 508
25 203
173 510
150 232
118 142
38 397
37 142
306 408
47 266
156 216
154 455
145 417
68 409
85 108
107 121
89 227
139 326
198 329
273 404
87 141
198 451
356 462
172 229
428 442
162 471
87 494
356 365
98 351
224 468
151 399
120 460
128 314
129 353
117 325
46 506
120 172
266 369
150 259
7 212
173 251
247 473
310 397
18 221
95 329
123 141
216 475
0 99
41 295
30 60
69 163
71 486
292 524
51 191
214 257
384 465
93 320
186 271
297 369
4 512
201 205
21 189
302 394
6 403
111 232
7 40
124 444
284 357
187 294
72 249
17 381
31 151
157 268
10 441
18 189
299 505
19 353
77 382
266 290
169 356
410 487
224 500
97 98
215 428
26 110
70 415
74 510
471 518
107 218
10 271
9 483
213 362
3 245
266 454
375 398
35 168
227 494
192 219
239 347
344 447
364 473
169 483
120 446
12 274
22 67
93 494
122 133
224 298
31 165
353 493
95 133
29 36
70 153
93 296
303 407
147 255
73 160
123 156
107 452
2 474
371 396
274 339
421 457
89 515
166 184
117 225
350 424
411 523
277 373
66 139
20 72
55 518
350 409
205 401
56 496
44 445
301 468
333 337
94 143
55 521
8 454
110 469
245 385
259 524
173 520
46 171
477 480
40 262
149 278
32 100
9 319
234 262
184 525
98 358
35 133
433 506
331 418
173 210
263 509
94 247
121 420
450 502
298 350
82 476
47 69
105 460
194 331
267 501
17 345
61 114
212 279
52 112
11 187
70 264
246 351
373 494
33 179
227 260
368 514
121 206
84 402
368 456
95 428
492 524
33 457
166 414
256 383
6 294
211 510
124 290
94 385
149 452
132 139
242 521
377 417
317 330
77 185
65 175
11 306
206 428
84 392
279 513
43 469
21 158
278 471
376 467
184 285
382 403
230 258
0 308
166 202
416 483
473 500
24 209
284 401
226 395
81 460
92 241
142 357
277 493
90 383
243 271
188 492
17 286
178 248
209 501
150 396
41 163
104 490
275 476
303 391
53 320
239 430
75 280
277 385
13 238
209 489
178 242
289 326
376 436
185 233
31 96
277 326
36 519
113 333
35 105
147 347
213 467
179 484
153 229
161 521
399 434
110 501
142 406
272 281
279 519
136 274
309 465
187 190
248 258
457 520
193 398
55 504
62 517
120 158
198 386
51 472
133 162
64 473
316 518
456 517
366 393
277 333
129 144
332 360
138 279
333 462
34 429
356 469
144 463
367 432
168 307
154 320
88 176
1 516
426 499
173 359
204 320
41 77
13 459
408 430
359 494
24 307
360 390
82 323
329 337
207 226
56 240
172 351
230 372
148 521
448 462
133 424
122 457
122 366
454 487
5 59
284 489
296 371
24 58
119 283
11 515
333 479
35 378
327 465
311 511
341 460
60 341
167 387
142 242
38 229
343 354
29 324
125 208
191 218
230 484
52 365
323 334
126 424
90 347
44 218
307 471
94 464
366 389
76 327
220 276
38 190
198 261
412 430
274 357
240 475
29 240
315 365
18 73
357 382
110 368
108 465
314 408
225 493
119 439
102 184
333 354
150 182
247 517
313 373
48 234
54 474
205 524
77 224
395 457
158 305
48 207
245 304
193 318
82 433
276 525
65 315
304 372
170 264
365 406
78 457
181 346
248 293
271 497
124 505
232 244
47 120
234 390
137 336
367 386
294 462
190 266
237 244
0 351
1 189
324 368
355 509
283 332
278 354
19 218
9 227
320 492
31 35
5 129
206 304
226 287
13 413
211 382
123 138
150 506
83 332
235 283
113 279
103 503
217 379
220 443
230 418
36 447
379 402
33 313
351 423
15 356
121 126
138 343
117 371
200 255
332 511
120 346
151 268
29 497
87 436
78 282
471 513
11 378
384 436
199 485
67 448
500 512
374 389
32 387
334 436
113 514
364 463
36 462
386 503
177 317
5 124
137 287
286 440
146 246
23 182
49 271
3 128
116 460
79 286
66 452
474 475
351 364
49 401
291 481
428 429
130 174
300 508
376 515
124 462
13 268
113 207
144 493
121 188
24 169
149 166
398 483
140 224
53 264
57 267
151 223
291 338
296 494
251 380
173 370
308 525
376 472
18 196
342 501
246 509
295 395
20 278
76 153
70 408
281 337
28 72
306 515
185 430
252 331
75 191
28 234
283 306
27 192
30 214
9 336
3 363
141 296
387 475
17 373
136 152
18 458
133 359
228 288
333 403
109 242
223 285
258 406
119 509
132 297
195 241
45 367
218 413
28 288
200 468
21 249
441 458
55 295
32 325
232 374
278 430
220 520
186 392
38 349
241 512
26 132
73 228
243 432
83 209
389 466
16 200
23 144
327 341
33 274
235 468
68 415
226 523
382 495
127 273
327 427
3 230
161 390
154 204
100 136
259 475
18 439
36 461
95 478
280 443
48 373
159 327
49 368
121 325
144 428
205 248
82 215
41 266
89 399
176 467
252 509
310 323
375 444
164 198
356 506
97 191
390 415
324 333
225 448
14 416
124 338
28 154
342 403
434 459
348 390
60 216
25 144
489 515
455 478
14 222
354 494
282 498
196 370
197 489
326 450
47 236
206 387
56 348
66 218
358 469
352 462
302 454
81 357
148 433
263 425
265 317
327 395
219 472
289 500
227 295
244 284
71 197
65 508
271 361
25 76
247 280
56 409
23 417
32 517
164 222
133 384
92 335
10 97
223 323
349 384
197 410
230 454
113 228
27 315
179 363
273 324
204 328
289 377
12 196
29 216
230 452
31 239
156 383
55 246
208 371
472 519
234 309
252 310
110 437
418 480
125 404
422 504
321 440
147 463
143 444
176 342
23 366
176 424
208 421
24 174
16 367
333 435
279 419
124 385
161 165
152 232
307 507
208 460
266 364
104 223
88 427
100 373
180 217
298 500
121 315
173 303
91 292
49 201
405 508
72 503
282 507
445 460
302 522
189 251
149 364
2 178
45 370
101 393
76 368
197 331
75 288
136 469
133 457
310 412
124 264
286 475
299 467
405 519
125 192
219 439
175 475
146 245
400 403
4 181
305 516
216 437
167 327
28 227
64 421
168 461
78 124
143 477
146 494
18 84
157 469
10 69
127 352
124 200
27 214
34 367
156 517
287 349
418 499
142 318
266 463
257 423
7 401
141 206
446 452
317 391
113 495
256 459
82 337
282 366
429 472
47 95
101 351
267 505
137 322
5 152
482 486
103 493
34 323
78 324
83 160
75 198
357 521
119 166
208 352
146 250
87 443
150 353
59 184
332 474
341 421
48 132
95 390
53 418
173 242
117 514
25 343
258 472
131 429
53 142
218 364
139 409
381 487
144 218
139 228
40 291
41 247
39 501
326 330
94 196
273 325
175 293
63 270
117 273
442 475
293 404
73 496
36 146
5 205
130 253
4 392
282 448
39 452
310 423
41 226
95 97
375 389
371 442
16 71
148 263
97 472
195 463
126 513
449 507
51 277
197 273
109 124
265 412
311 513
314 513
88 432
354 364
59 143
7 435
278 486
108 209
242 450
157 512
180 281
212 453
320 519
93 304
247 300
100 116
36 174
76 219
2 79
62 348
48 63
196 300
94 322
231 244
315 367
56 100
170 298
6 137
113 229
396 433
187 206
281 445
233 305
25 446
207 227
280 293
253 328
279 478
84 108
184 211
21 495
478 513
124 149
124 162
441 483
225 422
433 485
73 513
79 90
36 473
449 451
165 172
202 446
245 274
5 141
188 227
166 458
186 259
323 488
368 403
391 502
246 498
257 432
427 454
188 420
135 309
322 357
194 452
27 255
170 221
247 358
101 138
316 405
17 65
120 475
296 362
303 481
156 320
209 287
342 444
198 318
350 490
114 345
303 525
92 402
148 187
107 310
179 416
63 331
38 113
183 338
377 425
248 451
460 522
70 411
142 158
178 238
391 457
292 465
44 513
68 366
166 497
443 501
439 464
45 385
79 513
174 421
237 499
238 290
67 72
357 399
81 467
430 474
219 354
139 433
139 342
152 240
51 258
105 506
164 423
366 372
314 374
84 446
24 125
121 457
58 86
159 319
379 473
19 368
86 155
234 410
374 409
110 226
157 329
37 294
134 273
198 201
185 449
201 494
351 377
54 329
148 329
256 394
61 270
9 312
209 412
263 487
119 150
67 267
351 443
63 193
120 123
352 512
187 335
156 366
93 398
387 494
68 186
2 468
280 369
221 325
232 442
119 363
412 450
92 248
98 154
272 310
334 479
50 251
128 376
55 421
199 214
49 159
147 420
206 522
99 347
67 454
132 388
165 185
249 319
78 343
296 463
63 457
113 289
435 465
361 484
246 525
116 309
124 223
129 519
358 507
267 350
100 112
117 432
10 411
200 346
337 494
53 366
294 490
127 479
100 179
29 200
99 130
66 161
287 316
265 485
82 301
123 181
208 307
289 398
67 411
280 440
59 270
217 481
172 252
267 346
181 208
144 402
172 243
166 508
44 419
44 479
107 448
88 228
29 504
74 371
116 160
113 525
19 183
70 256
2 47
37 208
183 226
40 519
69 353
423 471
58 353
298 394
440 452
75 400
373 466
106 220
256 506
279 283
10 61
173 312
17 281
171 382
268 370
20 460
116 485
32 109
17 469
103 234
23 252
125 250
101 436
223 383
29 418
224 312
26 73
280 491
264 306
293 515
51 340
24 289
21 481
60 264
216 378
350 514
349 489
117 327
82 415
230 419
92 507
283 288
112 369
160 457
82 450
223 438
268 332
383 436
217 245
234 308
332 335
182 323
177 389
376 394
225 261
204 329
368 452
58 92
190 312
442 506
275 492
402 524
42 495
79 433
342 390
77 257
358 524
96 316
421 475
297 337
372 462
246 501
263 508
114 167
67 446
205 423
308 487
52 304
285 404
26 202
281 475
14 203
176 209
361 449
93 101
206 232
303 491
351 517
246 495
41 494
387 464
309 418
189 497
363 459
202 258
2 482
69 406
93 180
47 473
13 219
226 417
26 137
300 310
129 309
351 483
83 488
362 489
407 515
136 391
65 249
101 471
297 336
366 428
300 333
217 386
495 497
92 244
125 509
126 127
212 218
278 293
34 187
11 172
38 41
197 266
159 315
452 462
52 457
176 195
7 436
304 370
272 476
202 472
33 234
364 517
71 190
190 361
68 478
290 317
61 228
273 292
60 130
249 463
257 395
128 464
234 256
27 332
384 412
16 151
182 272
340 470
328 409
66 189
306 484
371 405
510 514
288 357
87 144
282 479
282 388
177 441
70 308
145 188
280 479
70 190
8 171
226 413
95 417
370 441
37 179
171 422
67 269
21 326
249 435
217 242
296 300
8 499
31 414
52 414
280 494
127 210
12 390
184 484
320 432
291 410
40 278
199 329
249 523
37 135
63 383
365 519
227 333
128 149
68 326
133 380
108 522
79 411
156 422
279 435
87 167
238 353
9 327
403 465
84 146
21 239
82 517
15 89
33 440
97 367
194 438
481 511
202 414
78 228
485 512
250 362
30 518
87 280
169 430
32 270
314 452
437 479
263 385
258 284
285 298
363 515
178 421
109 361
257 274
144 406
88 112
400 419
141 149
255 479
177 338
129 299
85 369
40 441
169 317
81 382
86 140
228 337
377 416
125 245
363 467
364 376
58 511
172 405
241 291
23 294
179 268
55 276
157 523
35 36
444 501
68 294
201 277
328 503
32 86
175 509
318 416
21 305
64 346
115 486
96 421
87 263
30 223
397 400
19 86
210 272
28 256
241 422
327 441
221 384
453 500
0 488
227 440
40 146
364 409
120 305
371 383
126 511
25 311
13 35
126 150
141 506
434 456
385 466
447 511
131 437
340 430
346 398
76 525
222 319
160 391
312 495
324 461
408 431
74 458
373 397
34 100
110 486
238 496
0 35
89 162
255 279
11 431
252 460
446 524
46 522
89 148
4 314
164 186
143 363
234 283
208 320
52 248
410 522
233 490
59 202
29 501
352 508
12 144
128 175
166 503
194 276
150 365
309 320
0 273
286 358
179 189
399 440
288 522
322 335
215 410
283 488
167 509
49 436
154 334
124 488
162 313
34 511
342 519
337 411
278 295
56 124
4 496
215 310
280 383
144 188
49 147
129 191
392 473
229 234
297 521
66 151
15 111
111 368
27 217
4 315
33 353
83 337
42 329
325 504
69 70
111 166
70 440
19 46
94 273
98 227
315 504
150 478
254 274
117 336
372 497
342 367
130 231
62 89
46 153
1 74
296 346
67 128
98 494
368 503
17 166
225 346
449 520
42 440
5 306
320 419
162 495
302 477
9 397
46 445
425 511
4 127
76 128
228 352
65 86
80 193
3 441
144 221
127 389
261 423
191 499
470 507
67 301
286 389
142 207
68 97
143 187
258 491
49 473
33 199
73 105
369 466
29 195
48 284
188 361
96 524
397 470
400 424
138 266
199 227
152 242
220 501
378 433
227 453
153 282
312 386
131 227
138 470
129 162
83 150
82 413
214 336
203 205
18 261
258 261
124 450
431 469
204 349
76 169
50 160
344 458
102 323
154 343
64 120
13 494
73 132
169 354
163 201
254 468
151 521
267 431
0 378
152 167
70 255
52 122
290 372
84 263
124 251
36 368
54 299
8 375
398 428
56 216
95 167
111 303
208 250
223 269
341 384
261 425
432 514
216 307
88 315
507 510
6 369
149 288
213 384
36 419
57 134
199 233
18 177
35 50
30 230
157 379
324 361
70 119
330 458
42 338
10 29
222 327
148 197
321 466
39 182
169 391
52 125
287 490
299 504
48 522
283 310
338 398
151 411
93 309
261 281
11 408
98 290
38 512
38 120
63 194
400 515
153 312
85 506
282 382
66 308
32 177
168 339
175 362
7 329
296 500
318 353
8 216
114 227
38 358
120 224
76 118
418 428
220 314
133 303
138 283
113 420
110 422
147 203
403 500
285 500
330 361
276 288
4 468
241 259
288 407
41 105
343 425
66 330
57 485
397 485
175 407
22 441
83 379
116 433
385 470
74 459
131 341
154 164
181 515
83 367
170 378
146 160
128 452
5 460
18 406
59 467
250 494
273 421
143 452
318 520
133 255
141 337
113 159
165 500
159 193
162 475
213 424
331 404
240 311
355 399
95 501
278 401
