456 5402
233 448
391 435
325 368
109 299
55 172
19 99
46 157
246 374
76 255
153 364
315 322
314 450
284 308
6 186
53 141
285 387
85 106
21 100
25 331
212 226
383 439
218 349
123 373
297 418
65 166
192 345
230 423
326 426
227 371
200 419
52 435
129 271
61 340
171 246
23 307
22 287
24 90
229 280
10 408
46 168
142 221
138 238
243 268
22 171
50 82
243 284
258 261
328 433
237 267
40 312
279 315
57 432
162 361
177 436
118 139
85 128
202 284
1 86
30 42
36 412
37 455
376 402
69 269
314 329
56 181
156 222
222 284
55 449
105 177
306 327
57 131
97 314
83 429
196 411
227 453
88 273
135 152
197 445
84 194
421 425
215 253
122 338
95 188
254 257
42 190
153 344
114 234
97 178
5 117
3 403
86 422
54 321
403 435
316 410
156 292
307 315
39 324
171 308
306 399
153 336
214 338
167 337
403 455
81 88
42 198
294 329
384 406
259 306
58 185
303 384
134 306
74 441
305 430
65 73
147 370
172 326
177 370
301 341
7 64
0 105
53 450
124 400
342 398
105 249
337 345
14 294
29 211
174 256
229 293
168 216
58 268
262 396
32 33
56 111
219 228
113 144
263 429
147 381
97 324
272 393
181 264
137 415
22 183
94 389
36 292
64 284
118 197
248 306
81 228
354 379
118 119
164 331
194 258
16 340
387 394
86 335
82 434
69 185
13 62
5 129
132 162
35 240
63 124
239 332
233 447
11 343
428 441
86 127
43 313
77 329
314 326
206 257
2 25
81 130
67 295
40 329
344 385
37 209
35 306
395 439
245 407
208 449
371 383
361 390
193 335
27 382
40 246
181 349
221 292
160 408
49 216
178 427
107 126
178 315
215 302
171 234
223 282
84 249
24 70
98 437
124 285
108 341
111 424
156 305
42 117
18 184
95 409
67 281
9 101
78 225
62 339
58 361
450 452
281 375
127 187
9 292
1 362
2 201
62 104
20 423
33 252
92 279
131 409
49 159
39 151
71 383
285 440
24 293
95 184
20 251
204 433
112 242
131 415
253 338
242 392
30 186
128 222
104 190
194 335
319 340
2 148
56 241
285 305
27 42
65 95
182 300
358 408
177 191
238 341
170 238
46 390
29 83
41 236
55 250
146 183
324 341
35 99
21 130
317 389
42 439
51 60
89 296
272 364
64 188
266 441
206 371
283 377
1 88
226 258
4 332
234 436
104 182
61 213
77 84
120 127
37 447
24 266
334 419
205 232
44 212
71 251
9 119
109 259
86 352
299 336
241 249
15 280
155 252
20 172
112 337
373 449
254 263
36 338
168 360
74 87
96 103
249 310
323 328
8 123
353 394
34 347
48 423
166 277
115 255
171 404
13 30
304 330
123 446
58 258
173 401
145 269
51 337
63 69
32 127
212 328
201 345
37 188
286 418
8 236
291 357
357 418
281 286
182 335
42 139
15 256
47 243
251 436
173 378
181 407
279 434
101 116
2 84
131 207
107 333
17 52
4 68
215 299
1 95
13 429
112 308
23 130
35 272
102 260
54 262
218 314
380 443
147 436
45 331
313 349
83 243
184 334
60 115
237 401
315 439
175 452
208 344
167 378
51 320
86 138
46 59
16 63
208 373
144 416
44 339
146 286
53 329
134 283
305 326
173 362
287 436
64 441
158 341
209 260
270 360
185 373
41 296
10 135
224 438
56 114
138 419
147 256
54 237
244 413
181 365
181 228
192 230
182 284
314 444
223 454
349 435
130 259
191 208
47 233
226 348
86 123
196 433
72 209
183 391
59 133
322 331
375 433
194 285
177 192
236 378
52 383
417 455
101 310
373 447
29 403
8 148
214 297
17 183
39 256
371 397
175 431
96 279
231 264
7 221
63 442
91 158
64 202
2 87
172 263
51 451
60 410
71 227
204 401
281 443
238 332
288 438
101 408
214 361
133 311
434 435
202 253
188 377
97 177
26 144
139 216
138 347
155 196
170 173
21 58
267 405
262 408
156 344
71 177
137 437
16 42
144 361
40 150
423 431
194 384
108 216
144 291
285 385
173 409
107 439
191 310
7 72
201 440
203 286
96 271
124 240
101 120
130 175
6 123
12 110
51 150
71 338
31 300
0 443
76 141
269 409
401 413
163 188
356 431
187 367
217 258
60 355
65 196
35 232
137 271
335 443
32 333
16 247
268 285
120 163
366 377
30 190
195 288
65 325
51 149
105 378
120 392
381 437
288 339
63 96
222 224
116 282
9 271
53 195
251 332
345 446
23 349
55 140
308 441
90 272
192 201
395 432
13 72
34 445
7 63
224 419
76 433
286 423
345 403
70 239
339 399
184 432
121 349
79 247
145 178
136 196
2 436
65 216
41 139
228 243
153 330
185 310
52 101
194 264
66 243
50 160
185 208
77 174
120 381
77 391
385 422
218 376
168 225
366 427
300 409
437 449
188 290
5 381
286 415
48 124
263 348
121 217
122 334
135 439
113 226
159 350
180 184
101 359
227 363
300 388
292 377
194 240
174 211
93 166
120 400
32 299
42 293
84 388
332 410
125 365
84 296
175 423
293 438
38 56
70 242
136 317
381 407
149 196
139 315
96 110
87 339
0 166
105 450
208 226
23 47
168 333
72 324
190 221
130 299
257 336
54 219
45 259
93 103
90 136
276 331
331 425
139 275
195 401
316 415
75 85
5 424
73 302
154 159
144 259
33 429
13 344
105 416
246 447
26 345
18 375
69 245
73 195
107 374
37 191
193 303
12 249
186 303
108 113
53 355
9 14
89 111
14 338
327 397
88 111
336 367
22 92
186 287
320 390
250 259
227 443
150 438
25 392
151 361
156 433
32 182
30 149
138 407
67 160
272 346
356 380
202 391
125 381
260 436
172 210
125 359
199 349
357 398
67 191
34 440
112 177
55 268
187 300
164 367
232 240
29 346
8 58
297 420
14 340
35 360
291 400
245 405
132 452
14 417
52 91
47 163
153 300
150 415
108 396
80 119
260 278
34 351
179 242
173 204
138 384
139 147
101 247
372 410
16 314
150 344
82 184
0 280
202 246
318 375
97 348
103 171
162 287
203 327
107 303
116 368
154 315
157 233
221 354
260 293
130 295
51 167
70 357
127 308
257 422
97 403
27 354
150 363
97 328
157 295
411 455
58 224
103 345
114 401
148 291
137 353
3 151
216 237
35 448
107 188
97 334
92 190
97 115
83 180
115 196
144 377
115 210
102 373
223 296
189 303
27 82
33 320
316 323
314 391
50 148
69 265
52 238
402 436
12 282
231 354
374 412
37 148
37 46
42 378
99 445
48 117
355 359
250 268
291 356
392 394
142 317
24 378
123 280
93 167
4 242
142 352
3 410
203 271
47 198
116 312
134 392
231 404
350 427
97 276
125 430
25 395
214 310
258 427
361 398
397 425
258 368
232 359
296 302
45 260
54 109
100 419
74 138
92 125
124 177
137 292
63 396
78 98
11 428
40 55
152 333
54 315
98 206
135 223
70 148
256 358
260 315
105 436
127 220
193 348
4 57
138 284
0 181
214 263
27 259
119 264
335 405
3 394
99 410
59 115
238 310
57 80
162 417
249 266
361 405
137 368
161 297
40 190
124 373
21 265
181 282
58 64
44 276
250 270
389 424
116 435
316 427
380 427
136 230
27 429
94 438
50 201
55 293
8 66
70 274
221 355
136 269
32 395
278 375
194 358
9 57
31 71
307 342
161 231
116 175
258 433
0 98
78 379
401 420
115 394
327 353
40 218
143 422
189 315
22 439
203 318
180 400
275 421
31 429
100 440
317 355
14 47
23 36
254 388
97 423
84 297
155 160
28 213
213 267
218 373
8 130
206 427
188 308
125 303
306 311
148 299
162 234
152 192
74 411
44 357
268 362
87 455
331 434
66 105
63 384
7 77
70 345
90 277
95 268
396 440
4 422
86 101
144 403
235 296
22 94
176 233
38 273
91 205
204 231
85 333
62 152
374 448
318 372
10 159
37 50
38 133
213 375
263 303
143 442
342 356
296 316
94 395
149 327
95 101
274 357
89 396
155 333
93 156
106 435
95 247
26 408
108 193
87 303
117 159
101 342
77 232
33 96
55 289
320 439
164 380
221 259
347 388
134 350
62 454
226 336
284 324
139 389
60 251
10 56
144 294
126 200
145 218
269 368
34 60
145 373
217 316
196 208
98 336
68 105
106 135
201 305
155 324
253 344
174 330
175 215
67 337
100 269
73 185
250 265
87 227
308 420
136 301
82 191
392 397
297 366
229 298
118 242
133 369
87 316
267 401
101 274
329 366
14 409
52 367
232 254
290 300
277 398
45 232
161 357
74 420
3 243
53 259
50 272
80 421
64 178
287 402
69 277
220 261
69 377
356 440
252 301
235 430
236 436
179 411
199 284
43 422
377 437
125 311
38 245
74 264
112 231
149 329
106 310
237 386
111 406
350 383
156 188
11 63
287 351
75 177
245 299
261 359
401 442
138 346
65 169
224 392
249 403
235 282
226 362
20 263
82 112
236 420
280 288
296 438
333 337
100 265
4 256
281 298
267 392
19 24
73 343
129 221
38 285
162 454
145 147
57 207
145 231
279 294
348 434
203 206
265 328
52 417
193 455
289 344
85 410
17 67
374 430
230 297
2 343
23 367
39 143
183 373
109 238
137 419
166 171
111 224
9 165
2 433
49 235
80 361
12 75
255 256
62 270
339 449
35 395
125 363
140 166
144 436
275 429
11 147
288 363
177 396
251 390
334 344
224 386
44 325
50 180
174 201
46 114
270 404
214 276
133 293
115 365
222 312
249 314
60 259
85 311
70 179
113 128
311 371
114 189
68 441
115 286
78 278
46 62
337 338
101 296
48 398
73 301
287 332
442 446
221 348
2 53
145 281
22 197
220 338
56 425
9 342
178 378
9 238
69 74
294 415
178 203
139 398
319 405
66 440
50 365
396 399
131 286
18 285
48 391
289 299
93 159
370 441
88 372
233 264
258 372
353 383
59 213
32 389
93 257
92 200
154 387
45 199
222 397
248 345
63 295
186 406
115 335
274 433
125 374
112 196
137 177
206 317
76 361
31 448
198 231
44 200
43 377
284 396
136 434
367 379
179 226
159 259
185 286
383 445
24 199
266 345
197 216
37 139
329 351
382 401
139 201
46 307
340 380
233 437
18 177
322 383
36 46
116 344
247 276
22 132
250 331
220 369
143 361
218 362
241 439
66 249
205 433
105 368
58 431
8 444
65 419
249 441
297 320
154 405
145 346
201 388
375 378
231 440
11 93
286 337
198 291
216 412
346 362
160 162
262 411
161 284
271 371
0 69
88 358
17 147
28 72
202 394
9 353
7 88
325 341
64 174
3 266
204 451
53 402
198 285
44 236
242 318
39 142
19 113
78 381
186 279
68 378
338 424
296 303
272 437
113 427
49 403
12 138
212 332
142 297
288 423
345 449
56 188
155 452
296 406
137 454
232 320
3 157
185 436
197 285
175 422
182 361
128 442
34 369
61 95
37 319
0 335
30 152
186 380
185 442
95 171
160 256
126 325
140 293
136 146
1 363
260 308
129 343
110 297
140 319
64 296
108 218
199 384
9 150
416 444
249 373
194 270
123 365
19 152
99 429
234 248
59 295
114 390
314 381
59 66
53 374
212 416
70 398
60 212
80 128
5 138
245 286
207 438
47 207
13 131
208 322
194 269
179 297
412 452
79 394
96 122
242 441
97 371
414 423
174 290
406 433
136 283
29 328
229 433
30 142
64 360
7 58
39 333
86 412
20 181
8 284
177 312
315 370
42 417
168 303
65 433
92 161
13 227
124 161
61 409
161 164
39 162
15 313
300 361
271 319
384 425
109 339
23 175
185 425
56 317
124 299
209 452
92 221
113 337
89 151
301 356
283 399
133 160
152 240
57 106
328 366
105 404
6 396
280 294
101 177
37 106
243 355
405 417
169 259
43 82
196 399
70 319
137 174
316 442
254 387
239 378
191 292
94 317
250 272
3 241
17 279
425 436
289 328
174 335
50 438
357 404
316 389
50 97
98 142
198 245
210 320
82 433
287 376
165 315
119 298
34 35
97 149
18 190
346 447
230 421
213 316
207 285
214 326
200 237
136 329
169 369
203 285
122 180
332 447
8 294
367 382
221 367
299 431
63 290
27 268
207 388
372 438
7 52
153 389
152 232
325 411
19 196
220 375
274 310
251 396
157 383
179 378
104 451
23 268
81 102
136 247
14 322
255 263
151 365
150 364
162 311
164 251
3 337
270 345
121 309
120 308
149 247
74 200
192 289
382 433
420 422
212 237
89 117
253 343
63 95
166 435
56 212
81 391
11 427
66 146
70 248
388 426
78 177
164 213
161 387
176 393
158 326
12 378
144 346
225 355
204 232
174 236
194 363
29 355
112 153
57 305
108 410
251 391
67 142
85 148
87 453
207 335
305 362
54 380
263 315
41 444
74 244
319 450
99 121
44 362
51 85
215 293
7 194
306 319
91 336
256 264
254 258
161 416
78 359
128 162
56 268
372 388
3 354
22 236
165 301
34 72
105 413
138 381
214 322
69 236
29 109
196 306
202 420
57 448
108 306
251 356
64 406
214 307
98 115
216 349
51 383
74 151
26 357
173 312
21 188
77 336
167 396
285 352
108 397
64 116
14 218
187 338
55 61
209 261
90 95
271 405
130 440
29 440
143 163
316 390
370 430
329 413
197 353
149 190
153 253
163 415
72 424
1 332
310 368
51 261
240 325
82 174
258 300
103 156
67 363
272 286
269 323
15 297
79 363
290 340
114 204
36 336
327 439
35 302
54 400
77 345
82 372
44 100
87 178
156 418
178 377
47 84
375 383
88 356
136 195
138 171
100 177
278 293
360 454
202 259
180 344
5 75
24 304
12 127
104 276
276 289
100 245
172 322
154 417
305 371
226 302
158 234
135 205
184 314
257 270
114 345
93 339
109 300
14 300
140 399
47 160
85 269
63 187
365 404
32 231
157 430
111 129
160 204
99 360
7 225
290 435
14 258
89 170
343 361
108 358
120 255
266 338
90 261
47 137
36 346
375 436
44 177
50 56
162 371
110 206
202 235
36 181
221 250
127 216
266 277
156 173
282 362
0 414
252 336
231 360
376 440
117 402
104 303
201 245
110 256
106 210
221 413
78 100
223 348
212 329
189 320
118 417
67 303
42 420
344 417
245 420
168 366
190 256
95 427
14 219
95 367
59 205
161 235
119 366
30 297
339 352
360 366
305 342
21 167
172 434
227 410
291 294
383 436
88 179
81 266
249 430
34 449
2 182
184 253
114 430
33 49
85 360
15 170
181 189
188 190
282 342
159 441
149 374
8 99
77 109
344 365
97 155
33 378
15 272
169 286
4 414
339 454
28 413
169 246
373 442
257 356
199 389
326 415
106 395
202 279
196 381
337 425
243 266
251 377
62 418
140 200
129 274
38 401
14 335
37 427
250 326
47 283
104 428
15 409
100 354
145 181
246 346
122 364
308 450
10 124
49 174
155 289
69 149
330 392
142 320
365 392
155 436
247 422
245 256
61 323
282 337
67 204
87 297
10 138
216 223
75 216
321 417
114 328
98 181
86 323
363 395
287 310
97 451
63 269
104 371
281 300
80 153
37 53
49 136
202 381
256 405
8 286
169 346
190 378
279 308
136 251
268 439
349 358
178 453
113 426
307 413
3 163
76 271
76 314
2 179
31 359
18 276
258 436
129 165
420 446
39 216
34 205
282 422
23 279
16 191
126 291
191 420
102 183
244 358
235 240
12 301
72 421
28 260
288 452
86 154
24 123
29 390
249 364
243 414
3 367
54 95
21 448
31 383
221 430
266 379
209 303
220 257
292 371
0 417
239 383
62 416
62 272
81 218
38 396
168 392
68 380
200 204
289 396
135 304
272 358
342 414
75 166
129 141
116 233
248 437
88 369
62 159
48 287
134 297
91 355
26 223
50 289
150 403
168 391
243 275
408 433
61 356
81 442
20 98
169 248
2 440
202 256
137 306
124 155
260 383
23 267
60 447
134 241
425 427
208 402
70 257
234 381
118 413
9 126
194 211
323 426
117 290
139 383
23 95
259 340
349 412
273 347
352 453
59 104
151 283
248 287
80 294
168 401
226 442
119 257
22 452
81 355
40 234
146 337
164 455
132 282
203 343
415 429
61 373
10 61
160 281
124 305
56 252
1 276
276 455
40 136
251 324
175 230
64 304
81 234
236 430
63 209
301 411
17 417
187 428
242 427
63 200
195 425
29 139
49 311
158 395
22 335
101 190
176 329
202 390
356 419
263 276
349 351
68 237
38 171
321 394
330 399
65 229
61 77
104 332
114 161
40 134
386 429
176 341
139 325
33 103
240 286
20 166
72 369
29 190
242 293
116 196
78 144
99 286
84 224
164 378
391 415
334 335
9 307
394 410
295 347
144 337
137 300
26 348
284 347
24 219
21 217
43 114
102 276
94 184
5 412
164 405
24 438
188 317
95 358
219 374
76 407
342 411
36 283
272 388
220 441
43 272
212 374
198 261
296 428
47 145
259 419
214 281
139 382
87 172
85 290
340 382
12 367
85 159
99 387
330 363
14 147
109 216
16 60
371 419
291 344
127 452
66 372
217 334
106 279
231 249
8 394
126 387
57 289
288 367
156 409
33 59
156 407
225 268
87 163
231 304
12 336
114 389
219 361
153 282
82 219
27 417
260 287
264 311
9 350
76 431
290 454
175 362
0 446
287 314
212 371
81 208
47 183
77 330
270 411
34 186
133 280
242 439
182 358
81 187
108 109
107 312
287 383
16 447
120 204
396 415
32 135
40 115
34 110
113 258
115 422
2 371
18 410
84 415
94 157
106 233
271 328
5 225
357 403
63 164
208 419
127 287
248 432
74 358
321 357
211 282
308 401
133 249
301 308
248 373
174 246
407 455
282 403
252 283
154 394
106 441
116 374
237 329
107 325
3 257
36 246
48 120
135 292
120 182
112 289
143 193
158 425
170 296
218 331
99 309
218 330
153 194
28 428
211 295
20 150
110 372
142 293
52 442
6 33
51 174
178 195
80 331
154 368
195 295
108 262
266 328
1 378
89 122
0 23
75 174
118 141
286 403
15 291
326 432
91 189
326 427
154 388
215 386
293 417
195 221
182 430
151 297
212 259
167 443
135 325
64 84
19 362
66 69
391 397
84 163
212 372
92 234
70 432
132 391
321 354
63 203
86 152
272 400
146 308
208 348
199 264
93 436
3 169
88 295
16 410
198 230
97 280
293 361
36 451
48 206
136 149
380 429
425 453
42 150
32 322
0 136
378 440
159 200
155 431
181 250
177 308
271 401
93 318
63 90
93 330
333 388
266 349
271 299
139 154
48 119
96 372
44 281
214 448
186 295
39 388
344 381
281 421
28 179
207 453
261 270
139 270
133 392
389 423
24 244
95 218
20 404
17 154
114 270
83 141
338 370
75 97
236 300
46 102
28 415
339 408
292 303
106 229
78 274
10 174
286 363
208 406
3 255
189 351
75 90
111 422
73 108
73 89
97 191
96 242
286 400
86 365
258 451
23 195
185 339
378 445
338 399
21 303
359 404
298 439
80 229
203 218
232 414
390 446
140 180
227 324
253 297
18 185
160 275
43 400
312 436
294 454
378 396
31 72
256 338
209 367
104 260
341 356
241 432
116 352
141 220
52 239
66 320
47 430
26 153
134 163
127 397
60 68
140 189
91 267
258 338
15 322
121 300
4 377
269 437
79 182
120 251
104 347
150 159
119 319
71 304
35 339
275 343
248 257
139 345
7 421
131 349
49 84
223 252
87 295
413 430
53 326
52 69
16 105
345 423
54 196
147 403
22 160
121 443
452 454
2 289
36 211
313 444
269 399
405 435
128 407
262 387
251 362
112 425
85 228
385 450
119 423
210 313
169 446
296 382
50 111
86 414
230 342
154 210
422 444
2 359
108 318
355 441
48 105
181 379
316 406
80 289
189 369
218 238
50 341
42 428
49 282
283 384
200 289
95 305
45 121
11 212
84 243
35 86
2 430
4 419
90 378
79 161
228 233
379 389
301 342
243 246
39 328
198 312
204 341
112 247
123 352
400 427
229 274
311 347
51 342
37 61
21 42
239 363
57 338
20 434
339 366
225 323
18 109
127 228
71 204
108 196
248 431
68 364
68 223
300 322
290 382
237 260
305 327
241 372
10 23
46 320
273 393
204 308
31 34
208 434
66 85
59 265
232 237
146 192
348 396
116 276
336 450
1 252
164 317
15 422
158 364
328 384
33 55
40 44
287 336
17 220
11 224
68 282
316 388
213 402
86 353
200 315
124 130
26 148
126 265
36 240
22 222
323 377
156 218
135 448
188 349
201 347
281 419
63 339
146 380
159 171
63 387
201 281
279 360
278 443
119 148
253 320
339 430
40 156
402 440
72 119
142 418
32 345
167 181
35 135
147 297
17 187
285 290
169 367
55 121
165 319
178 386
283 410
24 134
22 427
125 399
77 400
346 420
186 442
359 394
259 347
8 275
242 412
92 427
205 328
251 355
253 299
28 312
90 215
126 414
43 175
162 336
5 42
151 324
1 45
174 352
248 453
295 327
143 345
126 184
349 389
182 434
116 429
55 135
117 179
87 287
195 410
15 310
205 291
10 51
309 363
128 320
65 344
85 292
2 192
359 381
81 323
88 364
40 175
85 278
16 162
42 385
115 350
204 365
286 382
29 444
9 405
140 436
309 454
242 419
133 409
63 323
202 275
18 28
105 182
131 448
135 446
15 312
48 327
0 252
188 408
101 350
297 384
12 296
58 82
325 438
329 390
92 253
53 343
113 440
106 113
18 21
83 237
13 205
310 418
147 246
84 422
125 206
191 320
102 295
380 434
37 442
26 135
133 355
150 210
110 145
21 187
281 340
364 372
81 273
276 355
191 247
2 57
164 383
390 428
182 239
125 212
133 140
70 225
37 433
351 453
72 166
72 96
54 100
39 421
26 450
183 416
386 454
9 95
292 395
279 321
71 162
69 429
68 69
37 213
44 172
191 276
364 371
434 454
88 367
276 406
43 308
244 406
110 339
45 94
18 415
106 269
93 314
57 376
8 253
115 199
28 82
71 255
46 276
83 444
105 346
20 62
330 391
311 401
125 304
156 192
16 392
192 306
41 150
43 133
115 397
31 435
164 277
132 142
110 279
261 294
258 391
25 75
121 160
133 223
12 434
210 442
79 443
248 343
96 370
106 243
56 70
37 116
89 434
44 175
18 29
109 134
178 198
27 437
335 356
62 349
95 421
172 451
62 141
273 277
414 443
94 405
59 451
281 411
153 371
170 341
45 138
30 226
74 209
87 439
246 283
197 278
312 410
80 386
229 292
165 450
38 395
350 405
52 200
174 368
169 438
359 455
351 435
265 322
72 281
227 251
207 391
250 436
112 261
125 367
180 242
46 351
72 393
321 454
244 375
100 305
174 378
285 453
351 454
106 214
180 263
180 420
411 414
169 372
125 349
14 157
15 32
434 440
354 359
326 393
331 372
21 43
21 23
154 430
143 226
133 312
248 301
153 421
195 339
36 267
58 347
121 351
128 244
233 392
274 296
95 401
102 445
90 448
217 367
266 292
61 62
136 139
87 323
137 366
188 261
197 298
336 392
172 411
177 432
169 244
14 213
46 275
338 392
87 183
208 399
75 300
225 424
190 421
198 243
123 440
28 253
188 341
159 202
256 331
257 259
41 113
8 156
227 260
82 321
21 334
296 358
109 443
3 246
132 257
83 381
224 332
306 378
42 406
29 291
121 355
111 390
379 400
302 342
286 331
137 244
252 337
49 392
197 436
301 450
360 415
426 443
146 191
255 393
1 231
189 430
275 391
42 361
103 176
110 408
126 194
46 384
400 449
9 152
277 332
267 372
83 377
65 113
41 106
366 424
214 220
118 266
220 247
70 85
7 16
145 325
210 443
109 208
41 233
106 280
216 263
19 81
195 415
62 125
118 275
138 230
91 309
41 201
0 327
19 365
236 283
126 396
41 268
47 347
204 280
196 206
255 321
44 342
149 326
218 301
264 341
4 223
120 288
223 318
17 445
139 322
35 183
118 165
40 280
268 427
207 394
250 337
300 362
63 201
155 376
165 442
246 323
278 346
61 244
218 308
2 218
307 359
48 55
68 379
126 439
57 387
5 125
331 339
161 361
182 452
236 294
191 319
80 453
321 437
79 234
386 436
32 45
18 365
35 66
10 193
40 123
77 183
115 211
85 133
53 77
48 320
120 435
35 303
44 358
42 301
85 274
188 318
211 304
128 269
216 356
48 223
113 304
206 430
133 295
184 272
108 334
330 422
72 82
167 416
89 424
169 450
217 221
105 140
272 362
163 421
238 282
75 334
12 79
328 397
167 288
335 351
212 330
67 138
69 187
21 352
10 270
63 353
42 290
6 43
236 315
100 195
21 204
106 268
5 257
320 424
245 455
11 416
365 428
164 369
82 231
201 203
55 99
76 375
39 441
104 382
90 359
196 204
8 246
349 377
176 419
126 149
325 349
199 278
63 311
219 309
24 56
9 188
102 396
156 395
306 342
89 128
118 400
106 221
269 293
237 247
112 378
144 394
212 282
16 101
81 114
96 269
10 67
159 439
420 452
301 425
205 332
71 181
28 206
13 87
235 248
352 415
401 428
80 371
184 209
42 228
31 154
317 390
186 210
4 88
176 340
21 119
6 168
100 426
263 342
250 437
225 402
51 264
251 399
41 80
152 436
318 400
133 379
21 172
258 452
0 372
365 446
117 278
296 425
228 268
31 389
190 385
69 207
86 114
191 381
114 416
314 449
43 180
364 413
179 265
227 331
111 291
405 406
167 371
249 256
82 214
294 354
46 266
200 389
120 364
244 338
58 339
328 358
405 434
116 288
279 392
86 327
281 417
97 425
30 44
204 363
70 377
81 193
75 394
5 372
124 154
69 254
150 213
280 388
22 263
18 241
191 199
56 121
289 379
93 179
278 287
342 379
299 393
192 393
73 299
26 175
131 445
240 333
326 375
21 24
172 297
38 90
31 294
377 423
446 449
109 202
289 315
261 280
117 138
32 365
66 175
105 175
388 417
129 156
212 389
41 281
241 352
351 421
43 249
372 409
155 394
53 397
38 75
146 254
318 384
167 355
33 203
37 453
254 367
49 454
121 328
87 128
64 240
66 104
105 267
263 336
28 254
7 22
272 320
271 331
202 339
83 399
79 303
61 65
173 410
158 370
19 337
362 380
109 192
129 422
285 375
157 351
207 445
71 288
192 281
25 347
27 126
28 230
273 344
180 235
169 277
93 135
140 421
72 309
50 276
53 100
32 239
33 185
68 111
91 342
8 341
220 328
18 356
15 48
142 259
389 422
80 446
89 453
19 139
147 383
302 436
139 426
316 328
146 424
245 263
66 345
380 437
143 389
114 173
147 333
24 446
183 212
359 427
232 277
14 360
38 200
83 262
100 278
295 441
7 27
132 383
4 351
233 382
31 41
124 401
104 342
323 410
348 385
152 455
142 359
112 151
113 234
199 281
222 315
397 437
360 408
12 408
190 409
230 344
148 321
230 404
276 342
72 110
117 321
259 391
11 359
40 56
87 340
102 398
209 295
298 442
206 454
201 261
258 399
160 362
316 382
72 195
322 388
73 128
338 431
33 197
141 412
63 293
79 292
124 226
273 366
98 153
335 436
346 427
135 150
30 369
190 418
186 211
172 383
228 333
205 253
203 317
203 422
45 81
133 306
258 259
186 288
22 258
79 375
264 376
139 400
286 357
45 49
5 204
135 316
92 371
17 73
147 244
102 348
71 302
67 178
344 409
84 408
363 441
30 59
46 72
74 315
247 329
65 426
49 130
68 270
19 59
348 365
136 235
5 203
16 308
33 412
132 411
13 246
11 187
254 394
281 374
293 400
361 422
23 183
297 413
101 130
215 329
5 347
107 259
58 298
318 354
200 300
261 395
290 415
148 377
378 399
195 326
170 240
286 452
204 261
205 295
133 422
40 213
25 178
134 406
192 265
241 273
7 338
107 391
219 342
98 278
165 264
87 404
13 191
35 189
248 422
37 149
326 408
393 441
111 168
65 224
373 408
101 387
92 122
115 342
1 300
437 455
83 415
185 428
339 446
75 455
313 324
7 149
334 408
82 287
67 384
149 412
190 191
151 269
81 413
190 321
23 446
187 201
237 418
126 266
50 105
344 361
1 227
310 445
111 348
107 289
205 404
132 237
14 98
56 374
147 186
83 249
74 273
64 297
238 389
382 393
348 382
268 273
94 228
147 287
61 304
247 252
338 353
66 130
68 158
22 440
97 185
311 397
319 427
114 388
96 204
126 453
299 429
178 351
112 376
272 289
74 312
122 281
6 435
293 312
231 366
195 414
115 165
81 256
340 417
129 146
282 296
360 418
53 383
114 281
349 355
43 315
322 357
298 447
184 427
234 245
378 382
253 367
134 194
0 185
226 445
96 436
143 254
51 180
27 448
47 419
8 343
210 292
246 247
180 416
116 292
287 338
21 154
83 85
25 401
16 339
60 265
213 390
114 218
27 192
195 201
209 315
227 440
275 393
81 169
135 220
110 159
326 339
338 363
8 336
43 316
179 376
129 180
85 332
311 411
305 332
62 140
66 174
22 295
12 29
311 362
124 315
197 316
273 422
211 258
91 264
384 438
271 373
97 147
197 374
40 163
140 241
74 83
60 357
117 204
441 453
245 316
122 239
84 293
42 387
172 298
381 422
221 407
64 195
10 107
50 153
39 423
127 160
25 387
4 166
27 185
384 440
140 249
107 296
13 352
0 261
35 389
60 92
173 320
50 309
239 333
20 373
162 428
99 206
158 179
46 327
58 245
72 238
178 445
15 298
308 427
83 356
40 386
58 358
249 418
35 115
202 400
3 259
268 367
279 324
145 176
212 436
124 324
59 304
8 325
4 290
52 93
51 406
108 303
224 335
103 241
62 213
41 59
21 112
2 124
5 335
128 136
15 343
89 248
311 357
176 417
261 442
14 397
176 221
42 54
5 240
18 51
172 447
234 357
378 444
100 257
227 237
76 440
171 390
203 253
58 118
229 366
12 238
231 248
83 162
237 257
98 216
105 244
434 437
302 408
4 418
122 326
263 271
80 322
44 378
173 179
274 336
241 338
43 80
356 449
257 295
405 441
45 164
178 300
185 408
68 269
282 311
129 325
297 412
130 146
234 285
106 281
258 407
264 384
404 447
218 320
207 452
82 183
281 361
31 357
147 307
188 410
44 190
127 394
21 326
128 203
80 288
2 358
98 131
57 60
118 235
170 312
105 283
156 191
36 410
137 342
93 397
60 375
84 344
63 368
126 420
227 285
131 173
301 440
98 275
122 303
25 279
78 134
119 291
173 309
168 337
262 337
0 314
388 436
71 92
125 452
353 442
55 398
327 333
88 252
342 346
169 414
244 411
126 299
106 359
231 349
61 374
231 326
20 41
6 17
34 314
277 383
238 302
150 268
74 376
30 189
189 228
185 395
205 300
296 332
261 332
49 329
4 83
327 335
75 119
148 334
47 67
48 222
344 401
401 427
130 450
18 64
225 328
13 194
75 363
320 329
159 404
441 444
9 227
280 428
273 430
11 222
386 455
253 440
123 288
59 325
126 246
13 89
268 348
63 207
259 429
183 367
128 347
224 358
75 442
358 445
327 340
93 381
195 356
344 440
167 403
357 380
62 324
97 170
108 437
109 204
125 192
116 232
317 345
75 229
118 123
55 298
152 170
3 43
177 385
153 296
116 121
82 366
221 306
29 429
180 371
88 112
93 200
252 429
153 392
217 313
327 400
73 446
179 347
1 438
148 455
290 444
415 437
221 378
17 77
311 343
66 297
135 305
233 384
286 358
323 419
77 304
84 148
237 346
365 400
116 255
171 202
3 341
57 405
216 346
208 239
102 234
355 448
379 426
52 361
11 294
49 123
182 197
216 445
142 219
188 396
318 335
162 373
339 397
212 281
111 320
38 323
220 386
88 146
166 343
268 369
73 317
127 260
88 354
64 404
111 297
42 436
128 354
89 115
127 419
315 444
58 273
218 430
302 321
27 277
120 242
339 405
19 256
181 340
74 255
10 39
41 115
210 342
43 88
242 438
65 119
134 291
411 439
9 200
145 216
41 295
53 283
208 233
102 418
218 402
88 126
52 134
27 233
296 422
85 191
114 121
92 443
263 279
180 232
220 416
104 115
345 432
51 224
53 86
12 426
68 406
117 231
74 251
145 384
187 341
308 394
185 242
12 375
244 382
79 288
21 320
190 333
34 116
135 388
186 235
146 271
103 228
20 83
42 66
236 377
95 292
132 141
6 324
20 376
189 364
58 423
346 441
251 373
183 399
104 356
173 191
75 98
416 428
122 256
389 394
20 337
314 411
25 267
24 280
273 357
62 363
1 82
206 344
162 422
137 325
71 81
249 294
88 150
222 257
110 163
351 428
21 53
287 451
137 251
63 389
408 427
176 180
222 252
96 278
93 217
39 219
139 161
244 249
298 421
316 413
149 418
223 426
414 438
18 108
375 407
63 262
226 319
51 151
239 342
231 408
34 439
146 399
282 437
206 449
181 217
413 446
156 385
332 383
154 251
271 277
116 398
240 320
103 165
195 207
74 404
26 255
238 357
307 425
71 206
134 333
248 331
75 181
2 233
269 320
259 349
39 109
65 223
114 323
356 436
109 229
84 143
8 171
176 266
42 128
35 445
47 255
71 114
278 372
129 385
207 451
22 182
70 92
88 317
176 220
36 69
111 443
37 262
293 331
6 175
112 193
308 357
95 360
25 302
45 87
26 106
281 365
45 306
30 381
124 171
282 289
253 311
42 43
205 387
94 447
273 338
106 398
133 271
159 205
18 370
64 88
69 108
51 164
220 366
43 378
50 98
39 218
22 66
184 223
277 339
329 439
94 262
148 225
223 297
104 249
20 391
88 324
48 96
8 231
55 64
129 154
276 327
131 256
32 390
5 269
37 395
129 389
254 399
175 361
33 129
244 448
276 348
167 360
24 256
295 385
202 281
203 301
204 430
103 356
59 185
51 328
7 407
288 330
101 421
11 157
82 361
88 231
88 329
26 358
230 254
149 200
285 447
100 368
92 335
49 331
164 370
214 221
228 319
242 375
132 325
236 454
319 375
208 246
19 108
346 426
77 130
36 64
54 135
198 210
352 431
372 445
3 35
9 273
29 443
193 350
280 448
127 223
207 376
40 245
24 62
364 402
94 146
140 264
105 248
194 322
20 79
1 334
301 379
60 81
167 446
34 150
135 426
417 447
9 129
157 248
47 147
95 136
11 284
124 162
79 277
100 145
198 375
323 443
199 411
0 399
182 249
61 92
189 236
25 235
324 358
287 447
91 334
202 447
300 370
311 385
214 260
198 360
265 370
416 443
199 372
184 277
157 312
81 157
393 412
99 454
171 247
257 289
410 431
71 296
6 413
119 336
152 202
31 347
239 261
246 436
142 164
364 445
38 84
148 384
270 272
83 374
241 322
27 93
248 335
176 294
296 441
37 142
25 108
16 292
272 365
2 352
129 132
15 227
373 383
354 402
163 423
25 70
45 423
12 449
303 402
291 446
52 173
239 448
14 75
360 432
194 260
48 322
351 452
76 421
258 431
135 379
354 403
319 352
321 385
5 112
43 64
294 411
201 356
206 230
18 146
55 294
133 371
197 339
48 72
99 274
115 281
66 269
199 240
392 434
40 131
263 296
35 197
265 390
165 287
75 434
146 361
145 196
176 342
214 417
252 263
182 318
280 308
81 322
18 373
34 309
292 389
7 39
11 85
268 342
57 162
250 289
269 324
0 403
311 393
4 7
100 117
379 387
163 455
172 425
83 186
136 270
302 320
15 425
90 392
198 412
351 382
162 386
94 129
134 137
277 306
4 190
2 195
44 129
67 173
174 441
127 253
225 350
192 198
350 370
94 318
194 329
72 413
59 95
6 293
57 157
28 251
332 430
47 106
271 384
348 374
241 454
295 377
194 267
72 132
188 320
276 384
71 342
370 401
19 176
101 298
143 326
200 383
213 379
181 278
30 433
303 418
19 342
254 430
16 424
350 394
281 408
153 158
156 347
120 414
162 212
91 229
18 200
148 243
157 371
57 77
170 290
114 295
114 187
205 262
6 112
13 14
407 412
197 336
14 353
105 181
137 375
84 435
110 358
135 404
117 450
224 327
205 315
278 434
350 452
83 323
295 333
163 373
12 305
193 423
22 298
50 437
110 187
62 132
127 318
168 388
168 445
190 455
300 347
53 325
188 232
45 389
318 428
222 325
177 375
257 329
303 398
10 24
327 452
352 408
123 326
409 411
225 278
143 222
139 178
173 202
66 376
12 254
221 287
16 213
217 387
44 165
5 262
342 455
95 112
132 278
152 379
258 426
397 451
290 295
169 441
132 225
35 366
308 408
99 247
96 241
229 237
84 109
24 154
392 426
27 164
174 401
68 244
197 385
1 130
204 277
47 308
128 208
140 169
158 195
171 315
307 394
246 267
250 263
242 410
40 81
268 430
124 300
206 231
8 51
39 286
127 190
74 147
77 384
178 320
392 454
46 203
153 408
48 421
147 305
218 414
255 325
18 390
76 351
90 174
90 295
114 363
249 336
53 253
275 365
1 106
33 304
142 278
235 434
393 395
6 301
37 402
380 452
365 393
8 451
172 232
107 145
249 443
213 412
9 207
143 391
353 407
265 336
115 319
47 237
346 401
163 448
296 399
426 454
84 103
251 405
252 436
106 222
178 369
87 253
48 78
51 430
16 45
67 325
183 357
268 441
149 415
171 362
233 434
99 382
48 160
178 274
51 54
138 403
208 273
45 220
327 347
344 368
356 447
68 331
281 311
40 51
6 244
168 296
71 369
2 345
80 347
278 444
170 200
86 393
87 204
120 155
67 385
352 440
76 420
46 425
247 449
239 318
83 240
30 326
20 73
96 322
88 279
201 280
45 54
112 402
156 337
138 341
272 340
118 396
259 323
2 105
12 71
13 88
219 275
63 296
394 448
17 216
330 367
40 274
206 374
31 96
209 413
129 391
26 374
262 292
175 372
294 306
324 403
42 176
42 175
295 406
128 264
273 433
219 431
46 120
127 300
0 36
232 250
78 252
111 409
8 169
253 400
44 155
138 321
184 369
195 338
68 431
12 370
9 376
133 153
331 404
16 352
58 366
185 383
55 219
93 298
331 391
254 451
82 304
35 117
153 322
78 118
32 309
39 117
244 431
60 301
298 444
50 275
106 409
17 326
217 451
315 414
82 303
75 155
172 237
78 263
99 334
213 343
160 319
54 180
1 447
343 440
29 55
145 303
129 448
48 282
47 312
251 304
39 384
49 378
112 257
230 333
49 371
129 349
414 435
58 238
160 394
347 374
34 117
206 331
196 443
279 431
174 229
81 447
37 232
401 439
249 350
383 422
40 260
221 400
172 290
197 290
219 402
228 235
42 81
157 262
333 384
206 395
371 454
356 442
269 365
207 387
330 331
14 402
74 337
41 425
156 266
344 444
56 124
84 94
285 396
111 170
97 275
57 61
240 436
22 191
82 436
250 412
116 187
2 12
325 328
237 253
78 204
14 412
241 288
38 92
421 438
333 362
58 299
28 43
229 258
62 202
396 450
169 437
356 390
183 326
299 325
31 219
163 327
145 287
209 215
299 417
3 426
73 393
119 130
96 188
77 377
146 336
9 84
128 366
134 327
145 245
11 382
104 111
37 386
118 382
175 184
128 433
152 289
158 193
112 422
320 342
263 331
248 294
220 225
3 427
268 424
45 284
100 410
5 150
102 120
133 225
105 219
78 264
44 289
213 274
106 365
75 178
250 293
387 448
169 256
173 180
95 349
26 36
26 228
332 440
60 387
338 397
350 404
143 369
140 188
178 248
402 451
216 338
402 415
234 296
337 356
63 179
189 450
114 132
61 112
443 451
359 446
57 350
117 429
382 399
80 226
68 241
22 106
65 380
203 440
130 410
23 331
77 425
16 370
141 187
7 259
236 383
266 340
138 267
0 78
178 284
3 160
433 450
152 194
172 450
343 384
329 443
271 346
142 166
258 286
243 359
135 317
58 243
245 262
162 235
73 88
2 325
140 297
130 285
264 294
31 164
70 230
447 448
54 248
247 292
150 393
385 421
340 388
281 325
189 354
26 218
98 384
44 301
330 387
237 402
3 384
174 217
27 342
218 348
162 453
4 321
34 212
358 415
102 251
249 345
160 190
385 399
268 328
81 107
46 148
311 447
43 292
270 304
226 344
281 432
16 19
180 436
180 451
94 384
62 433
320 336
268 455
323 384
30 375
162 359
23 236
175 370
231 348
301 365
69 399
114 213
197 245
78 182
100 324
66 395
113 280
397 403
55 354
53 318
1 406
368 421
79 368
163 194
395 399
46 245
22 201
150 229
8 238
315 432
181 268
294 443
61 109
113 117
329 341
399 420
293 433
81 121
0 27
85 163
61 331
275 390
29 140
10 128
436 447
434 448
52 271
105 358
222 393
167 336
24 88
47 241
56 295
114 186
44 393
362 449
1 434
183 375
51 314
233 370
84 239
85 367
2 342
72 380
43 68
174 184
284 288
240 330
26 186
201 299
364 406
27 308
226 443
332 385
143 239
82 220
178 434
180 281
64 76
222 347
350 367
39 89
253 449
145 439
59 400
23 337
326 405
147 380
373 384
42 111
260 361
51 65
54 376
214 432
188 270
151 247
122 126
279 361
36 319
231 427
213 307
101 443
115 415
331 450
356 381
112 116
178 448
238 406
70 446
7 430
81 160
383 426
102 230
222 438
83 383
5 397
235 269
227 259
4 279
293 427
39 76
150 362
55 171
177 395
41 393
149 288
110 111
236 306
173 201
233 378
129 432
273 319
43 264
117 431
42 231
135 198
365 371
157 388
211 257
192 394
44 238
127 326
63 65
0 377
127 278
3 253
133 191
83 395
227 278
166 421
123 311
48 433
14 429
228 452
32 316
177 314
140 336
223 319
50 118
193 273
366 393
306 307
56 316
42 217
142 398
108 435
29 146
259 276
363 438
110 271
327 329
249 254
134 374
115 310
14 62
36 321
167 316
320 347
283 396
238 254
0 137
135 296
311 352
8 453
143 241
56 69
72 206
38 179
139 408
201 424
316 417
107 130
47 375
336 356
8 250
1 303
65 422
46 433
419 444
383 387
22 372
193 376
13 215
395 424
6 109
158 362
381 383
184 354
88 242
349 359
152 400
174 252
45 425
99 329
312 371
78 363
156 184
297 405
77 407
32 51
237 347
65 155
265 350
212 423
17 321
26 411
210 344
81 393
35 177
366 367
255 276
106 417
239 430
269 442
157 289
100 123
121 427
25 145
217 422
160 192
151 186
249 250
220 405
18 432
111 177
15 161
14 257
192 215
41 58
295 355
120 330
207 371
216 276
369 405
87 328
369 381
7 211
87 196
188 438
55 215
162 211
183 418
240 295
426 437
173 445
250 285
133 178
46 392
233 425
344 387
285 361
199 334
99 313
28 124
110 435
124 151
103 423
1 23
64 171
193 337
174 186
10 398
123 179
239 275
309 438
168 275
201 375
368 396
131 329
180 443
13 213
131 343
19 215
127 383
39 91
123 256
83 387
396 423
359 433
129 265
0 394
66 215
378 453
64 193
92 185
68 404
284 374
333 440
253 386
56 386
270 285
72 117
68 302
191 222
340 390
260 427
390 444
262 351
184 309
247 414
314 407
28 200
141 404
18 422
53 315
27 207
113 248
22 340
11 43
236 241
221 399
126 267
155 263
61 427
115 231
46 396
210 321
272 435
389 439
333 404
144 282
112 152
91 190
136 334
8 351
0 14
161 176
330 405
261 424
317 450
32 104
150 348
201 447
387 406
177 442
31 173
210 435
250 387
81 226
130 219
88 185
204 445
2 62
15 167
170 388
211 275
128 262
11 412
8 49
147 409
94 292
298 378
5 201
29 268
88 216
300 349
247 440
21 361
28 421
364 434
44 439
73 278
154 345
161 179
220 359
68 164
178 185
252 432
204 446
384 437
225 280
170 302
260 330
58 400
48 215
397 433
65 280
107 129
128 438
262 317
29 202
270 343
198 433
90 348
82 449
104 166
198 223
23 302
349 451
268 380
99 105
66 247
51 300
213 288
107 191
358 450
379 407
176 320
53 133
106 110
176 362
96 283
206 283
315 319
18 104
113 314
120 453
341 389
296 378
28 182
116 285
55 122
161 183
126 400
54 351
296 394
293 447
55 130
18 55
86 394
365 405
214 391
31 52
61 342
198 289
163 340
227 398
320 328
87 191
13 263
27 69
279 427
18 317
188 315
21 98
112 353
122 297
354 414
183 380
129 431
216 450
171 307
30 220
22 257
277 329
397 416
174 409
66 97
197 309
25 226
173 337
32 214
183 214
54 218
301 372
145 174
122 134
349 392
357 369
202 294
370 408
218 228
171 239
122 426
146 268
131 327
77 343
89 359
76 360
4 282
43 179
256 313
5 115
65 303
202 414
32 202
191 347
78 290
268 396
68 317
177 230
266 406
50 291
254 368
109 223
62 129
24 366
196 218
129 213
110 344
84 289
51 294
285 426
91 307
112 432
342 426
192 343
70 206
218 250
38 184
131 281
107 165
96 305
32 440
24 379
29 311
220 324
197 244
203 354
93 227
157 224
189 404
181 433
98 245
170 444
86 413
0 250
7 53
71 259
60 152
58 326
93 356
344 422
324 410
289 333
87 136
278 337
262 264
116 308
92 216
217 437
17 68
200 327
249 357
273 395
172 173
149 262
316 384
235 305
344 371
220 312
108 191
117 180
281 354
49 75
49 377
78 285
232 280
38 91
341 342
160 376
426 446
369 411
37 75
194 440
336 455
259 397
232 346
122 290
59 402
47 234
16 136
127 141
138 241
35 315
187 202
146 272
271 322
148 232
293 451
228 286
27 447
267 436
182 281
234 258
316 331
31 44
117 442
58 306
179 330
392 398
56 383
189 451
52 305
148 425
367 453
9 168
140 403
209 249
163 269
253 331
99 363
296 390
67 82
429 441
7 206
31 192
182 278
333 406
24 54
153 202
12 266
247 454
94 396
332 360
310 364
169 379
40 93
22 35
102 403
139 338
166 202
236 246
27 271
140 239
44 323
73 367
162 446
98 330
199 402
315 369
132 344
118 246
33 51
96 327
86 206
5 80
98 126
329 358
148 198
15 342
197 284
35 405
424 453
81 231
85 93
118 361
18 140
227 423
19 280
120 232
127 174
81 237
30 49
173 318
129 288
149 386
410 443
46 422
89 202
70 455
64 102
147 388
19 168
130 221
160 339
297 305
296 355
74 229
6 27
232 369
165 392
32 155
67 69
250 454
6 103
269 352
5 143
115 217
16 185
259 385
17 76
357 448
214 387
262 382
70 311
44 199
207 418
30 235
51 113
47 450
189 191
202 451
132 246
77 261
117 455
130 376
39 70
285 310
12 451
235 325
89 211
15 129
9 71
0 193
37 380
164 287
36 365
190 255
7 29
182 352
176 434
170 373
7 90
84 183
120 352
139 371
328 349
106 391
106 115
356 406
316 398
17 223
356 382
269 361
14 408
249 293
69 208
108 261
67 89
38 195
49 433
264 309
126 364
18 429
174 261
52 412
25 215
31 222
61 284
21 171
9 189
58 271
258 279
38 358
75 431
286 371
99 401
109 410
71 432
310 380
249 333
201 430
100 403
245 387
410 437
299 414
65 104
86 445
2 336
71 160
155 449
257 277
147 368
273 354
52 148
189 279
27 319
358 367
351 440
104 151
54 268
16 257
187 324
67 425
383 399
214 301
86 450
223 260
76 175
140 314
24 197
161 414
232 297
269 372
205 287
105 112
411 417
10 360
248 447
219 440
244 449
109 172
390 451
223 339
24 248
37 347
204 313
91 163
59 132
89 423
5 32
95 322
67 184
178 255
36 372
284 418
68 252
82 156
264 366
36 124
137 167
244 282
77 332
221 249
134 319
104 325
127 380
371 376
266 395
81 337
102 115
368 387
192 425
240 454
367 410
91 326
170 299
207 342
71 414
79 177
62 138
141 306
96 362
137 173
98 284
89 346
72 321
120 172
241 447
161 245
9 272
183 199
143 294
57 142
21 364
376 424
417 449
40 279
148 359
47 311
125 205
63 240
96 249
96 151
228 349
60 345
297 315
250 419
172 365
31 418
12 339
