403 5387
143 224
146 305
181 257
51 308
287 397
29 37
159 384
103 372
284 323
310 394
98 244
4 138
18 91
7 401
235 373
82 101
90 217
136 360
234 388
44 237
126 382
316 350
28 121
46 325
4 179
69 188
0 169
78 309
62 225
60 349
310 378
294 299
161 366
284 393
73 90
1 292
6 263
125 137
58 279
201 257
204 257
60 284
19 70
28 266
64 321
165 278
201 319
34 213
267 273
260 328
231 324
346 380
140 210
60 289
16 88
84 345
141 332
108 289
149 367
82 84
220 298
125 197
301 315
43 162
202 396
23 73
55 280
124 368
38 213
91 272
109 322
325 362
87 386
135 260
67 171
341 386
161 272
86 391
258 380
49 301
71 169
57 182
199 226
96 110
171 333
52 335
108 393
243 348
128 182
90 243
85 242
127 285
378 395
21 352
226 349
43 389
125 389
37 141
123 255
117 240
64 243
205 310
188 322
55 239
119 277
158 183
136 147
0 237
188 340
252 386
186 332
116 247
190 306
274 330
204 233
78 268
225 296
85 99
98 264
61 214
250 340
97 271
8 393
37 338
88 310
165 175
8 243
89 296
344 381
21 76
8 20
181 279
102 160
25 389
206 330
52 356
128 395
95 305
222 246
190 297
154 324
173 270
136 277
123 220
27 318
11 97
131 166
75 269
6 396
23 186
85 360
249 285
103 151
230 248
37 402
181 397
39 196
13 152
28 92
149 398
113 312
256 298
177 354
250 377
47 133
39 153
370 395
304 394
58 306
14 128
89 372
10 361
136 345
336 377
104 179
330 387
10 164
64 128
123 200
62 312
52 349
180 305
96 155
251 331
158 234
108 132
82 367
161 258
145 394
97 217
239 297
123 204
189 241
6 78
127 328
56 92
25 281
128 368
84 381
363 389
324 378
76 376
165 341
58 60
26 390
129 224
19 133
59 167
287 302
212 304
173 236
175 391
139 283
305 358
170 300
73 139
194 331
30 110
31 388
173 267
327 345
360 367
151 327
39 55
64 383
9 151
228 341
115 248
16 44
25 283
101 245
17 73
338 346
104 263
243 289
51 321
97 269
65 183
269 392
281 373
341 383
41 233
78 399
334 370
117 263
91 146
16 254
240 398
137 341
12 66
36 138
67 92
215 341
166 398
150 388
115 313
180 234
148 221
166 168
135 393
304 383
276 329
8 399
90 354
205 394
141 144
80 209
138 227
309 333
27 137
5 76
121 263
325 336
47 125
363 383
52 179
13 31
34 148
173 401
266 292
161 287
81 390
107 156
79 343
60 221
317 322
22 206
269 384
176 287
44 286
207 324
98 294
133 372
111 371
21 275
197 381
170 212
161 396
182 366
95 365
3 140
304 365
242 246
266 398
132 192
292 396
90 214
1 348
21 263
54 133
55 398
265 298
195 265
198 295
186 295
53 332
226 392
177 309
229 279
149 337
166 353
93 233
75 194
38 273
175 194
90 113
340 395
47 108
42 305
22 176
0 366
129 284
33 159
110 261
204 258
227 247
82 326
204 377
320 335
234 352
49 219
238 354
355 381
158 271
164 181
92 235
40 189
51 361
232 244
187 341
66 261
91 394
313 359
1 353
15 330
307 326
25 110
130 139
88 241
290 304
284 347
44 266
33 400
319 398
67 305
93 238
147 187
6 357
236 261
150 318
280 381
212 268
157 200
119 389
94 161
4 184
310 367
114 264
41 319
169 213
145 203
195 390
362 391
227 359
348 358
76 136
172 331
242 319
134 375
214 268
74 218
362 381
233 372
119 131
14 276
275 394
40 93
79 187
148 261
34 204
215 267
99 358
71 283
13 178
69 175
37 331
141 251
131 315
116 182
51 313
322 363
201 383
208 401
10 126
283 327
75 100
106 399
96 299
307 393
242 368
95 172
190 277
250 271
177 382
244 363
162 230
201 233
74 78
94 262
208 291
337 347
50 396
174 299
17 186
14 331
164 278
19 312
50 164
299 310
217 397
314 321
197 261
177 323
271 344
70 320
118 383
62 339
66 324
5 229
57 292
103 192
147 263
160 313
46 85
222 363
45 298
59 110
69 268
56 83
36 156
182 383
31 123
11 340
359 393
90 132
82 264
11 291
15 89
14 339
11 319
58 168
90 252
6 139
330 369
196 199
202 314
96 197
4 343
179 287
173 297
134 306
61 325
70 326
120 274
215 371
145 368
33 329
142 288
55 271
17 202
124 208
13 121
18 309
332 393
127 155
52 127
69 306
33 142
63 140
35 167
262 336
357 367
77 153
63 305
48 316
230 321
63 339
130 225
212 385
162 231
352 383
15 216
113 276
205 385
6 321
193 240
285 330
71 277
111 358
319 329
358 360
20 253
230 297
120 334
226 258
187 370
99 352
309 352
34 98
86 299
177 311
220 346
196 325
0 56
167 211
1 246
240 278
46 283
67 235
29 247
64 162
343 373
30 35
181 315
106 212
370 386
63 132
90 204
158 279
2 32
281 371
88 224
8 232
152 167
211 368
246 275
67 395
45 201
210 269
109 130
139 296
281 341
39 159
282 319
13 232
107 249
94 100
68 116
254 267
209 233
208 232
109 362
341 358
68 96
376 399
41 357
185 261
257 357
149 378
248 249
159 175
262 353
42 205
64 106
248 373
45 364
4 159
335 366
166 354
79 285
66 94
7 283
98 278
148 160
22 293
42 94
282 398
34 189
115 398
194 296
298 342
283 363
20 283
63 150
8 104
39 50
136 274
191 395
131 304
211 244
105 295
289 329
295 368
101 123
151 331
37 353
304 345
17 118
83 347
158 288
135 227
52 82
75 107
316 392
99 238
91 276
100 344
229 352
66 211
149 192
38 376
44 296
64 283
287 301
83 179
79 350
226 308
65 212
12 334
101 337
93 388
66 269
168 175
125 146
271 315
177 366
34 200
177 373
12 193
74 145
64 112
128 366
104 377
9 165
202 222
41 398
86 318
205 227
16 136
153 203
30 354
81 146
68 171
129 382
238 337
84 187
110 340
222 312
258 309
116 145
43 62
23 60
152 223
94 365
135 360
130 262
135 283
57 98
132 150
201 309
48 152
58 184
35 246
113 320
36 252
233 257
111 114
20 82
85 217
9 108
42 206
33 134
8 251
147 368
62 372
167 176
80 88
182 209
200 237
168 379
241 260
235 349
226 391
62 324
235 359
18 264
237 253
126 386
337 399
207 302
151 326
16 212
200 322
151 195
97 172
112 228
217 285
146 237
123 362
234 400
23 238
136 340
32 241
291 366
9 271
8 289
99 308
289 374
355 366
123 381
5 272
230 357
88 398
202 358
224 257
79 382
112 393
58 66
246 309
50 366
20 84
53 58
135 256
163 235
112 179
124 382
241 242
223 248
247 338
92 392
286 324
102 185
193 276
40 379
122 148
80 162
115 399
123 189
259 323
40 381
16 146
98 350
129 279
238 319
241 401
218 277
59 89
193 233
57 183
73 341
121 204
316 395
173 184
216 275
7 123
56 118
13 375
45 115
288 306
75 323
196 383
238 378
186 280
317 367
26 327
53 266
241 371
219 304
166 304
100 181
70 139
58 383
93 100
1 365
195 358
102 286
223 284
126 128
66 377
139 352
80 385
311 324
229 384
20 396
1 402
102 153
287 315
40 342
189 347
289 313
86 88
130 226
99 400
59 316
148 332
85 136
244 367
193 238
128 294
63 283
73 109
22 125
62 67
37 170
76 134
200 236
195 354
173 259
83 278
74 195
59 385
149 351
323 367
193 361
243 344
179 190
167 347
159 186
353 380
100 398
147 375
78 250
56 316
146 268
42 223
150 283
53 168
42 125
174 247
30 366
14 380
343 374
126 261
68 332
139 266
106 257
166 254
258 302
231 235
65 214
24 129
108 348
36 393
342 356
289 388
212 378
295 389
92 364
256 260
61 338
11 245
157 353
260 351
346 353
86 237
155 205
101 352
129 212
91 265
141 236
112 149
157 333
252 344
165 178
117 306
55 164
58 113
9 146
108 165
92 181
57 332
9 109
244 253
44 329
136 368
272 328
102 295
179 243
268 400
91 215
332 345
83 242
247 306
52 93
267 375
140 214
12 294
304 335
36 146
128 289
54 192
112 396
94 398
107 393
144 146
124 354
153 329
159 344
45 175
65 343
5 304
71 144
142 315
167 238
9 354
70 268
270 325
257 359
163 375
96 314
98 275
91 224
66 152
249 288
42 303
305 313
9 288
169 289
68 167
16 56
109 267
166 320
270 334
150 284
58 364
106 380
5 38
122 150
327 376
104 320
119 281
179 219
105 236
239 314
93 214
54 211
190 360
20 71
191 329
180 184
308 341
46 92
276 277
1 52
93 186
21 297
387 397
147 223
39 91
35 343
216 326
14 336
227 256
110 345
73 368
38 311
181 272
31 240
8 201
28 368
14 188
243 379
29 348
320 374
93 107
24 216
313 382
70 391
227 274
94 372
1 344
16 334
353 396
9 250
130 398
199 394
195 249
53 402
58 273
45 355
257 300
186 379
46 383
275 391
159 244
160 265
294 401
101 119
370 388
283 375
145 386
302 359
189 304
270 370
170 306
248 287
81 229
198 281
79 344
72 200
1 319
57 185
64 71
133 162
83 357
294 340
104 396
179 235
3 90
273 396
8 274
300 379
89 152
70 200
298 378
55 355
130 215
108 332
186 235
75 111
181 362
166 392
3 360
56 84
24 87
293 400
19 264
61 228
126 311
64 130
190 212
164 402
314 332
236 250
28 220
37 261
16 151
382 395
249 323
110 223
107 148
255 389
129 370
24 279
161 291
204 256
62 194
147 200
328 368
236 247
312 376
179 230
135 213
126 262
90 164
290 374
182 258
276 324
233 373
175 274
34 363
97 265
249 252
70 83
45 241
127 338
187 402
39 278
71 136
160 271
176 285
150 326
202 255
269 364
321 345
136 267
4 78
92 328
182 386
119 397
148 380
92 402
99 292
239 371
131 273
272 277
60 324
57 239
160 228
180 309
116 394
136 236
236 314
332 399
170 324
120 147
166 396
168 205
253 400
73 115
114 242
66 188
243 326
254 350
94 266
156 310
259 387
5 55
9 356
357 396
47 308
130 357
58 361
287 387
121 378
59 357
149 332
307 358
62 319
96 209
340 376
202 356
7 350
53 147
117 365
139 158
54 371
296 308
179 286
182 352
45 244
68 269
70 118
67 223
62 186
66 181
147 233
12 203
13 269
17 115
83 173
131 328
122 176
151 285
356 374
17 319
161 304
197 225
107 146
89 336
31 150
292 348
14 100
80 186
58 340
32 353
162 313
262 339
39 397
106 137
19 158
54 335
298 319
252 393
50 62
199 228
109 212
49 343
67 168
52 288
17 328
348 396
37 41
127 293
28 268
72 212
73 315
227 355
151 251
3 16
83 369
24 262
144 230
74 376
100 231
36 131
203 285
38 106
122 163
129 374
62 164
15 47
131 179
6 152
286 333
44 295
173 329
92 391
6 216
86 166
286 303
5 279
48 50
224 282
36 229
349 379
111 402
25 225
144 290
13 52
158 309
37 224
74 182
5 66
251 294
95 203
91 123
71 215
12 352
47 367
74 192
162 302
34 135
90 368
61 185
1 275
48 151
124 300
210 392
50 379
147 340
22 378
163 272
41 315
125 274
188 264
239 246
10 116
109 191
201 398
108 371
83 255
71 179
211 306
287 335
218 327
7 113
303 354
295 392
157 274
340 362
341 378
207 345
366 398
112 120
272 375
145 305
77 78
59 181
300 365
43 339
59 73
98 331
38 180
33 38
70 256
110 265
257 330
69 251
62 196
147 289
299 320
1 126
205 387
246 270
20 319
289 373
68 165
58 311
126 165
88 322
293 319
64 380
312 387
37 64
184 240
370 377
294 381
23 388
300 308
192 211
167 175
68 150
138 294
210 394
217 380
90 102
275 386
332 371
201 341
97 370
151 276
51 53
46 400
131 399
160 393
151 188
87 277
111 224
59 108
92 239
23 320
51 62
12 197
139 310
232 241
220 237
215 233
37 100
46 112
43 128
228 399
213 380
45 112
350 400
134 158
87 213
187 267
230 339
121 169
55 196
21 106
8 170
129 205
188 335
14 351
247 263
139 192
53 144
77 345
60 233
115 128
269 380
69 144
25 382
80 168
23 247
129 178
142 196
165 201
112 332
211 215
59 130
52 136
12 391
4 175
1 256
25 164
80 167
18 206
63 302
12 219
187 337
172 255
115 322
266 388
80 147
16 342
103 214
270 322
164 393
9 95
188 299
61 177
256 320
185 237
89 133
131 397
0 47
69 386
15 240
177 275
50 58
128 288
139 368
61 152
286 370
184 321
27 337
105 289
1 131
80 276
154 312
16 48
105 334
77 182
250 394
33 389
111 234
12 362
233 348
125 342
85 308
23 93
276 292
161 236
188 385
8 295
10 294
45 62
27 146
22 356
115 237
162 211
302 350
85 87
8 131
114 202
27 230
65 332
170 203
249 255
284 362
103 207
37 258
128 275
50 381
52 88
147 328
13 255
266 367
177 198
58 353
15 201
264 308
256 372
183 373
25 82
194 367
65 269
36 47
204 292
173 291
24 295
13 34
132 146
188 316
46 220
20 47
44 122
242 380
107 208
126 253
127 270
178 222
380 388
331 332
2 73
201 389
148 219
152 196
40 357
70 189
109 326
366 383
194 309
96 361
339 398
245 357
196 297
208 293
283 310
14 106
168 252
21 392
55 374
251 257
83 341
100 290
107 306
228 251
131 149
310 315
12 173
188 326
161 170
84 87
34 307
336 356
63 343
180 319
42 168
143 278
227 255
93 225
71 388
317 396
262 286
64 285
165 339
187 326
341 392
370 373
95 207
122 162
147 170
149 364
16 397
134 238
142 212
225 253
43 330
150 360
112 201
74 287
214 283
145 181
195 368
354 384
65 391
59 307
176 396
209 382
332 375
186 250
53 198
9 337
118 174
4 165
182 394
91 181
235 318
64 330
29 77
258 308
73 282
144 329
20 129
106 308
118 353
90 289
184 205
231 321
82 198
202 360
130 331
242 324
23 91
84 179
95 209
116 276
265 328
125 295
118 149
128 381
23 80
85 343
11 271
180 292
70 401
119 305
47 391
76 153
356 398
45 389
295 399
246 360
179 296
252 314
385 402
314 365
197 396
204 225
129 346
98 359
30 145
212 366
112 345
109 300
93 194
68 89
257 372
137 169
159 316
136 389
79 275
148 163
37 305
133 382
231 402
187 277
220 378
154 233
19 145
294 318
8 314
73 259
21 114
25 299
300 331
47 226
88 352
15 233
180 201
110 290
114 286
9 276
274 359
179 381
114 341
124 229
0 304
185 388
24 217
243 402
113 171
42 51
117 182
246 260
129 147
69 112
40 200
119 336
73 343
23 278
116 136
84 254
12 372
176 210
2 49
21 142
65 281
18 136
348 376
116 357
13 59
180 399
72 372
31 349
73 153
262 280
334 344
79 257
294 387
128 306
25 113
33 54
88 236
13 345
130 374
45 395
120 160
103 155
9 179
27 389
171 285
245 256
119 265
127 219
148 327
17 255
271 397
196 258
24 290
157 329
74 297
31 195
202 274
123 163
115 171
193 200
38 240
76 120
144 207
77 248
18 184
306 367
48 113
313 371
126 347
188 212
292 352
142 228
69 250
24 116
143 225
37 70
178 302
111 306
183 401
193 394
314 318
72 292
51 348
199 210
187 199
231 262
309 373
48 88
112 235
7 71
96 280
307 383
328 349
239 288
224 275
174 219
102 141
256 395
156 223
101 344
118 200
12 354
0 158
2 312
106 197
21 256
144 288
78 339
126 325
233 285
208 372
303 376
135 289
259 377
87 334
20 268
68 178
5 315
55 83
266 277
153 373
190 265
182 303
138 141
115 378
79 254
205 236
29 216
106 179
276 389
273 335
141 200
48 128
68 84
239 346
65 112
24 132
211 224
73 300
14 129
4 154
150 254
16 313
48 184
117 135
24 198
13 206
10 173
88 268
42 211
18 58
195 370
69 316
0 342
257 370
195 293
273 355
102 104
257 303
114 320
85 209
188 278
4 314
197 288
84 326
66 265
141 239
165 220
62 320
208 369
179 292
30 272
136 144
70 125
208 266
25 208
30 197
56 236
108 359
209 378
13 170
301 322
170 388
41 135
209 260
150 219
312 366
82 228
75 147
150 348
288 326
23 178
292 382
43 100
81 346
157 256
324 327
6 128
11 111
98 169
8 38
176 199
41 79
27 100
123 187
41 228
195 351
258 261
145 332
142 153
53 244
164 201
23 252
9 65
78 123
207 300
115 170
38 94
86 377
169 284
26 105
71 310
86 319
225 300
168 337
132 386
253 362
127 399
11 34
92 291
146 154
66 171
245 255
186 230
97 340
237 379
333 348
202 393
55 246
328 333
10 293
168 206
149 176
35 220
2 63
267 351
67 262
201 299
46 312
278 387
231 399
167 298
27 76
158 216
104 236
13 166
162 274
152 173
16 30
49 327
31 82
72 74
67 209
177 214
259 260
341 349
220 302
17 354
2 272
71 148
49 95
72 120
118 348
345 368
177 206
36 172
157 198
150 170
108 210
233 364
67 214
223 239
164 276
15 358
44 324
109 164
321 376
39 66
308 352
180 189
100 265
119 343
142 291
206 342
231 328
148 162
239 356
103 265
111 206
83 275
270 346
63 378
224 308
153 244
251 321
41 373
12 342
126 152
390 395
75 306
134 348
42 329
11 357
47 284
215 348
141 306
51 319
140 236
121 140
118 233
289 304
204 250
78 332
267 348
153 298
67 84
170 314
83 142
340 346
111 210
29 342
120 319
78 397
7 141
310 395
140 299
186 298
87 104
227 331
167 336
167 180
9 320
143 202
317 356
296 303
169 335
256 277
63 394
304 401
50 55
117 144
126 219
128 344
163 307
159 307
111 159
45 387
104 257
105 152
268 381
50 213
22 391
122 261
197 344
21 225
223 397
326 384
264 385
43 173
278 366
323 334
47 209
176 333
77 178
77 386
219 232
14 200
309 393
57 228
257 269
134 171
183 233
165 355
169 390
330 331
199 291
219 310
60 308
218 359
179 302
66 186
19 151
63 265
13 89
83 161
182 234
244 287
41 241
39 122
52 304
60 149
78 122
127 201
46 94
18 295
170 264
62 275
125 164
58 400
52 259
185 264
102 319
157 172
31 134
282 287
100 297
305 344
280 318
204 324
28 261
5 274
63 361
254 290
86 255
214 225
25 84
112 240
103 114
205 247
69 166
7 15
140 208
89 180
89 379
73 234
323 397
91 169
6 363
62 178
298 313
16 279
107 316
11 35
83 203
128 234
74 86
346 389
179 345
202 251
193 274
103 393
141 281
59 132
182 255
98 390
44 89
22 322
163 312
144 264
206 281
176 370
4 241
56 329
70 370
134 188
146 192
40 138
42 204
89 178
53 134
86 156
282 301
52 233
153 242
34 46
165 351
93 384
38 109
26 265
45 225
89 201
16 76
121 144
151 275
86 286
379 383
7 67
113 173
188 378
29 118
0 322
239 347
57 145
124 258
53 255
23 269
267 283
18 289
11 234
264 302
184 333
335 380
34 173
4 112
43 167
95 133
297 298
1 165
100 247
247 397
176 246
112 323
255 344
151 328
332 346
24 358
247 319
152 177
194 380
165 359
365 396
124 367
220 293
29 365
129 209
175 203
1 5
185 247
55 396
99 396
99 271
136 241
133 371
89 392
28 152
125 198
265 316
102 324
60 311
10 317
120 350
118 338
5 149
114 198
54 374
63 161
145 180
178 311
91 305
0 301
101 150
67 81
377 383
91 322
203 291
138 253
230 275
47 135
19 295
5 56
205 268
102 279
276 364
15 317
298 394
64 245
57 91
156 158
163 392
218 282
0 385
76 114
352 387
319 361
169 193
81 333
169 382
317 330
111 326
80 361
256 364
162 316
213 218
126 132
8 369
299 345
54 249
222 306
164 197
24 278
218 321
132 400
110 234
57 61
238 392
1 333
59 148
24 71
52 165
207 214
266 295
137 200
25 295
132 171
42 49
262 335
59 129
168 232
88 244
213 394
58 137
121 306
27 160
161 310
125 354
21 191
151 202
190 349
6 189
266 376
99 353
170 219
125 133
71 366
257 263
292 309
8 231
38 267
50 260
244 362
143 392
93 138
2 133
71 104
14 392
182 207
19 329
124 275
183 188
157 235
228 383
6 207
150 316
99 316
298 374
25 285
244 361
18 138
142 336
152 384
51 356
178 367
80 116
7 16
218 388
144 284
278 371
339 341
302 331
46 344
11 31
66 387
92 226
4 18
179 373
221 235
232 310
204 228
157 297
173 314
43 318
184 371
55 72
12 247
200 353
115 209
7 377
5 14
256 294
265 349
318 369
97 173
98 99
138 212
106 300
18 203
105 367
149 226
126 307
160 285
81 279
192 337
7 102
0 287
360 382
23 155
172 326
12 381
259 297
163 386
16 203
224 375
173 350
241 305
186 308
55 85
225 385
91 120
188 301
39 273
136 197
69 158
127 172
94 129
250 274
12 121
299 301
238 242
93 317
32 182
71 137
281 367
38 380
37 202
57 394
175 253
24 143
178 307
26 73
14 374
227 241
49 290
281 354
122 394
129 256
261 402
274 320
116 173
138 321
316 336
191 273
200 223
62 162
5 379
80 365
239 379
245 393
142 177
33 36
169 324
119 392
59 223
144 313
97 358
3 26
151 173
49 349
256 381
24 310
22 210
198 297
79 243
20 357
4 216
64 197
86 139
63 392
60 157
49 147
14 387
215 360
60 214
112 131
77 94
159 391
27 401
356 387
200 400
182 281
260 317
17 200
65 139
189 270
218 401
313 355
30 221
18 229
94 349
143 150
19 115
188 269
11 142
196 218
71 234
290 384
124 276
147 372
321 375
17 154
10 45
99 202
97 206
147 255
242 370
118 387
88 381
55 344
32 356
163 335
232 272
32 323
22 111
333 395
132 380
227 238
139 392
35 361
102 156
287 324
160 367
106 120
84 388
47 294
77 192
91 156
181 231
122 154
19 238
167 170
137 356
225 338
251 375
216 336
278 386
137 173
75 273
149 380
79 380
148 177
85 158
63 214
57 344
235 370
22 117
3 173
241 321
126 369
23 339
10 151
30 323
351 363
182 382
51 176
59 233
184 382
108 129
154 395
79 159
20 76
268 301
130 372
93 228
6 299
92 279
262 369
58 253
127 267
248 395
46 227
240 269
149 285
14 146
334 391
30 31
274 332
22 137
313 391
232 369
73 220
106 200
199 272
269 355
161 362
328 371
208 230
61 182
18 176
283 293
174 259
281 344
53 124
157 307
131 299
113 365
239 366
346 387
233 383
166 283
70 190
146 387
79 250
41 363
37 377
16 295
45 377
65 190
321 354
57 162
19 63
275 336
348 401
344 370
27 332
255 274
94 101
281 363
59 123
113 230
63 324
28 248
40 44
84 312
271 276
45 246
99 198
319 386
5 165
85 101
46 340
95 256
151 291
45 314
267 394
342 395
64 280
38 216
374 388
149 209
175 312
13 181
126 225
178 269
85 270
86 136
274 317
95 121
261 390
119 128
18 241
307 346
59 184
111 291
67 288
123 167
310 359
111 376
108 336
48 386
240 387
241 276
175 284
246 376
199 214
275 345
144 374
68 99
331 389
57 201
242 332
55 317
163 238
104 304
134 182
81 389
169 238
16 256
98 269
239 377
108 254
157 244
131 268
17 56
298 312
234 235
33 47
138 379
29 59
86 360
232 330
51 380
182 217
13 228
78 354
1 112
90 265
1 357
179 224
325 333
49 106
197 215
297 398
227 367
138 396
334 335
81 82
80 154
47 280
202 279
95 243
47 400
110 254
180 228
49 256
25 214
20 271
50 210
111 160
350 363
121 131
18 316
107 136
136 352
52 345
108 177
26 293
132 201
32 400
48 169
206 223
8 352
168 343
226 361
147 266
71 246
106 375
78 100
95 199
177 266
65 310
27 312
65 67
74 77
102 246
285 357
15 189
111 379
126 303
134 210
207 401
45 106
97 164
50 221
10 193
152 288
96 257
69 400
56 159
33 99
243 314
110 303
168 316
8 138
260 318
168 383
148 226
219 248
394 395
140 196
175 270
172 352
169 222
326 344
88 208
44 373
122 371
91 370
73 246
374 401
4 210
71 152
212 362
230 349
242 309
128 375
134 294
69 92
308 315
153 210
130 170
174 270
133 330
345 388
58 196
219 223
94 311
223 281
4 228
80 374
7 250
122 200
244 324
72 166
142 251
247 302
34 244
90 382
7 172
87 276
312 399
67 111
42 130
103 378
209 343
261 295
189 298
71 121
22 333
167 270
32 319
259 296
81 340
102 199
124 353
132 226
149 300
186 365
253 360
256 346
1 227
171 345
89 200
288 379
84 263
83 188
2 285
90 249
109 381
31 61
216 306
69 385
1 299
192 333
9 192
143 254
254 348
95 397
61 310
88 168
146 357
5 22
108 146
164 382
249 262
170 397
125 356
100 111
234 263
117 326
246 330
118 335
373 398
67 189
292 350
190 279
43 258
35 38
13 134
1 9
145 241
26 150
41 275
124 172
78 165
291 353
212 236
19 192
170 376
189 393
116 386
155 170
116 305
59 289
66 400
341 394
162 357
20 153
63 278
114 194
247 329
69 169
54 365
77 211
96 282
156 194
189 258
315 357
300 342
45 367
270 332
54 402
292 375
64 189
299 339
34 128
66 176
138 401
318 368
150 343
81 304
75 137
20 140
261 397
196 261
197 330
71 279
188 210
275 303
4 264
222 383
188 297
159 339
344 347
101 252
70 262
321 386
312 370
8 176
237 294
192 261
7 52
51 72
52 58
49 127
130 399
125 341
35 292
152 395
15 313
384 392
109 379
61 317
2 196
102 234
91 391
15 241
79 376
172 196
8 34
120 255
12 181
12 402
48 261
4 290
316 366
237 402
249 294
207 389
285 375
224 354
108 341
7 291
236 333
272 369
48 390
171 357
40 65
159 195
140 367
34 262
251 299
5 141
109 174
272 279
85 391
211 263
7 152
63 89
16 26
88 290
37 269
22 312
88 206
16 21
97 276
101 167
41 347
321 399
34 167
107 283
36 261
198 204
1 372
53 329
114 178
2 40
28 167
127 205
220 232
224 247
29 142
41 76
27 35
151 367
90 377
98 313
152 320
238 279
343 354
73 344
59 112
19 253
14 70
13 179
123 147
66 362
343 400
91 284
79 260
142 262
117 321
236 385
262 277
116 381
99 286
101 371
60 180
54 381
217 234
54 149
156 245
39 199
277 278
263 295
163 337
308 389
30 255
9 309
112 214
132 396
102 323
26 197
16 180
118 130
198 209
160 169
63 219
224 401
254 354
15 128
197 264
160 242
105 257
115 178
182 247
88 143
31 229
42 317
120 279
97 317
338 341
297 339
31 44
58 126
113 360
35 121
160 337
128 215
318 389
115 222
231 381
307 380
262 397
82 180
66 257
64 323
188 190
124 277
108 173
47 348
162 193
35 162
36 323
265 367
27 363
38 370
82 290
17 126
1 128
24 352
38 319
140 253
219 376
34 371
125 185
108 381
286 297
11 274
78 130
5 269
218 292
217 332
13 362
173 312
10 324
124 292
201 239
89 188
44 169
140 277
35 296
206 235
132 284
140 377
233 313
317 369
114 371
49 368
15 95
167 284
198 367
7 346
250 299
316 348
258 378
162 235
19 305
386 391
167 291
304 349
203 343
83 361
282 300
56 78
42 82
114 374
31 390
176 349
11 389
30 242
188 313
13 99
165 172
127 316
129 220
104 383
81 221
130 140
77 108
69 372
14 113
53 334
19 152
98 212
342 399
42 156
37 57
111 212
125 397
255 275
36 237
202 291
83 251
229 376
6 210
277 340
135 240
14 105
207 250
234 294
154 161
59 267
82 114
18 149
44 66
239 305
204 275
190 255
196 249
21 138
124 323
154 317
75 290
112 160
72 97
22 141
96 102
63 108
38 373
10 319
199 207
67 158
94 165
4 367
90 139
312 338
107 317
234 383
170 195
46 358
214 366
16 242
34 110
336 355
173 344
72 240
297 336
111 180
74 181
51 229
166 301
162 299
25 180
179 371
197 213
214 247
68 157
144 198
20 134
219 373
0 21
4 259
94 304
295 384
128 400
46 238
172 212
34 225
82 172
99 227
223 362
215 324
33 205
58 198
108 142
161 387
58 88
54 304
28 200
92 344
76 345
231 237
285 388
215 240
218 392
50 284
105 345
223 258
55 268
210 289
113 143
60 306
180 336
179 304
196 308
185 281
260 385
31 287
27 368
80 340
57 99
65 296
5 353
148 374
141 175
262 402
73 157
29 100
131 267
105 358
29 382
52 378
354 362
130 324
73 162
10 14
101 372
18 360
110 359
174 188
124 305
74 118
80 267
210 236
75 257
42 253
66 374
201 252
168 187
37 230
129 389
311 363
48 118
41 160
14 277
69 124
216 355
5 232
127 228
87 164
90 314
2 386
335 390
293 366
118 271
295 301
55 283
254 387
140 246
22 135
6 17
222 249
14 108
125 252
190 338
313 350
273 321
25 373
5 359
129 252
269 371
190 221
158 384
166 178
106 231
136 333
164 358
129 152
123 355
214 374
26 65
78 154
154 178
43 51
113 326
135 278
17 166
174 386
330 352
23 249
27 70
189 379
52 157
272 398
47 77
28 170
45 361
159 229
134 352
67 338
109 363
289 325
96 107
92 130
5 387
101 152
234 391
28 125
192 284
162 288
53 372
23 361
36 346
5 356
268 343
292 373
170 364
14 284
15 194
118 314
52 322
176 377
261 282
60 328
1 218
313 342
111 276
263 389
8 245
88 396
290 300
177 259
188 339
184 398
310 322
138 348
20 394
100 270
231 239
117 218
118 166
274 288
196 284
139 293
118 270
9 52
33 300
27 212
278 286
14 47
35 97
253 265
116 229
117 195
116 141
186 326
314 352
62 276
133 318
54 261
109 231
165 174
158 356
142 246
324 336
35 268
195 385
169 248
177 325
124 320
150 401
13 304
103 110
184 368
303 344
349 354
141 283
15 280
350 375
52 184
258 344
45 257
52 344
237 268
291 295
224 281
138 331
41 171
121 156
60 117
19 332
38 57
34 282
12 149
245 289
29 65
115 251
215 364
72 304
99 347
238 320
74 96
82 196
155 339
211 394
119 122
3 108
128 357
22 119
156 385
48 292
181 218
193 198
55 80
91 185
307 388
19 372
61 312
146 257
374 389
54 213
211 352
17 213
121 308
95 204
75 279
76 79
64 402
2 155
59 209
23 151
116 334
10 216
39 45
35 105
169 322
16 174
137 307
85 181
54 93
209 384
13 322
8 239
192 293
57 89
21 134
40 324
247 398
213 369
9 106
128 163
94 175
52 261
108 340
9 36
0 299
62 230
60 213
178 271
4 276
117 402
78 241
130 176
179 359
336 351
67 164
19 321
20 375
146 328
26 229
257 311
270 379
226 389
145 322
51 155
28 358
33 115
201 385
163 259
231 319
21 48
314 347
91 383
70 282
176 355
58 87
70 239
321 372
188 330
67 390
219 222
128 266
108 172
289 321
139 378
8 173
45 235
201 329
106 130
252 292
60 96
75 144
82 347
60 172
67 167
106 351
80 343
37 175
52 301
359 384
155 214
179 241
308 370
128 248
17 211
233 307
2 332
60 62
20 234
320 333
170 256
370 384
24 305
3 15
310 332
226 227
226 360
24 389
7 278
368 369
224 301
113 164
321 322
262 401
180 210
20 149
26 30
274 307
209 351
8 236
24 139
83 135
150 212
303 350
316 369
90 340
124 160
138 400
145 147
24 221
4 149
209 303
24 97
225 363
159 386
234 326
139 361
225 234
77 181
258 335
137 338
297 327
195 392
78 257
166 190
276 299
289 349
254 398
266 307
107 241
100 336
269 357
65 118
259 282
18 20
180 243
156 371
136 396
21 211
136 350
120 284
74 362
69 127
74 383
71 240
10 267
5 65
63 384
70 352
207 281
132 358
70 342
215 291
46 78
86 196
67 210
51 293
68 253
11 384
67 306
81 85
12 357
31 378
68 214
188 275
58 211
48 137
79 310
271 324
91 106
3 294
315 331
71 353
94 180
289 332
68 181
247 331
92 143
243 322
93 216
49 395
151 330
104 173
317 346
191 327
219 398
133 231
3 247
343 386
249 390
76 254
198 362
32 80
94 242
105 338
44 240
14 273
109 276
20 154
5 142
184 327
273 291
76 262
372 395
198 371
303 384
63 319
269 271
311 371
160 170
234 316
97 350
145 281
105 316
64 132
55 109
26 40
109 346
84 327
87 163
238 288
142 396
69 108
232 308
56 100
47 100
22 101
89 211
239 388
186 328
204 241
275 359
49 162
257 274
266 394
109 141
221 350
77 346
73 225
233 266
9 226
15 377
114 181
41 220
61 72
45 98
7 190
183 247
256 357
124 249
228 378
76 271
3 326
15 297
257 390
5 88
235 394
218 242
62 101
209 304
118 219
189 296
334 349
226 231
42 278
110 230
68 389
82 183
35 49
24 251
118 324
53 174
18 235
358 380
10 15
193 232
230 392
1 153
376 380
48 385
216 329
277 318
318 366
166 246
3 131
137 263
280 369
68 306
48 144
154 376
243 335
99 113
25 385
46 205
185 285
104 167
137 181
9 220
82 244
56 379
98 226
44 247
280 348
137 388
0 100
150 252
0 309
288 344
23 248
61 251
311 342
32 333
31 49
253 274
66 300
125 281
138 264
74 256
33 117
39 107
83 200
99 182
185 400
191 214
267 357
180 288
189 382
146 162
139 342
78 335
103 233
112 165
96 377
136 138
208 255
215 329
80 215
96 154
133 152
73 187
85 175
286 338
138 290
86 333
320 345
24 81
43 238
158 175
188 219
22 260
250 270
247 280
42 309
386 402
153 165
47 381
278 357
307 309
5 140
10 345
295 380
102 167
56 111
171 387
32 148
70 128
18 200
123 283
136 375
134 344
110 137
248 347
310 314
19 213
120 249
185 265
209 275
76 132
204 224
88 214
386 392
142 249
142 299
303 399
31 198
218 265
333 345
246 251
47 96
61 376
268 357
196 234
164 401
98 276
247 367
205 258
117 145
279 303
35 50
7 81
103 304
152 317
22 389
111 257
174 320
113 344
222 352
182 399
62 261
359 374
19 77
39 179
73 189
75 283
80 239
301 307
299 350
89 282
335 347
29 314
194 212
160 256
258 356
85 389
102 339
120 287
49 85
95 370
254 364
160 191
114 152
324 359
213 400
269 367
187 295
222 311
273 299
215 312
8 384
51 283
179 251
286 348
183 375
180 320
62 133
11 38
87 137
321 397
246 284
202 290
387 402
70 144
132 175
27 296
165 369
126 209
61 272
362 402
2 198
151 245
203 397
256 351
32 309
98 214
145 275
6 123
39 216
213 274
155 259
101 281
257 352
25 335
29 93
96 131
119 339
139 299
61 274
145 401
315 345
51 347
266 353
306 340
61 401
59 91
75 245
76 268
191 241
244 392
185 246
220 261
157 272
11 330
258 273
333 394
177 235
17 226
94 352
39 380
34 335
317 391
227 318
183 378
99 344
77 154
131 395
13 119
353 359
54 258
69 80
288 300
210 294
30 325
122 235
229 387
3 322
153 202
73 322
56 228
166 308
38 150
35 65
145 212
74 136
84 268
168 310
124 137
150 246
112 247
155 313
49 307
87 156
297 382
146 263
91 296
44 234
53 340
123 321
1 354
193 304
207 268
148 183
116 280
298 330
122 227
315 325
51 219
80 253
52 73
148 334
200 370
239 278
252 392
12 80
290 328
110 238
3 58
200 239
205 376
36 281
145 374
220 326
69 83
3 377
23 264
335 365
373 387
227 373
254 282
175 344
72 267
307 360
41 112
69 122
112 322
69 397
194 320
165 230
79 367
115 232
345 360
35 84
294 332
40 154
30 97
22 86
8 311
146 300
275 311
48 235
42 89
48 279
256 293
197 207
80 274
164 215
121 147
289 399
15 112
272 374
374 376
10 207
11 341
91 221
290 317
165 219
169 188
32 196
81 343
130 149
85 394
0 368
160 248
78 303
320 348
199 383
164 228
247 299
74 120
124 298
19 111
206 379
194 239
219 229
376 386
116 326
151 170
104 381
29 143
113 224
258 270
258 336
26 299
92 257
279 289
24 59
25 186
22 331
109 177
83 307
196 303
88 326
23 47
290 309
10 195
68 243
171 264
171 256
103 270
74 210
34 100
135 344
226 397
303 328
230 377
55 65
57 246
134 293
125 254
76 351
127 223
74 386
96 316
34 272
100 288
29 230
153 211
0 79
168 333
0 69
122 174
36 114
151 258
29 178
4 12
99 140
226 376
260 340
49 174
171 217
40 253
130 214
36 302
110 209
118 389
164 344
185 210
34 275
96 268
106 213
41 246
19 155
8 116
257 302
25 92
334 352
13 278
120 275
75 172
199 213
122 129
113 304
85 221
168 267
199 321
200 229
33 125
138 183
131 144
203 344
282 373
156 170
142 383
48 175
151 355
295 313
55 266
211 356
135 202
15 191
83 239
60 104
82 368
118 302
264 301
307 394
76 130
84 94
34 102
243 317
172 396
93 304
63 340
20 209
43 395
116 353
136 145
76 173
141 333
115 315
30 46
328 353
227 254
126 372
165 194
251 283
6 257
303 352
203 378
11 204
3 402
207 290
45 192
15 96
32 211
139 240
96 136
4 5
172 218
124 279
174 294
53 149
229 306
38 300
127 231
292 328
147 177
6 335
210 248
209 244
93 257
104 298
57 378
180 401
18 180
149 317
67 230
127 312
132 140
114 263
193 212
327 371
72 351
149 336
56 216
67 91
131 317
170 372
72 393
29 55
18 273
58 183
213 316
41 292
245 277
7 204
19 105
255 358
29 201
238 292
92 306
179 369
39 155
90 193
6 241
44 299
75 255
42 178
87 179
21 276
199 219
6 306
29 51
40 393
285 321
234 331
13 209
105 135
138 223
170 385
52 381
248 299
138 373
332 380
3 339
186 329
12 167
68 143
339 343
49 372
64 213
219 383
194 299
7 298
279 305
209 396
30 321
42 176
65 344
55 298
91 274
65 397
267 391
128 274
45 167
65 237
52 198
39 218
74 117
45 351
269 366
22 363
333 347
159 336
221 314
55 356
32 110
107 344
82 222
203 345
149 339
66 187
137 369
160 244
45 110
257 260
83 302
275 357
86 328
164 335
60 352
275 373
85 358
61 113
52 302
118 143
112 314
118 363
197 224
117 231
213 240
115 323
32 136
78 294
69 180
298 339
114 351
179 264
118 155
2 156
77 274
118 194
274 308
129 219
40 56
246 389
19 280
60 300
259 354
223 372
34 79
71 380
89 271
200 390
38 268
42 216
1 101
79 269
244 370
181 270
358 367
225 237
113 396
33 182
151 340
56 96
233 263
27 152
40 284
216 370
79 315
75 219
128 161
20 337
12 297
76 86
87 93
153 197
132 190
139 161
168 297
79 213
15 99
105 369
46 151
225 272
57 399
174 268
167 350
169 290
106 331
234 301
196 396
103 363
59 366
234 314
325 373
232 258
230 332
197 360
69 360
140 325
182 191
90 120
20 219
122 240
145 253
167 233
165 388
171 293
67 246
77 106
116 292
25 172
194 344
26 87
18 142
306 308
94 341
83 117
45 165
89 208
78 89
201 380
226 322
151 177
4 301
167 391
186 199
139 241
166 288
195 342
147 305
150 193
20 367
133 170
107 264
50 382
84 108
1 36
182 269
38 99
49 283
120 264
0 239
284 297
31 107
282 342
141 336
304 351
21 229
171 227
145 259
114 246
50 255
129 343
161 202
115 379
114 380
20 186
84 182
139 339
13 49
159 327
53 390
17 262
192 362
84 186
188 200
249 304
69 342
53 281
15 73
6 21
111 345
207 280
35 118
170 298
67 389
263 366
188 386
30 108
225 317
188 351
221 329
160 212
254 356
162 315
138 140
121 225
325 372
6 275
148 192
51 82
267 296
48 232
114 119
62 127
248 303
266 322
86 182
248 259
128 230
172 261
246 326
167 258
226 241
19 343
199 326
112 200
133 137
135 293
29 203
183 295
153 392
262 279
134 262
60 199
82 132
318 379
103 173
35 137
229 316
160 346
124 267
268 273
32 335
7 22
78 171
286 388
84 279
105 180
160 238
55 291
108 283
74 266
142 286
12 136
137 286
227 287
375 385
1 72
288 375
254 308
117 248
14 347
231 260
5 200
105 291
4 263
47 312
65 380
88 273
167 173
46 152
39 309
79 227
100 244
257 401
211 267
112 178
209 334
110 177
168 315
94 331
59 86
364 388
137 365
27 228
83 160
40 385
112 377
9 114
211 341
148 262
331 363
50 150
41 45
28 87
39 388
50 167
315 338
43 297
147 165
151 343
52 218
83 368
322 327
344 380
173 180
199 364
276 348
113 269
226 281
5 155
65 265
49 362
81 358
44 369
186 349
147 254
220 241
266 382
157 159
20 305
201 297
0 266
152 210
39 147
248 394
165 262
46 136
98 356
5 381
150 313
50 390
223 294
6 69
88 275
8 402
368 378
213 214
126 193
32 336
67 310
15 209
170 371
122 305
349 358
144 222
49 183
109 159
20 62
114 174
60 299
10 394
26 186
152 241
271 394
123 223
2 9
23 390
31 291
308 317
7 216
137 328
72 125
3 337
118 260
231 349
38 332
200 395
142 244
332 400
274 337
122 217
33 303
274 279
206 299
383 401
66 316
33 334
238 294
104 395
88 296
282 327
150 305
210 340
5 225
163 309
361 382
104 245
277 379
69 246
68 363
8 112
62 376
83 250
44 48
114 369
37 99
13 111
7 234
65 66
230 268
0 37
356 383
1 250
82 324
3 97
145 232
267 393
12 199
98 228
319 375
129 134
59 276
125 371
77 171
269 304
268 325
9 224
145 270
181 381
54 193
69 319
93 240
4 321
302 316
142 179
50 206
96 203
294 398
180 211
164 352
18 231
151 362
174 371
192 254
49 239
344 356
47 116
57 81
323 364
162 196
105 285
179 204
173 277
105 321
194 288
126 365
89 350
331 356
290 365
20 225
214 346
187 310
5 134
51 157
175 214
23 328
5 259
263 353
248 271
258 320
42 330
349 386
46 299
56 152
147 273
33 333
88 276
62 229
242 301
78 318
246 266
103 106
66 282
130 275
15 237
47 227
98 101
292 301
305 366
40 134
80 300
41 166
107 335
67 254
176 261
140 386
100 134
65 402
69 200
177 324
87 175
83 253
51 84
309 349
60 224
155 276
97 214
377 398
70 340
122 194
94 221
67 228
280 385
95 225
98 179
89 181
80 182
71 239
194 243
13 237
279 295
336 353
259 351
224 343
206 274
221 351
3 328
81 156
116 204
241 399
79 92
37 396
110 293
260 347
162 284
34 121
134 318
156 198
176 350
392 394
300 361
61 102
284 402
274 378
36 84
240 244
89 331
129 230
70 215
114 297
89 267
154 212
136 264
77 358
161 256
52 183
150 184
82 223
90 378
107 313
194 353
365 393
226 232
19 142
18 70
68 130
32 383
77 323
59 255
182 192
26 158
303 377
235 362
61 305
283 365
53 119
118 179
239 358
139 393
340 356
214 272
48 285
268 367
5 219
220 340
179 301
259 285
317 400
290 294
176 321
56 248
29 347
50 388
40 269
88 171
252 294
0 162
14 184
106 216
51 299
252 329
12 58
36 70
265 395
161 368
178 308
318 399
196 331
25 282
210 382
237 388
224 250
58 89
44 46
38 286
205 261
221 249
286 380
253 307
123 357
146 191
13 175
104 349
52 247
198 318
58 386
135 185
17 286
278 389
57 263
175 293
20 133
249 366
262 393
268 349
181 254
26 317
285 390
327 365
45 243
39 303
9 46
44 357
69 71
172 178
79 353
295 302
154 279
197 358
331 353
79 224
96 383
115 199
2 157
219 287
71 379
82 371
87 166
212 356
113 314
177 196
250 347
77 279
206 331
33 265
91 282
58 259
41 382
335 372
59 213
244 372
211 285
165 169
243 386
76 299
247 359
63 130
123 188
207 223
171 336
142 363
92 114
68 387
5 255
76 363
213 322
36 352
25 50
268 351
88 323
47 351
185 335
124 178
150 399
218 221
25 51
57 276
103 164
133 256
47 344
153 154
219 344
200 270
230 353
3 299
82 199
99 348
51 184
68 233
151 265
121 197
8 106
1 390
213 397
321 391
116 164
128 232
271 381
52 392
238 249
36 301
2 214
34 149
243 312
55 97
312 335
66 144
100 324
284 300
60 266
103 343
322 342
249 380
239 276
208 328
49 169
20 250
119 301
145 240
1 199
87 274
90 175
216 232
15 228
27 163
60 379
23 273
164 306
144 319
69 392
222 396
16 377
157 184
62 365
33 137
8 30
122 292
125 264
311 382
42 255
235 341
95 191
307 401
245 343
164 339
280 312
15 360
108 274
20 144
35 393
61 220
48 289
7 157
56 177
196 262
134 172
33 114
226 302
164 324
185 195
50 296
54 288
169 181
147 362
21 42
7 46
145 379
48 195
193 239
46 224
29 295
7 96
204 232
153 296
268 397
114 303
261 384
203 234
172 384
162 262
99 217
27 158
283 325
88 372
239 359
216 388
136 189
149 305
191 305
179 228
282 352
235 278
191 287
30 189
51 125
97 359
228 287
30 133
200 303
188 306
235 343
163 370
215 302
289 292
128 196
82 258
236 245
281 310
190 214
269 301
29 34
343 396
21 314
19 229
82 381
321 350
320 339
67 290
101 279
108 114
141 241
155 166
160 303
147 376
9 336
339 353
163 300
16 36
110 216
291 390
187 350
277 396
78 187
76 204
0 260
192 225
59 147
174 298
57 392
5 230
161 344
76 319
124 148
183 396
108 260
124 297
39 168
267 302
247 368
67 401
159 357
255 280
34 224
146 153
86 227
82 128
105 137
4 171
1 63
21 233
43 47
14 323
247 401
155 318
65 207
17 30
68 131
4 388
44 110
260 376
4 374
141 330
14 263
259 310
96 391
176 327
132 399
327 394
237 283
93 279
96 227
337 368
157 363
64 385
39 256
9 173
69 239
119 361
323 354
244 395
4 235
234 395
105 310
80 217
35 290
274 311
74 294
155 373
38 215
77 216
33 106
332 387
2 99
79 112
81 203
217 293
347 379
186 383
142 371
118 391
229 344
161 225
178 369
46 248
166 265
141 224
0 61
11 342
52 300
41 235
13 81
101 346
158 362
52 395
132 158
54 229
61 138
38 155
344 361
52 78
220 243
39 103
75 248
113 270
170 218
12 307
259 397
24 102
212 224
225 283
300 370
58 123
179 263
6 283
17 214
79 119
15 357
212 225
64 185
30 287
106 159
35 128
163 168
302 349
20 21
280 382
100 144
110 392
147 392
102 380
137 141
3 159
20 53
42 111
348 368
34 314
15 220
29 330
46 184
151 248
37 108
187 334
45 92
61 260
116 132
301 355
360 388
31 194
8 271
169 381
281 322
106 112
127 159
197 208
222 357
291 329
223 364
10 377
10 295
238 274
175 196
233 255
285 362
221 288
135 166
308 342
52 155
3 243
200 256
54 181
112 218
184 288
116 336
112 397
67 334
106 400
283 374
212 230
101 330
28 231
18 385
88 281
68 250
23 349
173 354
107 152
1 15
32 141
109 341
250 334
92 282
273 378
12 176
162 264
183 260
215 339
64 316
34 36
141 340
15 362
87 215
195 336
201 293
34 296
318 353
55 352
149 360
339 352
12 273
51 244
142 266
210 301
278 379
88 378
213 272
12 135
172 336
249 333
213 217
19 196
24 142
13 165
132 241
135 384
256 314
95 131
275 383
161 273
84 205
151 211
330 347
187 244
21 136
182 306
275 298
8 155
186 267
190 249
192 321
211 240
275 329
113 217
326 385
294 389
75 344
181 311
102 228
109 181
72 160
135 310
14 215
160 280
100 381
367 402
156 235
3 162
212 370
142 231
128 383
86 149
127 359
147 232
102 395
227 249
176 318
297 317
118 128
125 255
21 338
264 364
13 40
21 40
179 349
206 255
14 91
172 292
162 349
221 388
138 310
66 229
64 334
139 288
173 255
141 318
354 383
253 368
244 385
149 212
215 327
213 243
138 260
191 310
149 185
