496 4852
278 367
131 254
192 447
229 370
80 95
186 386
161 483
182 292
410 477
129 137
348 391
204 452
112 483
403 414
95 419
116 315
247 292
285 408
311 391
89 478
38 51
26 97
73 421
209 316
125 205
171 452
197 275
63 136
106 370
85 479
102 226
178 272
26 244
247 311
51 182
404 421
0 404
80 312
52 223
97 440
288 474
144 487
26 144
189 239
253 309
36 88
95 484
72 136
253 445
112 412
3 337
169 227
394 491
118 222
208 297
24 350
32 43
454 470
62 296
325 461
14 341
74 469
462 483
401 405
362 389
80 390
47 378
146 281
13 126
216 392
295 334
268 375
17 145
292 446
257 438
68 349
75 470
113 232
168 477
102 178
253 332
84 87
36 459
360 465
190 205
352 395
377 384
118 226
162 248
36 198
175 222
222 359
348 403
325 391
193 330
71 446
251 483
95 340
274 479
328 468
11 149
96 390
199 276
48 229
338 382
53 76
114 424
123 259
201 294
73 237
142 345
15 343
159 394
207 482
111 470
126 338
357 376
121 216
77 399
40 63
176 211
271 471
181 441
32 416
160 459
351 457
6 52
43 78
260 422
259 406
158 475
48 65
123 217
226 299
122 305
325 396
299 457
53 456
107 169
56 100
309 465
108 281
238 466
351 412
60 224
131 486
433 450
115 289
10 88
114 350
152 169
127 482
4 261
421 480
14 64
154 181
236 446
75 271
64 92
210 352
65 111
105 432
134 210
4 214
125 450
33 248
394 437
427 439
450 466
266 439
98 352
300 368
273 436
403 483
267 278
34 368
116 299
41 269
61 490
210 297
308 427
124 181
296 339
124 209
149 442
124 364
158 260
467 491
139 297
31 43
193 270
115 488
151 374
68 120
318 387
52 227
126 197
54 450
182 385
53 453
412 490
114 300
51 346
64 379
446 472
38 208
51 270
255 431
51 267
426 468
277 489
180 256
205 457
390 471
258 466
200 372
91 376
229 360
322 389
196 235
66 141
320 455
36 123
21 33
70 179
11 272
91 182
86 241
17 276
38 70
7 159
160 213
41 267
10 326
17 428
275 383
309 441
438 451
5 366
143 415
206 351
27 180
274 286
430 484
157 295
94 366
86 198
157 314
160 351
153 350
199 241
371 452
93 350
121 136
367 432
102 252
74 238
45 88
30 384
166 490
134 371
47 325
9 386
239 492
4 494
13 312
143 189
431 489
246 275
168 314
21 224
417 461
202 420
152 221
106 346
254 479
91 172
67 469
277 475
238 366
57 117
250 294
70 487
48 141
81 114
240 263
264 304
232 350
38 109
259 425
244 325
3 199
104 204
20 160
384 385
432 435
226 310
279 395
416 482
245 409
237 467
99 246
82 198
251 404
172 323
335 426
24 331
370 377
308 465
305 307
225 290
347 458
218 334
56 105
67 143
246 391
323 388
61 343
61 244
125 303
121 349
327 451
130 187
273 333
12 43
313 390
433 441
86 234
29 177
37 325
134 219
106 141
85 340
96 347
32 472
127 421
249 460
6 334
78 218
72 179
117 302
14 226
219 269
143 252
60 343
131 411
262 383
154 313
189 258
303 459
121 351
118 274
432 481
334 456
325 448
18 400
207 389
52 239
222 467
276 459
132 161
29 431
369 417
186 470
277 456
331 486
222 239
124 376
25 401
453 481
93 372
116 479
112 156
119 290
254 461
315 489
298 350
74 495
156 206
35 293
45 206
111 406
167 278
191 462
50 204
32 440
57 220
398 456
380 382
102 385
232 490
133 307
89 359
159 457
179 299
66 263
157 183
129 275
126 448
149 324
74 262
154 247
117 267
245 339
88 433
48 235
36 191
155 420
144 432
395 489
97 238
268 386
187 459
119 130
120 380
46 216
18 205
72 373
346 493
127 169
137 417
65 235
159 476
119 450
127 368
9 477
418 427
42 131
378 490
169 206
120 252
15 381
132 441
158 287
80 88
183 233
153 256
36 312
246 465
391 469
72 266
296 305
190 229
107 356
116 363
269 471
222 353
273 307
352 391
235 268
151 305
368 444
58 339
130 343
118 320
160 430
89 306
314 347
12 50
364 378
166 308
247 467
42 45
57 412
185 459
125 368
12 308
136 487
292 454
355 417
79 236
167 372
150 438
186 272
170 277
18 190
155 433
5 469
24 212
32 217
353 374
198 293
20 442
92 430
256 305
362 462
110 191
398 419
51 375
191 256
198 259
134 250
144 301
131 482
274 461
60 396
91 463
242 256
80 469
271 347
38 211
278 310
17 453
90 438
187 262
148 184
61 305
108 327
440 486
226 433
153 309
232 249
195 439
79 228
17 263
122 187
106 290
40 265
269 274
70 334
7 394
156 490
291 351
21 369
190 246
21 452
58 271
13 428
359 418
262 431
455 457
161 322
53 100
471 479
148 478
127 359
92 353
123 257
238 268
108 269
344 435
8 149
126 434
34 429
10 167
199 261
287 439
421 429
61 390
116 478
248 267
249 469
82 390
400 417
134 398
302 484
97 196
209 313
115 425
200 262
34 102
174 369
310 314
247 391
108 248
291 325
280 435
294 345
15 134
31 68
56 71
112 353
77 371
81 405
24 318
62 307
33 114
418 490
340 482
52 185
36 342
24 289
341 384
185 189
52 262
40 43
51 127
200 299
6 326
134 323
252 472
16 242
252 295
207 338
199 342
371 423
113 183
368 478
388 421
393 411
341 394
6 192
122 164
158 342
48 307
301 328
9 166
287 433
151 275
12 411
30 387
332 364
185 461
118 492
288 344
9 345
172 195
11 141
80 140
125 149
146 348
81 152
273 396
34 176
398 448
115 118
144 490
32 246
93 336
80 93
15 341
86 303
188 227
28 162
325 468
454 468
47 71
201 369
51 110
457 479
17 425
242 361
40 430
275 435
46 191
174 253
316 474
111 193
114 311
111 273
92 205
173 463
374 445
161 453
48 395
89 131
103 435
22 141
325 349
224 489
19 224
177 372
53 286
63 73
39 175
117 248
264 475
268 330
92 255
385 484
335 450
140 173
288 489
167 345
206 235
2 271
82 386
331 482
3 410
6 311
412 440
165 266
271 287
260 298
112 458
78 410
100 160
67 212
127 432
73 384
21 228
182 353
133 478
299 413
137 377
146 417
49 195
92 381
118 334
430 438
142 283
326 468
107 445
33 269
1 19
26 491
342 451
98 439
389 445
242 243
211 433
60 206
27 486
80 228
85 259
22 187
296 463
101 485
375 408
191 446
15 116
385 457
139 405
96 245
51 193
137 444
188 285
14 186
78 277
276 384
113 301
405 486
86 316
301 307
322 364
206 423
351 487
337 476
168 287
267 313
61 185
392 394
94 217
119 158
298 340
4 490
231 300
335 413
57 370
0 213
247 449
237 322
116 213
86 127
174 241
110 277
287 318
218 298
34 276
22 330
47 56
220 325
253 378
59 176
225 484
137 248
69 208
86 420
293 304
29 271
37 479
45 283
101 318
387 490
44 191
216 486
44 244
1 166
21 168
250 480
246 485
148 185
67 347
113 271
218 379
194 224
210 346
360 481
106 399
166 231
415 446
6 406
186 241
68 274
70 252
29 114
191 194
31 412
220 402
35 70
51 257
243 268
42 164
23 192
221 443
78 465
37 85
88 365
94 120
38 414
173 210
239 378
44 310
134 349
220 442
260 366
183 348
468 469
143 481
410 414
266 436
62 410
133 298
55 332
97 185
91 398
137 465
305 425
278 328
247 262
364 432
133 192
21 451
410 435
25 492
173 336
444 447
88 185
152 166
34 222
96 395
151 480
271 483
245 280
91 271
99 470
112 399
232 309
94 302
269 355
62 193
153 428
284 347
211 444
299 408
85 384
291 311
10 259
285 434
19 280
342 440
33 419
172 368
400 477
355 445
16 163
201 361
15 154
20 477
223 321
442 455
166 199
182 481
293 330
368 369
93 122
227 446
149 477
239 394
12 115
292 483
270 310
45 489
106 410
291 292
22 432
22 267
113 467
120 491
133 392
459 474
152 422
168 356
60 367
217 375
285 313
222 414
222 389
140 486
214 452
317 323
191 408
294 460
135 146
11 164
85 192
325 462
448 462
97 395
132 488
120 321
380 465
85 434
72 342
182 319
106 155
194 367
345 418
45 210
26 302
74 226
7 474
265 331
207 387
16 109
27 290
61 369
194 196
217 357
85 121
87 229
280 423
108 233
419 422
52 68
234 289
13 461
44 290
8 251
349 412
21 56
428 485
104 406
100 474
249 322
170 288
129 135
125 428
61 331
391 480
90 249
416 419
120 456
102 262
132 151
1 348
148 253
109 389
5 162
116 143
190 311
371 396
181 375
210 437
76 386
225 402
102 310
305 459
117 263
242 387
201 251
42 292
125 184
25 315
25 51
429 466
71 369
283 341
211 212
151 339
16 489
51 320
15 195
437 455
12 268
61 111
216 420
124 360
17 402
302 401
135 151
232 392
240 371
69 91
377 398
317 438
56 101
256 388
251 260
42 210
65 310
227 419
24 467
181 489
55 125
39 349
43 70
52 432
31 183
61 458
230 454
97 167
75 279
179 489
84 154
412 435
175 211
421 436
150 306
276 400
333 433
45 326
165 394
40 127
11 87
149 198
283 468
53 352
195 226
305 344
137 320
318 445
184 418
301 409
238 300
81 478
89 405
171 230
127 453
24 241
118 286
45 470
54 211
394 401
197 254
47 80
3 255
33 245
49 355
37 341
189 407
7 21
135 140
333 421
155 475
58 91
62 159
320 444
405 470
157 423
119 307
83 146
143 259
149 462
265 397
227 486
157 400
180 226
23 86
176 354
9 37
165 254
303 321
172 399
115 250
307 383
362 483
219 450
187 319
271 475
303 311
19 232
66 407
7 335
287 308
27 196
421 494
91 437
33 137
247 440
127 187
137 449
301 343
182 487
199 243
320 476
144 391
92 298
67 351
238 403
153 436
181 446
55 291
62 470
157 317
240 327
162 440
148 231
46 467
304 451
333 370
119 235
284 372
232 449
6 146
346 400
238 394
24 443
84 446
250 299
117 382
297 369
219 386
59 273
81 85
35 344
300 319
239 489
75 491
64 153
42 360
258 429
15 135
156 358
61 473
151 181
186 364
164 202
2 363
227 277
133 221
132 360
122 452
143 420
286 310
81 110
60 333
122 281
72 470
85 227
60 98
368 378
164 412
260 465
249 388
91 195
152 475
292 416
101 381
16 424
67 81
175 234
331 350
50 423
15 212
187 488
466 495
76 186
291 319
14 263
76 361
55 221
118 482
47 211
33 130
213 337
361 419
97 219
67 453
214 242
40 293
165 239
216 220
265 344
72 487
105 282
326 438
188 355
1 461
301 380
268 410
112 388
134 448
66 445
66 145
26 111
119 448
121 489
159 393
134 263
253 403
102 124
164 323
238 413
67 225
179 478
295 324
74 282
41 85
450 491
299 478
197 469
257 365
102 334
426 454
108 461
334 400
64 338
278 417
48 439
408 486
357 384
4 346
140 373
405 432
371 451
109 287
114 188
94 464
198 315
48 243
358 367
39 243
30 96
68 142
141 156
102 485
200 359
256 492
25 61
114 159
306 417
105 423
42 142
73 435
241 281
145 302
267 364
295 405
169 261
396 424
245 332
232 425
173 365
208 357
220 259
292 342
84 186
45 341
242 328
112 200
80 142
79 94
193 315
268 488
15 267
95 453
143 494
104 237
133 439
6 438
125 208
347 424
26 259
240 465
204 283
430 492
443 455
111 252
269 313
207 259
139 456
82 495
174 433
141 259
124 329
111 380
82 201
26 252
152 217
87 462
298 324
277 411
152 268
311 446
25 286
267 456
0 265
107 305
327 409
2 429
299 343
73 134
77 158
332 369
200 377
309 346
66 292
13 410
167 452
4 23
129 358
78 232
275 315
97 133
28 276
211 480
10 186
9 190
270 377
133 227
62 436
30 36
115 347
71 301
125 392
161 288
88 318
58 206
227 425
93 250
361 486
78 313
69 267
94 316
38 247
136 333
67 265
282 397
164 244
201 475
31 233
227 347
131 427
8 178
107 127
147 210
85 418
36 172
142 352
328 339
86 326
159 481
1 417
32 468
59 128
141 371
281 406
12 172
4 268
222 451
217 310
109 114
140 352
81 226
356 394
14 30
297 374
21 286
34 311
44 442
402 408
69 266
227 464
197 428
276 385
229 371
130 282
89 218
193 475
260 264
69 211
11 337
135 441
224 251
264 488
194 364
256 477
252 350
3 217
32 174
128 145
19 216
47 477
122 477
183 223
214 481
16 485
63 246
312 488
141 440
308 463
181 466
431 472
8 113
198 450
300 446
291 421
410 448
124 268
41 481
94 391
168 378
30 306
28 320
459 471
171 419
199 215
113 446
26 186
105 307
171 291
470 482
211 282
55 375
22 471
176 199
300 495
295 306
211 362
260 309
167 213
379 396
115 151
114 436
216 304
69 174
156 367
253 318
87 310
397 468
55 300
286 294
161 299
229 333
280 495
100 214
86 310
18 253
102 307
118 422
126 203
304 465
138 413
463 464
354 355
101 151
34 42
87 409
154 466
155 234
35 415
116 250
81 455
101 384
19 66
9 400
243 299
347 376
166 167
168 400
181 199
412 447
33 97
5 284
31 447
54 68
30 144
204 395
85 296
112 403
329 330
99 262
35 244
28 155
214 370
31 215
187 421
300 469
145 478
63 404
120 395
129 415
88 375
293 394
87 254
245 400
19 341
47 131
115 238
0 216
28 34
202 423
218 275
213 351
176 491
170 251
25 337
45 197
157 492
174 341
84 213
193 455
2 464
42 429
28 49
54 142
437 446
27 329
214 451
301 421
281 487
137 184
44 65
408 432
70 268
123 247
0 27
192 426
105 116
127 243
48 310
139 265
7 313
406 495
129 324
10 83
223 382
188 481
31 167
112 290
75 391
83 361
192 486
211 491
132 216
167 441
243 465
139 281
166 310
267 307
24 288
303 469
183 487
160 356
295 452
104 113
147 327
97 445
43 140
358 390
96 411
48 398
78 100
231 257
123 196
257 453
73 108
3 151
216 394
153 364
305 470
291 454
193 198
217 364
34 388
206 384
105 196
5 232
77 324
230 312
335 398
1 56
75 162
197 435
59 92
167 479
202 453
27 159
386 408
187 390
247 455
138 325
247 330
226 289
304 441
370 448
156 260
232 463
152 272
63 123
95 423
377 402
330 390
309 363
288 409
152 202
405 468
162 454
158 317
139 447
46 474
110 487
49 331
23 177
191 345
197 377
118 259
358 366
237 359
230 446
225 317
58 493
62 144
258 459
226 490
192 274
232 447
227 340
137 485
228 267
11 24
234 354
167 493
18 156
187 224
300 376
7 425
105 455
105 325
97 193
27 74
291 435
9 207
156 492
162 323
396 416
62 153
103 439
275 442
68 155
282 449
18 199
331 409
37 195
12 419
40 412
109 123
63 148
225 272
177 326
265 381
17 299
145 282
39 345
283 285
328 399
95 434
295 409
86 146
75 198
208 380
191 396
169 416
6 152
380 394
245 384
324 443
283 408
318 391
13 231
10 353
167 226
12 274
66 265
156 404
380 435
296 470
262 482
400 412
56 300
49 436
97 279
238 305
256 314
71 99
12 24
51 54
314 453
25 471
69 464
64 203
142 410
379 481
151 343
120 452
116 392
118 397
272 448
290 459
16 386
86 187
70 132
149 335
154 243
5 78
155 459
150 191
19 203
355 376
43 106
159 270
109 397
184 197
117 395
352 408
420 466
146 264
89 128
191 234
9 240
327 495
30 263
87 419
96 154
279 432
131 491
205 393
84 136
141 466
170 417
26 489
64 367
77 327
269 290
30 279
63 121
324 384
222 483
132 234
159 320
377 421
224 376
200 257
25 143
69 484
143 194
164 315
159 169
228 340
366 420
55 282
179 264
19 229
96 155
79 252
171 485
348 395
288 456
319 382
97 184
216 250
141 315
183 277
23 335
30 52
76 239
30 194
374 470
83 110
382 400
81 343
37 120
63 113
96 207
379 380
187 269
69 353
192 297
121 401
61 189
129 337
274 483
243 322
252 410
211 229
249 495
401 480
14 206
10 152
16 452
165 232
36 38
299 484
298 396
119 122
257 478
340 456
18 300
360 423
296 313
25 390
27 60
374 404
188 346
110 218
139 171
198 267
207 227
8 93
64 419
316 453
17 301
39 255
68 429
28 44
87 152
327 341
70 289
239 276
37 189
10 434
101 459
77 211
44 246
314 390
216 483
85 317
23 144
223 437
58 90
21 86
147 191
64 316
13 241
131 325
208 323
213 300
280 374
50 292
185 304
207 415
25 265
85 270
266 485
231 491
362 417
111 285
291 324
0 204
16 85
232 237
30 115
69 200
366 435
72 377
94 184
483 492
120 318
23 478
139 376
49 139
261 406
208 228
170 456
313 328
300 457
465 480
63 303
38 157
43 64
157 297
156 341
89 312
78 370
172 459
62 225
19 222
33 153
184 391
293 399
0 141
72 156
74 407
205 479
27 64
114 271
12 273
142 314
290 344
128 420
270 319
287 470
376 411
175 209
275 455
173 209
345 443
43 355
123 174
201 254
205 238
42 221
67 346
133 347
67 394
356 429
289 470
212 448
66 345
8 64
317 444
18 341
134 252
116 136
170 243
302 469
410 442
6 35
66 404
86 476
108 137
53 111
247 493
249 316
107 173
350 410
275 431
204 432
220 393
43 470
69 159
257 390
212 293
244 346
20 233
200 250
213 310
96 308
466 492
40 270
82 107
72 254
141 163
250 401
172 364
87 103
267 441
192 358
47 484
192 235
325 364
338 375
204 482
168 473
148 168
102 332
203 412
59 448
79 93
114 481
239 302
173 454
88 215
132 453
173 359
189 348
194 374
360 365
18 79
81 383
202 494
79 297
320 395
226 356
149 247
104 422
138 443
168 177
188 391
8 210
173 237
248 427
230 279
195 421
336 445
16 198
93 202
7 274
101 144
26 425
175 265
296 317
103 484
34 361
150 371
122 395
129 403
278 349
11 350
48 422
65 288
60 465
155 172
145 487
68 139
311 344
84 134
167 360
273 389
201 281
147 447
294 452
13 356
408 425
329 420
130 157
221 340
68 255
46 86
71 291
101 492
120 186
85 199
363 471
49 317
119 266
26 299
67 107
276 343
476 491
156 275
106 413
89 301
390 410
286 339
230 309
170 459
7 236
322 406
218 274
67 156
177 338
329 334
174 192
355 485
78 127
206 216
408 477
94 364
65 435
328 451
308 420
359 488
17 360
43 299
219 494
143 144
215 238
157 489
49 292
399 402
97 439
70 122
246 344
369 390
348 438
42 219
69 99
371 412
77 439
156 381
57 180
55 455
83 153
250 253
196 422
195 205
341 378
239 252
88 356
86 392
184 237
34 174
14 223
292 330
438 488
262 346
101 303
69 379
32 138
56 342
283 375
92 325
299 460
242 414
157 292
88 178
121 320
146 287
41 208
22 400
26 238
12 412
362 470
12 315
40 459
167 257
259 362
204 305
243 453
253 451
182 423
413 465
54 222
266 269
153 366
30 180
91 230
109 207
140 469
105 351
226 326
55 223
435 467
225 229
96 139
278 387
96 361
199 248
368 395
16 181
63 484
43 466
244 246
34 458
188 386
29 365
184 451
293 335
384 393
35 215
89 171
236 253
194 214
116 417
52 193
286 428
370 429
188 311
92 358
107 154
86 414
49 453
85 137
99 306
113 264
233 475
126 292
82 135
262 353
61 411
49 68
29 171
392 416
321 413
216 278
54 227
126 472
350 386
421 478
45 123
397 420
89 185
21 318
412 430
32 277
169 446
85 164
34 269
33 322
12 278
97 150
48 429
88 430
368 441
135 218
206 404
125 385
109 390
1 120
32 214
114 185
353 487
57 142
97 315
402 467
310 356
237 269
264 287
302 393
12 369
342 470
189 193
317 383
137 339
83 410
424 471
66 297
233 420
443 490
379 409
108 398
279 445
97 264
223 352
216 335
44 255
144 433
154 282
19 118
58 159
94 100
13 426
203 233
202 278
34 438
36 254
85 208
147 223
42 73
132 458
13 16
38 308
221 289
3 493
335 451
225 413
101 215
120 269
328 456
218 241
452 454
7 334
212 294
39 165
154 471
32 51
50 454
1 140
236 412
233 289
120 442
68 474
33 117
237 474
299 474
72 259
34 328
184 421
124 350
161 212
208 336
48 53
161 309
196 227
125 324
12 277
365 482
396 420
29 63
342 389
180 459
30 283
259 487
112 324
396 481
92 348
42 133
130 190
202 234
37 151
138 435
275 459
172 393
195 424
181 363
77 85
215 287
316 365
348 455
80 171
43 88
164 240
347 474
323 480
13 113
80 201
117 337
207 328
188 194
60 442
10 312
244 326
136 177
167 367
359 376
191 379
71 166
51 351
91 297
14 336
202 316
101 314
147 434
204 469
197 226
188 295
60 352
73 162
167 250
175 384
54 146
72 227
186 438
275 414
226 279
48 232
128 201
28 215
219 321
50 88
47 361
303 308
18 92
169 181
56 432
234 339
36 252
48 314
280 321
115 172
351 435
308 460
190 468
150 300
247 361
194 337
39 370
206 446
217 440
198 338
242 388
176 368
17 24
67 379
206 434
368 437
256 303
63 101
16 78
275 351
34 195
152 317
264 333
101 210
308 489
95 286
154 251
250 369
264 409
192 200
156 401
414 423
10 206
147 357
291 345
262 441
25 87
54 58
188 229
211 284
419 449
34 383
335 467
320 418
107 402
315 421
220 288
336 367
410 429
14 387
373 449
57 391
241 483
439 464
234 488
343 420
59 183
398 476
318 476
260 488
107 357
113 484
106 442
145 490
23 444
90 431
372 394
96 392
132 462
388 487
60 229
119 135
31 426
165 215
31 334
149 178
13 96
144 318
328 462
167 418
313 484
171 269
110 236
1 81
90 447
58 324
236 490
120 225
389 490
135 253
83 160
241 336
14 71
343 446
230 333
236 466
123 388
40 259
310 480
106 152
248 461
81 228
95 178
272 359
99 449
121 335
351 421
171 494
80 428
258 418
189 231
441 479
36 487
238 252
296 345
98 150
67 483
232 475
91 157
62 300
86 467
239 269
246 381
203 251
204 356
69 358
54 394
117 410
28 251
44 393
467 492
283 288
323 325
82 186
104 437
338 438
380 478
72 106
363 382
101 111
255 276
247 307
215 366
184 438
101 254
101 120
195 379
400 427
23 269
150 268
269 380
249 294
156 424
84 420
24 180
45 281
167 431
65 286
85 338
56 485
293 314
252 445
156 432
383 495
159 381
102 188
143 174
35 324
190 438
433 475
9 413
87 352
200 229
133 480
184 330
156 482
124 466
2 273
295 439
18 353
31 85
124 128
330 375
93 179
41 469
157 358
106 311
177 228
54 494
117 466
115 132
136 351
292 417
370 406
18 68
378 417
136 168
99 469
194 486
29 40
128 438
351 370
21 322
250 308
97 429
64 442
6 84
110 361
98 172
127 131
197 370
169 493
6 56
72 364
418 495
36 432
346 452
225 353
13 269
257 305
88 232
41 125
254 395
206 421
241 386
52 409
173 233
348 362
332 400
202 252
386 436
308 315
245 495
232 275
326 462
8 479
53 192
166 390
139 389
12 21
12 388
308 424
327 412
116 277
138 268
3 398
34 151
102 419
7 119
13 323
111 481
94 389
324 328
10 411
205 354
239 314
16 252
357 462
248 283
4 400
85 351
12 317
132 217
53 213
1 90
374 446
35 58
44 304
348 457
368 390
237 264
28 245
54 129
287 471
103 214
39 337
93 152
326 457
47 117
356 413
52 256
255 311
429 457
235 407
273 463
85 190
135 377
221 316
24 474
41 140
234 273
20 22
381 475
202 277
33 478
74 205
306 332
22 275
88 197
239 338
64 254
194 296
226 242
83 200
166 211
153 232
67 71
300 382
62 478
118 164
12 20
308 409
300 363
74 409
51 203
442 453
15 127
122 314
8 48
438 447
241 457
6 341
216 293
9 362
464 490
399 474
397 405
280 431
49 254
162 308
112 464
117 236
25 181
78 153
122 159
133 320
208 458
133 359
207 377
42 474
113 323
371 416
38 415
53 410
45 211
42 362
299 395
91 228
109 346
225 440
12 141
48 470
177 252
303 480
23 392
177 389
383 407
51 313
89 413
233 256
352 438
230 415
2 44
330 385
140 481
272 465
121 312
3 395
13 188
297 475
367 389
186 231
397 493
384 461
221 406
126 213
357 458
266 342
378 426
354 357
172 312
281 323
151 293
113 381
229 478
1 141
63 425
275 355
108 266
49 276
42 132
89 172
41 340
164 347
68 223
24 442
35 397
369 436
199 272
283 350
7 381
199 492
138 335
132 494
51 483
37 253
271 360
69 449
95 297
14 77
124 406
348 478
254 455
196 233
329 332
19 435
73 367
195 263
209 393
196 485
91 389
65 66
103 472
101 291
207 315
211 269
244 253
255 481
285 402
324 483
271 335
49 171
135 438
144 277
435 452
169 241
278 293
278 362
22 39
147 349
100 371
197 253
105 144
208 288
38 192
181 254
41 226
80 83
76 92
214 472
307 399
137 163
301 435
103 118
20 192
56 253
293 368
195 294
18 416
119 185
104 421
252 282
279 475
25 76
93 459
421 453
240 270
84 94
84 149
90 227
87 228
109 235
114 301
167 424
17 119
36 251
85 448
117 251
28 383
165 343
298 361
283 493
22 297
85 372
93 243
135 492
73 232
239 467
125 465
134 318
24 402
57 340
107 334
343 388
118 461
200 354
219 332
346 448
50 359
245 277
328 354
78 95
57 208
69 465
44 67
180 410
89 473
127 470
384 401
80 462
9 374
54 296
56 259
26 402
24 207
241 402
21 89
57 308
34 101
287 491
266 374
10 310
119 181
39 447
116 207
81 126
416 490
257 300
60 125
105 403
57 458
304 377
54 361
9 26
211 235
327 370
222 260
195 208
37 48
38 61
179 397
358 461
264 469
190 197
240 397
82 214
51 300
58 187
212 255
163 268
326 395
248 458
29 51
203 324
141 291
156 194
139 151
19 74
83 147
47 276
9 41
446 466
77 173
71 121
80 473
343 425
153 374
39 146
5 267
31 132
424 490
106 453
157 359
79 127
189 213
164 165
372 430
28 388
64 333
194 484
40 467
316 470
401 420
225 289
0 441
51 462
232 238
348 490
76 347
339 348
377 488
237 240
75 239
106 217
32 229
95 466
70 87
155 455
245 265
16 295
256 341
90 273
230 401
82 101
8 275
16 341
195 493
53 284
244 489
8 190
63 114
390 405
155 390
121 250
308 321
81 277
57 489
252 429
173 331
300 348
72 173
246 459
73 403
190 469
56 356
65 356
131 352
234 471
45 238
20 394
20 267
142 470
165 403
60 395
273 353
216 476
135 277
47 326
193 486
47 380
276 309
159 278
109 377
141 258
56 430
13 329
88 165
140 430
39 128
191 259
161 478
102 181
113 160
5 474
5 223
283 475
304 435
115 215
262 285
210 362
88 119
112 187
0 369
94 299
99 282
377 403
215 412
168 419
233 444
82 311
96 406
159 489
293 420
341 372
289 377
231 391
5 460
36 282
26 98
92 397
290 467
442 451
142 220
443 465
43 327
38 337
256 271
112 345
317 366
87 328
182 200
90 153
275 297
162 309
35 69
89 163
32 264
102 248
256 479
132 148
309 469
130 221
69 312
89 305
16 382
57 422
117 307
104 239
345 433
76 379
158 323
200 205
321 361
173 484
361 460
62 275
136 490
53 267
17 54
203 418
78 260
224 366
251 407
217 470
30 470
263 299
384 427
9 16
115 282
154 165
25 305
273 462
85 424
272 342
316 461
72 174
367 481
52 368
80 306
155 156
168 288
400 474
62 488
26 411
232 247
47 317
57 151
76 202
222 434
90 292
220 348
6 492
123 213
72 80
43 298
80 183
30 33
296 353
20 356
244 449
106 390
158 316
308 360
226 379
137 183
85 342
196 351
106 199
121 243
190 350
322 469
56 411
353 363
169 309
118 350
453 463
103 473
356 365
206 467
357 412
56 318
156 474
362 384
96 174
176 234
163 255
124 423
72 215
122 417
87 486
42 273
15 448
37 368
456 482
14 119
224 313
280 302
172 367
128 250
11 48
197 222
34 445
204 306
143 325
324 418
42 234
36 234
4 117
313 404
0 160
182 475
131 156
174 274
51 445
94 200
65 297
424 482
66 405
423 461
82 156
170 258
210 311
31 213
330 422
113 376
257 359
104 245
362 397
54 74
1 263
190 239
8 424
309 337
149 173
207 243
33 106
310 476
447 453
72 113
102 150
166 372
256 407
189 190
103 337
255 478
50 371
0 443
14 196
114 369
159 167
100 470
99 400
57 427
79 294
345 374
16 339
266 405
381 488
40 397
305 347
96 457
115 462
42 183
204 235
262 419
51 478
210 243
455 483
140 147
216 297
54 289
72 356
229 277
231 362
69 350
228 446
10 430
142 365
31 35
94 467
120 253
285 438
98 258
76 262
54 431
134 340
7 465
365 474
437 441
51 207
267 407
357 424
147 444
60 360
194 433
294 384
170 338
66 448
347 418
294 310
72 450
24 208
236 325
78 203
237 431
28 194
215 274
309 478
141 212
130 219
26 313
415 421
63 492
402 460
24 369
150 197
228 324
299 462
54 339
11 406
10 112
134 249
216 467
270 385
96 346
153 270
112 365
97 277
239 403
74 433
448 461
301 492
305 494
130 163
74 488
310 408
35 363
175 272
269 472
100 245
244 423
174 188
31 411
234 293
96 268
339 420
114 173
83 387
57 468
201 323
132 489
27 220
339 444
332 412
289 439
218 423
477 480
224 296
168 200
140 246
15 283
96 439
128 415
102 346
118 129
374 410
303 447
6 307
260 270
18 445
127 336
295 360
19 193
204 264
80 152
361 412
226 319
26 394
83 212
204 494
20 479
190 210
37 112
181 444
371 427
417 420
29 100
11 466
46 265
241 461
209 222
234 320
237 417
238 445
176 475
115 443
192 327
81 470
51 222
169 321
231 454
288 488
156 328
9 94
69 427
64 65
99 309
12 339
237 360
40 300
189 487
351 407
305 423
60 328
138 304
246 495
219 430
17 415
261 430
37 362
160 442
43 292
149 245
73 243
324 339
24 285
49 134
42 393
326 352
239 332
18 227
43 351
32 453
110 285
75 464
4 331
302 452
343 442
92 459
58 171
308 417
258 281
112 301
109 239
156 435
168 392
203 292
9 38
352 403
399 433
401 455
6 80
218 470
213 287
274 438
53 348
1 233
186 214
215 263
275 416
392 396
31 229
370 425
267 270
197 391
17 188
239 414
217 361
312 375
89 219
13 223
128 327
286 305
46 346
449 452
121 385
183 432
244 438
151 481
23 317
143 262
74 133
104 273
26 324
232 436
81 491
22 46
275 397
322 467
16 283
85 118
100 318
74 78
63 299
29 387
107 355
221 242
167 210
176 430
2 111
242 326
221 305
145 486
307 384
24 273
250 351
317 490
287 311
66 104
5 43
23 104
6 487
9 280
53 389
42 262
6 263
453 465
142 294
248 382
183 396
133 283
74 257
196 393
93 208
368 472
416 445
44 483
225 308
285 386
187 482
7 132
215 280
78 444
230 392
157 382
279 325
336 416
107 379
198 428
237 296
34 470
307 422
127 442
280 307
484 486
287 289
234 419
184 243
363 391
51 197
263 328
155 322
215 492
158 491
79 95
6 153
261 363
409 455
28 166
207 424
239 244
78 417
154 381
10 170
1 171
250 306
82 491
260 263
86 169
391 455
5 102
64 370
140 228
35 285
22 159
270 384
207 458
100 101
157 429
406 442
25 41
13 419
34 186
3 195
1 437
142 492
321 412
186 449
95 317
16 471
329 440
178 414
346 373
114 418
256 316
114 439
45 410
217 388
333 360
232 450
240 335
180 243
111 302
173 186
196 370
24 40
142 326
27 424
94 418
225 483
196 316
58 173
122 284
115 218
366 383
423 469
83 94
325 369
145 161
431 462
223 328
347 390
177 353
99 494
90 471
17 183
131 465
11 328
34 293
345 355
127 176
112 450
9 136
8 157
134 321
152 417
298 330
42 278
481 483
69 438
322 393
100 223
63 448
64 373
393 430
219 468
221 431
11 326
240 328
255 465
142 371
158 423
388 401
347 446
252 482
221 448
81 339
106 178
68 114
15 202
219 272
275 443
268 467
144 398
141 263
418 440
370 462
97 101
328 335
54 78
201 317
75 180
403 427
403 490
113 340
54 377
70 307
193 224
330 397
211 375
114 169
8 51
308 452
127 384
87 92
98 285
306 390
401 408
68 325
247 351
19 494
19 472
228 238
437 449
77 320
72 416
363 436
30 433
135 169
103 467
177 447
163 466
359 389
269 362
307 479
2 253
269 402
321 383
135 176
80 169
130 132
45 55
267 458
423 489
83 392
377 476
9 237
33 471
358 493
113 164
341 475
268 392
300 453
328 427
254 278
12 438
423 430
102 437
266 467
195 291
107 347
5 324
26 254
335 345
90 420
81 351
340 401
259 325
63 431
91 337
4 210
273 410
83 340
331 424
179 189
342 398
383 385
283 369
136 374
231 304
409 421
420 487
72 458
141 150
101 214
353 370
3 416
241 299
53 75
100 187
16 65
76 106
51 431
179 263
54 170
342 401
13 436
101 313
97 479
282 401
160 490
93 366
39 252
165 450
281 287
21 352
403 479
375 436
125 334
103 151
49 393
242 260
304 468
49 260
261 480
7 365
41 327
74 390
176 289
74 370
54 383
21 489
291 317
90 173
470 479
82 483
94 433
286 319
364 452
25 129
199 359
17 384
104 132
113 331
13 136
107 284
129 202
266 428
4 187
140 447
90 131
339 416
109 149
354 444
261 309
61 235
205 484
13 376
54 83
110 318
356 369
275 331
159 342
338 471
31 440
60 67
13 290
325 406
91 159
460 489
67 472
275 432
226 285
149 266
85 99
36 292
2 266
426 487
74 356
5 447
6 198
434 468
59 76
356 388
131 248
144 422
318 331
323 355
37 444
230 358
15 392
226 450
29 247
163 319
18 318
204 488
10 378
427 451
158 325
234 489
285 466
76 337
233 357
13 174
161 425
367 400
223 466
120 406
210 404
224 241
63 417
124 425
19 166
30 267
95 479
141 314
210 315
20 495
8 127
224 411
126 326
57 476
145 159
146 377
173 389
321 465
254 418
198 490
114 328
187 289
175 244
239 253
301 398
123 373
10 276
131 185
79 315
264 291
211 343
459 473
332 453
374 381
7 156
49 77
424 492
107 436
52 447
44 371
153 156
145 421
305 469
348 380
310 398
284 485
87 272
53 186
227 328
345 411
97 228
43 432
341 424
103 307
365 460
344 386
40 395
18 64
114 402
132 159
16 30
30 482
111 121
118 211
66 155
289 475
199 434
256 427
83 275
437 448
109 310
226 448
80 363
222 441
126 240
129 188
91 130
2 468
37 38
136 240
2 309
101 323
171 367
40 297
170 222
337 430
398 477
160 467
192 461
84 476
77 205
240 442
58 278
126 302
105 347
69 235
8 193
446 475
256 310
207 344
244 374
113 471
14 162
176 398
230 386
35 241
202 311
19 120
304 406
49 493
1 126
58 441
180 314
307 371
344 468
40 85
213 217
79 144
322 328
354 359
170 234
304 448
240 336
71 410
388 438
167 400
313 340
275 400
220 382
132 348
5 217
269 372
394 434
176 343
81 265
284 306
257 314
123 156
395 462
71 109
166 221
89 158
121 447
115 329
10 221
207 226
76 443
47 456
450 452
35 170
76 449
5 378
104 209
100 186
290 335
97 139
28 291
230 432
75 207
393 457
48 159
85 283
26 158
153 273
1 203
78 245
305 452
125 284
161 455
9 151
55 230
49 131
181 345
1 495
82 269
234 335
18 282
5 224
21 239
75 188
4 76
327 444
180 183
325 439
218 381
186 206
387 412
380 415
340 384
17 264
176 271
346 361
14 482
214 280
188 231
109 164
315 378
41 292
222 371
2 424
77 328
171 372
150 152
93 267
292 382
89 127
109 292
107 485
94 495
424 456
119 426
266 469
244 300
45 195
187 462
174 489
93 460
71 142
161 180
68 319
175 228
37 394
236 368
5 124
125 204
303 474
200 304
194 353
128 447
120 259
48 147
214 490
114 177
150 211
94 399
130 326
169 182
246 284
98 489
215 295
142 241
52 191
125 211
176 266
104 352
194 223
113 214
278 461
5 448
26 427
213 449
5 287
53 446
6 24
246 414
22 280
137 336
88 254
35 449
270 358
168 171
63 400
4 150
414 448
168 255
231 284
65 132
382 429
52 460
198 303
54 463
96 153
216 381
422 495
178 394
217 459
240 377
149 154
138 428
393 445
200 490
110 245
253 415
114 279
338 456
75 174
139 283
94 420
1 124
358 444
305 340
166 486
349 370
293 489
140 248
114 205
140 155
177 349
21 366
249 276
0 360
88 357
34 296
297 409
222 329
121 462
401 479
394 442
112 122
211 392
167 246
91 352
213 403
7 165
154 292
211 219
135 305
19 288
47 446
263 436
300 354
100 172
188 362
110 455
29 335
153 197
70 270
167 467
242 329
216 251
176 252
199 470
208 429
448 470
52 405
182 311
218 463
13 281
92 283
186 320
237 365
45 309
301 412
136 369
395 485
73 268
346 348
336 339
371 380
299 353
83 403
19 346
244 433
226 232
245 417
60 79
46 311
346 354
245 401
151 251
244 491
135 378
90 209
103 402
125 491
184 309
254 436
79 134
129 223
145 483
475 488
103 141
193 301
224 273
26 366
443 481
24 492
240 316
387 483
50 221
60 488
137 390
173 276
124 138
39 55
192 363
43 144
85 402
174 434
106 226
321 410
204 471
6 312
120 170
135 191
54 237
151 152
173 342
0 211
202 394
62 89
101 166
82 171
144 216
152 315
229 284
80 333
151 192
81 256
98 389
154 254
394 459
110 182
424 428
212 341
337 421
161 225
123 276
204 284
96 331
310 473
185 221
33 143
260 345
299 426
194 216
59 433
123 187
90 194
246 380
405 451
171 212
132 290
169 268
101 358
187 366
226 479
2 296
101 220
133 430
215 396
372 479
266 424
217 222
8 256
5 428
328 425
1 356
145 185
109 204
116 495
418 447
170 362
147 311
356 414
306 308
131 457
245 389
10 231
4 147
81 348
197 411
82 297
113 240
67 174
89 364
252 415
120 140
388 447
373 453
67 301
303 379
171 224
87 212
412 469
442 486
14 78
296 301
237 476
43 352
60 390
187 227
161 414
33 461
156 229
325 474
53 373
180 420
394 409
99 359
1 418
194 328
20 68
47 413
113 223
18 419
99 288
181 329
168 206
5 381
198 380
334 477
124 223
341 364
67 182
145 152
355 477
163 234
354 495
28 105
37 311
144 408
62 90
80 181
138 345
7 88
157 240
50 421
1 472
209 426
474 481
4 266
152 377
12 210
62 114
121 464
26 446
107 207
348 434
47 366
164 360
51 352
59 403
260 302
43 401
265 352
13 467
2 428
257 364
25 476
69 247
186 336
67 246
77 464
47 388
23 305
3 71
157 202
20 82
22 310
90 106
277 354
150 425
433 451
68 190
241 436
68 197
72 360
351 381
66 408
272 306
232 431
259 343
98 182
116 228
132 375
292 326
246 369
21 308
254 365
183 394
87 132
225 365
239 459
343 434
86 437
354 456
28 466
35 258
185 409
309 344
137 316
84 463
144 149
52 444
115 344
52 139
43 215
330 412
110 376
215 323
70 247
354 370
84 341
115 442
117 331
253 289
146 419
79 204
270 289
205 241
46 394
158 247
436 448
165 479
273 403
302 374
37 396
42 263
53 298
27 414
201 455
42 253
118 313
148 393
93 124
50 318
41 410
238 323
278 495
113 129
188 222
86 153
373 476
103 385
467 468
151 193
319 418
70 310
5 421
196 405
133 425
368 388
93 259
69 93
69 86
102 357
114 240
132 185
237 262
105 419
35 134
385 421
251 363
151 214
29 404
238 358
47 449
347 404
210 428
157 217
35 79
315 364
116 374
216 247
22 387
19 191
116 192
165 478
296 408
189 451
98 360
28 168
219 469
62 433
35 474
233 439
265 466
173 272
176 216
3 429
203 344
97 366
55 108
308 337
159 323
144 194
90 425
15 60
129 210
230 237
174 392
227 447
239 377
111 243
121 333
235 461
128 265
110 248
203 403
215 344
349 458
31 276
103 443
67 318
30 109
392 466
137 405
330 431
95 155
182 407
181 202
118 261
19 54
370 467
349 445
369 466
62 471
105 366
252 466
257 349
160 461
103 395
408 471
108 339
18 389
71 288
213 401
294 374
34 396
2 220
6 65
314 486
69 122
219 338
136 392
101 305
31 424
295 447
158 358
107 250
311 437
113 362
153 343
76 115
221 369
210 368
175 224
76 346
177 464
298 310
28 139
130 181
114 323
141 369
92 236
158 328
14 151
117 477
152 408
89 368
81 247
95 474
108 359
140 263
394 467
64 307
193 421
58 305
66 438
155 452
46 439
12 33
289 374
142 295
181 403
330 345
185 360
90 453
161 389
9 383
81 271
233 397
231 273
264 307
73 200
1 161
237 253
282 311
45 217
303 410
131 139
107 479
337 393
195 368
186 479
57 65
29 230
449 455
194 420
66 268
177 199
213 447
56 77
7 180
78 130
186 306
185 217
161 303
3 113
271 403
264 372
134 462
110 401
21 397
187 471
403 482
78 284
172 471
121 409
246 492
84 232
3 326
226 477
219 331
298 344
124 327
26 435
128 328
229 455
183 271
419 488
313 408
165 196
206 403
277 369
225 463
316 391
28 69
104 151
1 58
219 412
295 423
67 412
33 116
146 461
102 465
34 138
396 467
31 51
78 176
161 368
369 475
6 488
36 339
9 242
160 315
113 441
468 481
152 466
51 314
209 429
440 482
14 28
220 265
80 112
100 129
33 435
232 437
53 430
320 333
28 253
206 429
71 274
360 476
164 219
288 440
27 348
70 139
370 484
101 140
213 480
309 444
225 394
171 493
192 219
34 113
89 119
93 467
62 376
63 406
399 458
73 337
106 446
330 441
118 131
217 489
27 244
367 397
66 228
215 327
84 261
7 296
224 348
97 111
282 388
108 244
328 482
271 340
169 450
155 260
193 266
71 132
48 468
2 86
298 461
359 477
33 249
127 351
24 39
168 274
119 494
265 347
189 376
163 275
252 270
246 301
67 120
244 430
313 473
137 361
190 429
156 251
280 404
321 358
267 455
351 474
255 419
60 368
18 480
207 347
81 398
245 494
37 461
18 219
15 19
120 308
314 413
255 438
237 441
268 454
75 486
108 285
34 419
158 442
240 303
88 470
21 210
344 445
380 488
253 268
318 455
277 485
260 384
39 168
232 284
320 424
133 474
143 300
171 474
101 350
81 136
111 385
340 343
199 230
170 394
138 490
339 425
104 161
1 322
342 475
24 419
16 279
15 200
225 307
321 462
230 256
48 94
86 448
62 454
29 353
146 424
173 225
167 197
204 270
321 455
51 70
77 91
300 372
320 486
155 314
73 469
1 133
181 330
92 213
41 463
387 421
59 155
219 377
51 436
47 336
132 321
289 397
121 187
74 454
123 332
281 434
19 197
202 473
247 469
137 350
59 281
42 267
78 369
29 151
320 446
207 366
185 274
352 468
164 176
86 279
132 191
152 261
23 235
153 403
52 436
85 130
156 327
440 466
75 291
155 480
136 163
