363 4860
112 238
135 149
54 150
249 303
134 155
77 96
115 198
80 199
210 350
26 162
37 64
21 200
84 226
206 258
143 177
20 239
176 209
28 303
52 284
159 172
39 278
84 138
352 360
10 144
183 241
222 351
181 248
47 271
184 336
8 117
218 241
140 202
315 324
83 169
158 241
22 48
63 298
66 337
97 354
74 231
238 314
189 224
194 304
256 353
93 299
180 192
45 362
216 267
148 274
8 133
7 339
308 356
66 221
4 241
212 309
35 255
134 173
162 195
127 256
180 335
91 345
72 273
133 135
204 269
214 253
18 104
127 289
67 185
48 256
92 185
72 196
33 336
90 285
78 109
153 337
151 280
5 53
37 260
249 282
110 145
127 325
176 308
315 350
83 221
88 117
14 33
238 245
163 189
101 287
91 264
8 13
112 226
18 79
219 343
6 59
143 187
0 52
183 343
155 312
319 359
44 292
156 166
177 224
93 100
154 345
240 287
26 39
49 91
28 175
177 201
156 260
97 190
30 252
17 306
244 280
1 76
138 204
93 176
13 359
241 306
16 246
83 147
40 337
223 309
196 338
33 171
176 212
72 289
130 347
317 326
128 271
76 189
44 332
55 242
115 222
182 341
18 124
69 166
118 163
42 298
112 151
286 293
126 135
119 215
99 257
135 180
230 315
13 14
66 277
106 212
54 182
98 240
246 293
74 270
131 352
176 359
300 307
149 325
315 354
16 115
36 241
205 301
57 88
12 91
9 80
121 200
67 232
36 139
210 342
176 318
7 349
37 281
17 279
32 357
81 260
125 295
25 348
12 236
71 181
96 226
177 343
255 335
64 267
62 301
44 358
238 276
61 124
243 360
184 248
16 148
269 287
0 290
8 66
106 337
288 362
78 298
67 97
178 317
10 104
212 318
37 197
19 89
170 320
54 178
55 204
41 216
48 323
281 326
25 297
30 238
249 327
95 271
116 219
63 267
22 320
143 150
140 361
159 287
224 273
58 119
92 241
181 360
80 118
161 203
299 324
110 315
2 66
184 281
129 221
113 347
186 229
250 314
132 243
12 229
79 117
75 137
31 227
146 150
104 171
146 259
126 298
274 283
76 113
210 302
268 322
130 173
245 280
127 198
145 176
16 76
221 278
152 288
262 266
19 261
195 227
200 343
153 236
78 241
51 113
80 264
84 280
90 130
41 233
181 329
255 256
210 317
312 317
90 305
160 192
150 286
11 284
146 148
73 213
107 251
59 216
33 155
98 152
68 237
58 180
261 275
62 254
42 63
5 82
34 286
171 241
13 73
111 283
163 295
13 35
209 322
165 267
286 326
35 60
254 351
211 333
98 303
246 272
59 345
202 292
229 296
154 202
170 219
17 83
268 312
16 118
8 275
32 230
136 299
75 341
84 106
5 213
97 151
25 316
7 318
52 167
26 57
95 284
174 210
15 232
30 146
195 206
91 294
73 234
19 229
198 360
7 22
54 77
134 143
110 213
271 307
196 228
190 323
152 224
76 80
89 160
166 264
80 163
36 124
41 359
110 271
41 122
40 268
99 358
250 345
183 258
215 338
15 61
103 110
118 161
82 217
43 249
208 283
51 70
11 184
34 94
206 324
260 335
8 292
108 308
15 218
235 319
5 251
115 207
27 183
258 315
2 361
343 348
160 237
284 356
226 341
160 218
18 268
250 361
91 229
33 191
159 176
60 111
301 344
156 197
52 162
29 258
198 328
137 214
178 339
61 100
88 341
148 357
206 235
269 294
42 294
284 337
20 264
310 318
212 343
244 343
53 111
46 83
192 246
297 319
13 344
154 232
120 241
0 171
169 269
262 350
56 205
12 307
89 176
281 306
35 58
9 213
7 25
272 326
180 249
78 228
275 343
67 100
92 136
15 320
88 211
16 24
214 220
195 300
144 246
52 77
16 228
218 261
198 326
65 114
42 191
151 339
136 349
113 210
140 344
150 189
122 125
71 84
138 140
133 264
53 329
33 85
50 289
6 131
7 180
81 316
49 98
143 230
57 282
76 254
24 246
104 303
160 280
28 219
7 193
22 266
50 299
1 196
213 343
57 182
143 342
47 187
161 200
252 319
220 303
55 152
115 304
313 356
144 205
120 207
263 362
205 338
79 324
154 340
201 247
101 233
226 259
159 160
246 356
3 188
286 362
154 302
67 237
287 334
22 23
22 133
167 251
71 292
142 156
178 204
41 136
41 44
173 222
94 121
229 319
242 349
245 354
41 293
253 313
28 298
59 113
137 162
25 103
239 282
245 344
89 278
123 361
42 275
105 112
56 319
154 221
30 277
195 282
177 347
258 361
146 305
152 320
139 224
223 292
30 355
1 361
323 332
106 169
213 336
70 281
118 252
23 252
176 244
97 140
37 229
47 216
15 301
35 273
98 141
349 358
17 53
28 139
147 295
118 330
201 208
119 302
229 325
188 350
56 128
47 155
253 352
164 351
166 205
41 195
142 177
150 217
98 219
110 265
178 199
232 282
219 309
27 338
12 107
122 260
121 287
254 259
42 96
176 246
92 258
269 315
168 222
6 308
283 329
272 301
89 216
10 114
27 50
167 304
179 326
75 78
104 203
168 208
226 337
135 284
108 271
177 256
254 355
248 356
3 230
35 112
25 349
30 278
88 178
97 322
183 311
93 209
8 348
232 341
111 181
170 292
14 272
158 175
180 193
130 139
91 274
66 216
98 169
235 357
58 176
107 236
37 118
26 256
131 237
216 311
39 233
151 229
20 254
191 340
152 156
163 217
281 320
177 218
182 206
179 337
119 161
222 262
69 242
70 329
29 65
23 126
9 43
125 212
47 259
339 347
236 243
329 333
91 221
87 348
3 330
186 332
95 154
195 200
207 229
331 333
329 352
175 327
67 327
35 254
92 238
171 303
262 352
133 319
9 307
43 126
200 336
186 301
150 305
93 134
25 29
37 322
6 136
124 273
285 290
46 218
38 145
106 251
26 96
77 227
66 336
100 253
118 331
171 240
22 241
199 308
270 285
0 356
68 143
55 298
89 202
66 224
168 279
74 310
98 273
166 289
35 261
109 272
154 357
207 283
40 316
151 319
80 219
49 198
136 152
135 206
83 357
59 280
15 284
273 336
49 79
148 319
181 232
200 239
73 220
85 180
231 294
40 242
123 295
62 178
32 211
87 102
272 343
90 126
296 326
48 145
166 235
252 338
90 296
317 360
130 181
138 255
33 200
96 211
269 293
52 310
69 304
97 362
192 252
166 229
9 223
20 103
51 195
162 171
156 334
47 351
88 285
27 311
301 349
52 361
55 195
216 292
41 113
297 359
96 175
71 257
65 172
317 351
4 252
61 102
34 135
177 185
4 341
193 221
309 334
224 291
17 275
144 308
127 349
31 85
32 104
65 331
13 99
102 223
302 317
259 352
110 237
0 58
226 263
65 271
56 76
26 130
166 312
92 297
114 142
76 323
70 192
71 248
213 326
231 351
99 359
102 301
96 362
48 91
53 351
85 289
72 269
129 336
141 208
26 54
204 336
30 358
79 227
135 286
30 121
1 340
169 178
94 208
326 337
55 244
82 257
0 212
22 70
329 359
51 129
43 354
52 192
256 303
185 202
45 306
46 331
302 344
6 282
92 326
138 254
243 329
268 344
144 256
149 232
205 275
68 254
15 119
0 173
60 331
255 310
290 335
159 266
40 166
17 71
76 297
50 88
107 196
21 91
6 118
66 95
89 258
138 342
66 220
218 231
170 318
38 317
25 332
165 342
41 150
292 339
43 310
114 324
41 204
333 340
36 276
13 45
0 176
103 157
117 290
156 206
88 114
157 166
207 276
82 280
118 217
18 153
260 318
234 332
144 276
296 349
144 360
199 271
210 247
2 347
66 323
10 101
249 264
125 347
97 277
117 119
187 352
103 293
41 117
24 115
128 187
8 208
20 33
102 241
173 231
326 341
144 234
221 246
0 15
183 355
85 302
103 116
268 352
27 361
187 329
125 248
60 356
41 197
59 285
242 284
140 237
21 149
264 321
13 225
53 65
243 334
69 114
73 270
21 258
34 274
282 345
76 120
67 361
67 145
73 146
30 178
46 119
31 103
85 175
163 186
166 219
222 331
40 302
115 327
92 170
11 62
260 310
65 229
159 323
166 202
99 154
270 311
102 115
167 212
122 170
126 338
193 355
44 89
16 169
107 230
252 310
107 337
53 309
78 306
58 131
102 275
45 335
30 315
239 313
231 320
72 327
77 102
284 320
223 330
278 339
104 295
57 329
75 285
80 205
206 274
275 312
69 262
25 108
66 132
198 266
160 230
185 243
123 343
34 119
34 120
106 109
33 225
123 225
73 267
201 221
175 247
223 324
28 272
151 162
115 201
180 355
277 292
2 153
27 210
3 261
106 131
41 335
53 192
227 326
268 336
258 308
267 300
146 210
142 274
340 360
44 266
22 205
24 162
238 335
157 234
8 316
7 157
203 298
54 245
1 106
14 133
22 35
56 160
147 341
201 251
257 331
193 203
239 323
122 209
9 156
29 94
139 257
15 343
166 362
34 300
73 301
157 181
130 213
273 334
142 188
188 356
90 152
33 154
19 282
195 335
68 132
28 359
44 179
131 167
17 234
220 240
158 293
99 293
62 125
232 267
55 157
25 125
123 280
310 354
116 310
18 216
121 317
75 109
73 166
275 281
41 55
150 296
62 358
99 229
144 316
301 358
111 237
62 146
214 311
76 284
239 346
198 307
33 268
179 336
99 199
268 329
165 231
127 186
202 345
163 318
32 286
132 212
235 286
67 257
235 359
178 254
29 48
44 64
54 56
91 129
74 86
256 327
76 347
175 293
224 278
307 349
6 298
25 61
81 327
158 229
1 177
78 313
12 339
108 196
308 311
22 110
184 265
152 336
122 322
67 329
71 91
134 281
64 235
169 278
42 329
32 312
280 304
90 357
259 282
87 179
54 302
7 250
3 38
293 357
238 301
164 179
25 210
19 313
185 313
210 339
255 272
251 332
241 279
123 281
175 315
142 275
30 203
89 196
58 339
264 352
177 246
70 342
37 274
126 200
211 336
134 312
21 179
176 208
174 278
189 221
12 13
287 351
216 336
51 178
149 172
50 98
0 151
112 223
4 334
28 258
167 182
69 330
285 327
219 286
23 48
29 340
16 47
95 108
71 192
208 258
161 325
275 351
190 345
131 342
81 357
165 255
36 134
79 269
8 299
118 293
3 354
68 193
98 333
87 342
49 170
66 298
271 297
201 275
104 343
181 240
107 170
345 356
242 253
208 351
25 149
231 362
154 339
181 308
29 279
179 324
244 262
211 347
125 282
241 346
98 325
141 198
34 345
184 293
278 310
50 278
204 245
128 235
161 348
80 214
172 245
70 202
23 225
20 335
80 269
128 204
136 177
140 169
49 338
12 274
240 247
39 291
1 246
298 360
233 243
261 276
74 179
190 227
293 300
55 220
30 254
115 132
49 216
93 236
83 255
150 181
241 278
29 257
181 295
236 296
53 338
250 299
59 195
252 344
69 101
100 307
257 318
178 327
175 299
192 258
109 305
332 346
108 359
89 362
86 206
17 131
105 201
245 264
230 337
104 199
196 232
9 63
30 193
315 331
124 338
246 284
241 277
65 273
149 154
120 162
94 254
150 255
268 313
191 231
133 228
104 331
33 264
38 356
38 130
115 126
204 313
185 214
40 289
143 326
175 285
189 291
125 171
85 330
222 263
119 216
109 355
137 319
39 191
240 288
276 300
11 316
123 166
32 226
25 251
60 213
80 249
115 146
109 348
130 135
201 295
199 233
133 268
59 92
147 192
143 292
229 318
32 87
206 318
123 179
214 265
294 332
17 267
9 311
314 330
18 196
204 242
45 193
25 221
205 219
222 237
90 309
100 332
39 228
129 278
238 319
91 215
197 269
136 321
32 54
213 245
155 226
105 333
39 279
72 165
151 237
17 120
97 157
13 56
206 228
75 353
131 319
10 242
124 212
133 156
170 309
337 341
153 207
132 203
215 233
92 236
90 218
292 356
162 345
99 142
53 208
81 246
71 113
41 347
142 346
277 294
159 181
146 254
53 232
18 241
8 125
41 319
110 132
102 309
27 51
194 360
49 121
74 332
27 308
174 213
174 320
125 205
228 292
147 361
8 189
9 13
100 345
261 350
12 196
208 336
236 345
270 308
10 176
73 221
62 265
39 231
65 161
189 315
71 76
10 61
159 357
168 306
61 118
104 320
88 236
91 248
141 254
95 333
132 149
166 361
78 254
106 272
94 312
40 141
100 270
153 188
125 286
94 151
91 351
163 234
191 235
186 339
16 286
135 275
51 312
13 94
5 353
160 173
85 282
103 279
29 274
116 295
151 166
76 296
199 321
67 242
332 335
233 340
52 100
131 291
13 302
51 340
310 361
200 276
155 270
103 209
139 300
300 315
344 362
70 308
185 333
179 218
19 134
152 198
299 355
40 347
222 358
43 309
9 224
189 233
129 130
185 205
5 361
62 127
59 342
13 237
208 252
52 297
217 285
289 299
220 353
191 333
233 292
41 88
48 71
52 235
21 347
54 235
65 177
355 361
194 345
40 103
59 297
24 86
137 229
165 328
36 272
285 337
86 284
56 143
197 343
88 203
121 319
12 204
87 310
187 309
56 148
228 352
12 257
136 345
28 251
46 194
262 324
63 261
82 139
134 299
199 256
143 313
323 338
83 155
279 310
193 216
164 279
101 196
280 342
37 122
54 300
220 284
307 325
68 231
146 174
55 203
301 357
48 93
50 280
118 201
35 272
167 264
90 115
250 257
123 189
168 195
324 337
122 279
268 361
170 274
43 64
1 283
4 56
168 228
120 252
67 210
157 304
82 125
21 90
89 359
3 53
161 339
57 151
151 177
65 336
247 271
72 255
243 362
228 255
46 336
159 168
38 92
17 341
191 320
26 174
158 309
67 330
7 14
7 122
213 289
16 242
15 318
223 321
221 270
59 164
44 244
219 239
23 33
142 260
70 326
5 170
156 225
191 212
41 72
148 214
8 16
122 340
6 314
87 330
244 328
71 352
216 343
86 174
156 346
98 143
323 347
13 210
11 116
94 241
88 91
57 81
166 252
224 323
140 254
153 204
243 278
139 362
266 347
121 277
4 112
140 262
64 123
41 274
50 271
81 237
195 264
144 298
124 190
134 269
231 305
66 87
65 104
198 312
179 261
213 329
234 357
13 48
50 212
188 260
29 39
26 142
157 251
1 236
115 213
90 189
113 245
11 226
45 359
61 150
293 324
164 216
182 321
162 308
198 350
87 240
152 155
217 238
28 116
75 325
163 229
102 284
50 139
200 321
154 226
88 143
218 304
135 313
6 52
19 178
25 45
219 316
27 53
41 127
137 275
7 36
231 270
185 246
175 203
297 347
176 248
127 257
159 253
102 352
171 295
185 262
46 358
261 320
298 340
353 357
324 338
134 195
60 229
182 250
30 192
128 330
52 104
239 257
77 355
25 127
68 207
16 25
15 26
11 86
6 161
64 276
126 347
83 120
61 330
2 170
108 143
155 356
220 228
108 293
190 263
273 333
75 283
94 255
150 190
66 181
203 291
140 227
185 204
257 295
55 251
118 177
318 344
197 317
167 339
189 220
161 185
49 56
257 326
144 266
286 352
80 261
47 264
159 197
115 190
37 147
202 244
21 34
114 269
148 196
46 153
186 211
145 200
93 218
1 151
189 268
167 359
314 358
65 285
287 316
58 82
311 316
87 150
337 352
98 156
16 131
43 92
160 165
118 322
13 285
4 168
92 251
185 209
202 232
38 273
186 232
102 342
65 134
300 355
156 253
192 314
84 255
61 200
151 279
213 236
232 265
80 276
63 185
250 326
5 338
286 294
167 227
180 322
131 341
119 351
315 344
113 270
89 229
91 275
18 272
13 334
141 347
66 106
103 166
204 360
176 337
269 271
178 186
221 361
61 227
74 347
112 161
273 294
340 343
188 248
162 263
153 190
91 98
48 87
43 124
190 356
51 242
89 304
96 216
155 284
303 343
82 148
168 278
48 216
84 223
76 82
10 51
280 354
48 197
103 248
58 120
123 198
257 330
157 279
170 190
139 206
23 144
239 343
152 351
11 114
107 322
223 255
23 49
24 45
94 155
223 238
142 245
143 224
135 136
81 258
127 168
9 352
24 50
183 240
265 303
2 103
59 252
81 311
236 276
78 277
104 338
264 309
145 199
122 126
202 353
79 148
340 351
6 287
148 311
206 328
53 235
148 153
44 196
134 362
76 276
61 126
30 351
222 307
314 323
228 300
280 357
184 228
154 305
91 327
132 232
152 193
253 314
19 114
40 198
33 34
83 140
139 336
123 283
29 337
224 267
337 351
24 29
214 327
76 327
32 65
39 343
45 68
92 286
22 130
61 271
74 118
113 294
46 323
158 193
187 345
256 302
130 299
161 172
53 315
160 183
141 150
304 315
56 215
225 356
69 319
60 134
272 355
65 315
79 158
107 270
16 203
90 308
43 66
7 201
75 196
69 139
105 247
147 257
82 347
146 291
297 346
26 313
114 119
191 241
55 80
120 163
200 357
30 236
95 110
46 326
263 358
106 354
116 118
24 89
315 323
191 267
309 315
72 274
257 352
13 261
163 220
92 277
15 192
112 127
194 326
116 176
2 318
64 115
225 290
25 35
2 324
50 288
11 24
82 181
64 362
299 344
40 124
14 304
30 271
20 304
13 244
18 315
134 227
162 344
9 100
261 361
153 301
146 161
76 198
58 177
34 151
23 118
302 328
23 338
205 257
46 272
5 49
316 325
70 223
206 225
36 48
0 301
107 185
108 124
122 349
134 345
104 184
227 343
125 230
75 338
86 195
202 225
153 233
198 249
58 225
153 295
31 65
221 252
313 354
106 166
53 205
30 149
91 325
34 217
54 310
28 320
19 61
129 159
168 231
175 306
56 208
13 167
314 342
22 324
166 220
12 285
37 112
85 326
42 281
85 294
245 303
1 133
78 237
71 317
15 229
112 175
21 196
46 230
164 336
303 347
28 135
192 280
18 261
91 297
43 284
320 333
144 239
197 224
89 219
191 223
49 331
304 353
258 307
304 317
125 224
270 356
118 231
102 291
113 274
108 218
103 179
21 69
63 324
276 289
133 258
76 318
5 100
72 233
11 255
28 33
160 361
104 258
128 318
113 306
203 356
116 354
182 239
78 80
119 142
28 40
297 299
220 338
36 301
144 178
28 134
212 226
112 158
90 118
44 171
37 282
43 204
251 254
46 138
34 233
289 348
205 246
36 291
128 156
127 237
10 356
101 208
120 158
21 252
253 336
112 360
101 172
91 117
122 281
27 271
236 290
4 186
114 330
35 334
38 153
33 60
37 196
133 295
131 338
117 305
100 342
140 191
107 309
119 128
3 105
181 348
74 359
84 323
283 317
137 155
219 351
100 197
258 289
215 259
84 238
250 271
45 222
105 108
39 356
91 188
280 355
208 321
273 289
26 188
64 279
30 322
203 262
232 298
134 232
105 353
221 337
193 312
60 309
178 183
321 326
166 223
63 207
18 58
164 234
104 284
5 24
174 245
26 219
111 303
120 232
158 283
49 73
29 73
53 212
64 305
87 264
290 352
145 250
199 309
96 350
27 323
180 271
23 44
109 181
230 266
184 268
102 327
0 263
113 239
201 220
146 320
118 256
45 361
116 192
312 327
29 113
92 343
38 208
190 230
68 216
12 325
225 240
201 203
22 163
139 320
3 251
178 345
190 306
286 329
273 324
68 265
12 173
1 79
59 161
69 174
160 214
34 200
155 204
14 37
24 219
172 308
42 71
197 247
26 238
35 108
89 100
1 192
157 296
1 325
121 297
86 302
55 234
155 289
3 254
247 262
54 99
132 265
163 340
89 97
42 62
10 339
300 318
84 256
65 290
135 262
233 248
42 238
93 117
77 289
186 209
107 163
125 341
95 118
48 330
6 57
311 319
294 333
194 242
102 154
211 352
27 352
49 302
45 281
263 361
273 326
174 204
151 194
66 103
119 271
14 119
219 341
143 285
59 122
73 238
7 128
14 201
195 257
106 228
139 238
133 202
21 303
3 7
70 141
232 255
27 353
53 242
2 5
227 297
116 136
128 356
94 193
224 332
77 347
33 44
89 167
24 147
16 207
89 158
218 233
275 321
168 314
116 211
322 331
216 357
266 355
0 38
196 246
36 223
100 303
61 319
74 341
91 157
20 29
73 188
34 237
41 354
124 194
88 144
16 222
119 127
16 251
36 51
52 150
103 329
267 272
147 283
93 246
225 278
83 90
20 121
140 251
241 352
25 26
201 228
57 194
110 203
103 152
117 151
219 324
95 210
145 161
35 235
128 232
60 302
11 296
233 325
72 190
185 190
0 257
69 224
27 260
57 299
288 318
86 198
190 342
34 212
172 190
163 287
65 235
17 39
72 263
32 265
7 164
321 346
19 361
7 362
4 96
76 176
258 268
19 307
29 212
34 211
54 106
24 30
92 222
37 358
129 230
4 312
110 257
94 187
26 257
131 192
194 252
242 358
82 212
260 300
30 65
126 321
103 282
120 307
22 267
55 215
73 350
164 359
35 163
115 283
3 13
144 184
175 210
3 166
214 302
42 357
33 108
25 216
121 315
145 292
152 191
158 166
63 87
85 277
96 270
208 342
6 113
202 317
33 163
9 309
104 182
75 282
267 315
195 286
154 195
173 362
75 203
9 45
171 173
138 213
0 348
101 155
154 272
129 237
50 68
47 292
174 183
198 280
30 330
108 278
16 281
99 134
87 159
56 84
174 295
247 304
24 259
161 307
136 332
195 228
182 359
117 187
19 281
58 116
58 169
106 232
83 269
192 303
37 72
21 234
15 358
113 121
178 318
287 343
149 191
72 276
103 195
177 212
165 289
22 250
78 331
189 280
2 241
60 75
112 142
275 360
282 283
297 336
65 246
56 333
75 175
9 319
63 343
65 69
136 219
51 288
85 255
212 276
143 286
272 316
259 313
67 169
138 236
83 171
135 196
161 295
104 107
66 318
181 196
192 212
38 180
149 274
13 40
194 269
18 135
59 299
18 269
271 356
91 342
170 329
192 194
118 350
258 267
116 275
55 170
41 306
56 331
227 279
178 332
84 111
33 48
324 334
33 340
252 290
157 260
76 259
8 48
38 162
169 204
297 360
180 360
226 286
46 276
32 314
53 294
144 238
52 109
178 309
30 113
106 152
109 325
79 209
178 359
107 361
136 331
232 274
36 144
10 206
284 350
157 230
38 154
134 206
20 262
114 192
70 345
216 269
303 328
46 124
45 90
29 268
30 300
107 192
39 161
77 202
49 82
14 161
168 186
148 191
117 166
305 323
191 306
158 217
40 98
109 313
197 293
167 292
6 48
348 357
272 321
77 312
26 27
29 198
47 166
51 297
177 257
153 209
45 319
224 286
240 339
20 83
136 146
153 166
134 272
205 349
164 281
16 94
22 290
0 357
37 308
104 260
141 166
202 261
148 344
220 277
87 298
316 362
132 238
16 46
17 115
53 252
81 293
15 238
89 336
19 99
52 126
20 57
52 309
272 361
64 158
80 345
103 129
134 291
113 256
131 206
24 76
208 334
264 312
13 84
92 340
46 105
34 121
75 77
22 137
60 199
4 159
235 295
121 216
117 177
162 197
15 109
337 345
127 140
203 246
94 242
154 168
60 104
63 229
94 317
69 105
143 283
44 59
212 289
263 282
51 128
7 312
116 249
89 193
171 196
254 317
61 104
75 271
137 344
60 113
86 344
195 294
15 195
221 244
46 250
89 260
61 352
13 57
58 140
84 145
282 303
250 313
85 236
2 327
127 149
23 322
38 296
111 200
10 263
82 248
6 239
129 280
31 70
68 77
105 246
41 42
2 223
107 126
20 244
323 349
66 219
176 242
54 295
73 307
70 264
220 333
31 299
62 202
74 308
52 298
121 180
82 286
76 170
161 291
286 287
92 155
135 203
4 254
209 356
107 218
52 78
196 260
125 241
55 257
150 232
52 338
75 88
47 92
98 362
137 230
111 338
236 330
22 182
96 335
139 260
120 214
101 273
15 123
128 136
77 94
109 204
7 57
193 329
101 153
23 219
315 355
63 236
93 150
106 138
41 312
156 359
46 301
101 213
248 343
18 314
1 326
107 347
160 357
52 121
40 208
263 276
62 106
333 347
154 267
58 315
110 312
24 361
120 266
35 236
46 96
86 102
246 307
85 157
248 280
231 309
90 223
23 216
18 184
58 199
23 209
56 187
28 102
66 282
44 178
128 313
283 335
122 237
90 228
30 173
197 249
57 79
186 201
73 352
113 355
49 115
10 326
152 281
18 37
43 359
96 236
16 274
207 269
166 240
256 356
30 310
40 192
57 275
103 107
229 288
143 248
128 203
17 305
126 170
139 191
18 117
198 231
49 249
148 180
120 277
89 223
134 263
137 184
129 326
47 173
262 360
38 65
82 304
258 309
61 67
117 248
88 343
84 89
94 195
4 130
25 329
31 161
52 236
157 290
81 130
117 240
173 322
31 307
29 100
21 227
27 287
251 336
14 294
9 232
93 354
49 173
186 334
38 129
164 223
139 312
130 134
142 362
160 354
103 260
35 180
214 279
123 137
80 335
61 272
57 219
173 313
72 279
101 159
177 329
123 276
69 321
53 340
126 188
23 223
9 253
77 153
78 278
228 276
146 172
142 237
105 244
99 297
11 99
254 255
39 164
21 255
119 126
124 326
82 250
120 283
16 349
201 333
191 202
60 148
199 361
271 303
269 295
193 350
83 172
187 262
40 211
293 298
230 324
44 57
19 269
1 12
11 18
35 149
111 330
36 312
309 362
149 220
284 309
146 286
157 235
6 343
197 239
345 353
222 341
14 350
4 155
260 329
324 326
10 77
307 353
129 235
9 94
67 322
144 150
143 324
114 315
200 349
80 248
210 284
298 306
206 303
10 123
97 210
86 148
44 335
105 295
154 217
31 56
22 283
20 299
26 273
9 124
145 215
202 358
89 214
142 343
71 74
27 69
78 361
142 348
33 242
140 147
14 307
153 302
6 175
3 350
243 276
243 306
218 347
73 109
42 103
31 67
8 111
8 274
219 345
79 237
96 172
286 338
219 280
294 342
232 360
21 270
1 54
275 331
29 54
30 223
15 154
33 45
109 197
47 257
82 314
65 145
126 223
172 229
41 315
16 326
27 86
214 242
78 300
35 242
141 204
10 217
143 232
14 150
169 238
1 187
36 164
230 276
158 234
155 168
93 202
130 223
100 251
229 356
4 161
118 141
26 177
273 340
5 169
171 317
108 135
105 172
0 322
126 339
285 326
13 28
45 248
85 174
234 318
245 349
13 43
193 267
27 146
162 236
52 102
113 177
69 103
126 358
2 178
62 234
78 207
74 92
258 345
21 325
108 224
210 283
24 298
35 177
150 203
215 361
317 335
235 304
113 265
87 163
83 228
50 194
269 350
163 252
94 316
39 270
78 95
20 51
149 193
98 244
213 264
118 246
110 242
118 167
331 343
100 360
46 121
181 280
45 244
117 356
253 350
2 108
148 221
55 285
25 141
15 55
103 159
48 362
245 345
135 145
327 353
15 189
45 70
225 337
0 201
182 315
144 229
202 348
315 332
121 331
40 357
73 232
122 123
63 159
55 347
277 315
89 275
83 294
131 156
15 112
187 302
95 282
99 121
104 126
248 283
158 161
71 134
188 274
183 233
89 163
70 306
199 206
1 182
6 225
183 294
120 138
54 238
96 354
18 91
3 294
94 162
59 307
64 234
61 120
92 96
137 167
26 215
23 221
39 292
347 349
193 200
188 297
71 95
25 266
11 94
117 278
227 355
55 305
15 349
114 355
10 178
236 257
117 138
65 183
48 209
61 134
87 328
268 277
200 354
172 177
77 239
171 221
176 185
195 297
62 313
66 153
94 107
311 318
176 317
158 222
120 276
76 169
299 349
118 274
60 251
100 234
134 323
16 137
214 301
11 29
32 281
233 323
163 279
180 358
70 146
65 357
27 58
152 331
175 242
67 207
151 320
288 348
107 311
37 292
199 262
13 234
137 172
78 121
51 192
13 339
15 265
15 131
122 358
7 94
211 225
187 285
24 83
113 337
66 141
309 327
172 314
72 282
37 319
186 325
98 237
286 353
207 299
214 254
8 76
264 296
78 255
74 116
145 251
40 355
120 172
326 345
19 257
130 325
51 348
10 325
14 335
103 311
77 203
9 330
101 188
82 354
138 216
2 50
48 181
212 272
71 189
187 346
259 317
211 345
11 327
111 170
135 294
12 51
138 157
6 280
11 106
93 276
305 310
166 275
47 89
281 340
53 271
46 245
326 357
266 358
58 306
68 199
67 332
147 182
192 231
37 208
276 354
35 176
190 262
85 215
169 245
17 360
179 202
279 319
173 238
2 331
120 339
117 259
118 343
116 255
35 336
230 342
257 345
160 205
43 346
189 241
277 318
91 152
29 298
177 303
219 294
67 196
126 303
35 181
89 220
121 258
207 345
175 244
24 253
71 249
222 227
99 159
104 195
26 341
46 267
241 249
23 114
290 315
69 271
132 273
254 301
49 284
97 199
199 251
62 177
173 317
185 254
352 361
43 223
150 273
243 249
111 117
44 104
294 347
122 350
88 272
44 126
137 234
220 252
7 206
162 357
84 159
195 229
152 335
65 344
170 351
40 274
1 308
148 343
49 274
175 226
52 244
65 308
103 190
68 356
47 210
61 219
137 164
101 215
6 211
71 350
101 270
232 344
214 226
273 304
119 263
51 93
84 279
164 280
8 14
37 104
213 351
149 177
209 306
172 290
222 327
5 311
23 315
256 305
100 354
264 272
226 315
145 232
82 252
166 248
241 311
133 137
225 326
39 221
34 132
4 106
236 241
86 332
51 326
72 298
153 299
126 146
48 272
276 361
317 322
50 207
119 232
310 320
2 211
229 361
117 256
119 360
35 216
264 315
83 271
24 248
54 101
277 352
32 351
197 281
176 282
211 231
21 25
8 235
1 346
189 354
110 153
89 301
317 355
199 269
164 177
188 326
214 292
58 88
17 302
36 209
52 313
25 67
291 323
62 356
29 217
198 281
127 133
38 344
2 317
151 197
52 242
47 320
223 327
336 359
79 126
280 336
187 236
86 105
300 348
17 178
51 215
37 338
124 204
334 350
63 160
21 336
74 304
271 338
97 154
167 239
123 350
220 328
4 25
76 358
16 138
69 256
98 305
48 276
193 233
213 302
219 349
70 312
197 300
139 313
79 228
2 270
279 320
71 244
99 217
38 256
42 314
79 271
17 109
15 145
216 225
211 350
213 311
39 190
74 200
30 157
188 281
223 253
64 285
35 343
178 282
265 274
178 195
6 137
202 260
123 185
280 331
61 334
357 359
15 269
37 348
65 288
56 304
13 313
202 346
134 235
279 355
124 233
4 132
4 55
200 254
76 167
290 327
175 272
34 343
132 189
109 306
239 249
166 360
210 310
4 311
50 71
210 245
23 109
26 254
182 241
27 162
23 214
7 267
23 192
63 96
252 284
106 125
37 267
12 57
82 296
74 130
6 148
93 277
3 151
131 170
9 187
85 278
100 357
36 339
127 209
300 333
8 158
62 196
43 273
70 249
89 162
28 137
281 294
31 190
57 351
92 253
299 327
191 342
20 131
301 322
44 247
142 353
304 362
30 317
70 89
148 285
84 103
157 265
186 356
77 342
202 278
238 338
134 275
243 275
73 235
249 341
67 250
81 351
116 141
129 344
3 160
34 133
133 277
21 164
26 171
153 275
37 85
46 206
62 66
28 192
11 180
126 310
87 325
50 128
65 283
172 175
254 297
68 284
196 329
42 46
159 226
72 265
17 326
163 260
4 95
70 259
170 252
50 335
99 145
310 319
146 183
263 270
242 316
313 350
293 303
52 195
164 314
104 361
199 335
55 197
62 290
113 276
18 154
22 256
221 289
331 347
198 292
67 236
130 267
98 154
23 116
106 184
133 162
146 207
38 200
206 291
104 140
61 144
161 186
2 51
117 288
41 336
91 127
158 182
36 41
38 48
69 226
76 237
133 191
134 320
63 213
93 110
66 262
313 361
24 135
206 304
281 356
193 220
15 273
91 349
115 157
66 193
73 243
123 125
21 96
4 70
230 261
331 344
88 290
12 281
220 267
251 330
82 118
0 21
77 279
323 327
278 309
94 138
148 283
87 234
55 179
71 229
314 344
116 140
56 264
234 246
190 303
78 324
32 250
233 259
128 168
92 291
57 248
136 159
57 107
10 199
187 307
22 340
34 103
141 283
149 314
243 359
244 330
158 343
286 304
179 210
23 226
156 252
33 343
38 359
73 319
5 301
19 293
150 179
37 177
111 313
38 241
237 296
125 238
149 327
203 226
84 261
208 219
194 197
108 256
192 306
174 244
152 337
63 101
109 281
24 326
106 215
103 120
60 242
132 222
14 56
83 325
185 286
172 200
200 288
24 307
260 316
208 216
210 213
28 271
57 183
55 222
294 353
33 248
219 263
100 243
157 294
55 290
206 293
64 187
274 289
138 192
199 351
57 255
54 130
185 291
144 235
101 222
57 197
85 134
216 223
27 303
241 293
37 355
302 313
156 310
52 312
15 361
164 295
158 165
65 353
212 297
126 140
189 300
60 101
11 314
76 79
21 61
33 285
16 325
261 287
39 156
70 219
60 239
60 352
3 320
11 243
60 97
296 302
254 345
24 334
191 222
205 313
121 264
90 353
179 249
153 161
180 283
48 172
27 248
140 290
75 145
49 201
84 268
53 311
140 266
48 60
57 246
75 305
33 260
281 357
106 218
84 161
199 338
268 286
281 300
192 195
184 234
85 325
247 362
138 231
156 290
25 114
176 362
33 145
46 329
188 314
279 354
7 336
184 210
259 341
131 153
255 302
34 347
271 359
185 223
188 246
153 214
191 293
45 85
58 286
30 31
183 344
128 314
174 262
162 336
163 222
199 211
48 96
141 250
79 246
184 256
127 208
23 241
20 70
79 144
36 89
186 305
277 304
171 313
74 139
22 151
63 90
76 104
7 294
12 308
277 316
70 339
28 34
92 295
109 308
160 194
144 145
247 266
160 256
176 323
257 285
183 225
148 293
91 244
270 338
24 99
20 209
8 19
41 264
24 168
224 328
167 173
116 170
118 207
206 334
129 292
187 261
188 347
287 305
46 152
18 151
107 171
162 166
190 242
268 341
176 230
220 299
143 346
178 247
281 346
31 82
27 157
128 201
346 361
128 146
42 113
132 180
71 97
309 346
82 283
302 322
109 238
131 162
167 303
46 47
135 218
120 282
318 357
98 147
105 339
248 341
159 329
158 181
31 47
181 233
106 286
77 128
227 295
190 257
84 260
81 90
22 140
173 266
235 291
73 149
54 171
23 143
115 354
108 212
238 288
61 293
201 296
90 149
213 333
98 101
78 343
3 270
96 124
49 106
92 157
131 304
103 142
35 287
316 327
326 359
85 160
88 323
120 238
50 198
47 168
128 182
180 233
230 241
64 220
166 197
10 108
74 302
166 329
172 303
285 311
281 288
241 321
143 236
1 136
42 195
206 248
77 206
153 310
32 121
230 253
38 72
125 196
131 346
140 212
69 170
38 157
47 273
122 263
95 170
58 77
214 304
120 183
85 312
182 192
126 176
111 178
3 112
138 280
262 273
23 179
143 163
208 349
217 219
218 220
54 247
183 345
10 99
307 309
306 318
62 207
46 62
57 283
38 224
33 74
88 127
255 308
74 109
118 192
289 352
97 110
167 318
194 338
300 350
240 303
42 243
31 76
24 104
107 145
38 123
125 308
32 268
62 277
57 93
136 352
130 238
78 152
161 166
97 356
156 345
267 305
132 355
238 334
2 338
16 327
8 102
37 247
129 170
46 315
7 123
257 301
18 66
108 116
209 357
149 262
94 100
46 108
100 156
164 178
109 131
26 114
212 233
137 218
20 149
96 255
89 314
80 273
32 197
85 95
92 266
174 232
226 345
64 83
246 270
109 328
153 314
110 174
107 331
187 310
112 167
69 127
47 146
137 202
304 336
5 168
69 239
259 319
22 191
39 247
41 78
32 283
33 294
162 212
266 348
68 78
6 157
96 300
68 154
106 349
13 317
247 295
184 300
17 143
46 123
107 173
250 321
2 77
82 102
64 217
155 200
46 185
23 342
0 115
306 316
103 288
120 310
293 360
51 267
246 339
250 265
258 272
54 62
174 179
131 169
38 238
107 229
259 309
5 314
21 351
109 148
161 341
28 180
83 168
74 189
37 159
170 306
120 132
171 283
143 243
157 338
130 277
70 207
90 202
50 221
153 311
98 324
234 356
8 229
48 282
188 216
160 304
287 296
242 353
183 261
276 314
9 211
65 167
42 287
263 291
254 278
87 154
122 130
295 305
212 351
35 170
187 296
50 90
4 356
203 297
284 306
90 179
151 191
141 149
104 211
97 263
33 91
29 79
175 218
105 176
175 191
247 318
104 238
17 66
128 133
45 156
141 291
217 271
90 219
202 299
287 319
31 151
73 77
148 289
50 263
118 151
262 297
159 334
52 269
3 30
81 124
147 315
267 303
96 276
61 351
41 48
141 225
5 65
101 252
101 211
94 229
324 356
268 321
85 276
0 262
215 293
3 321
26 314
28 227
79 309
26 344
140 255
211 262
161 181
117 293
77 268
57 291
214 272
13 201
76 225
230 359
111 267
201 223
174 350
92 288
144 320
263 344
3 143
183 337
86 149
137 325
173 183
62 328
42 213
83 114
161 327
171 233
71 289
239 268
69 158
121 223
129 142
29 246
254 321
240 337
56 245
135 277
342 357
168 235
180 288
87 143
63 110
111 310
113 225
0 279
56 191
54 314
139 147
6 168
8 10
45 188
44 149
107 129
137 228
165 292
2 29
61 168
43 337
267 301
130 344
170 210
20 190
45 168
98 283
19 154
83 235
83 175
2 186
14 91
243 305
30 320
265 270
114 203
67 320
155 294
208 316
130 182
183 293
140 155
35 259
111 292
197 332
130 302
19 72
216 227
78 176
41 153
174 333
303 350
26 144
254 311
38 301
108 246
66 107
270 309
26 220
17 168
90 168
61 85
112 136
261 263
4 292
119 194
56 338
78 178
163 360
139 150
76 272
24 273
263 269
8 286
49 165
230 355
30 257
120 221
67 348
219 313
89 298
48 152
46 87
158 308
348 360
233 359
184 232
50 72
268 308
35 360
318 349
284 292
151 295
249 283
35 55
156 266
295 342
253 258
167 226
217 297
238 291
278 294
155 162
32 59
128 248
70 278
76 206
123 277
274 327
17 52
141 322
63 354
68 357
219 256
323 339
58 297
72 178
26 270
33 151
7 288
218 238
53 312
272 352
2 112
186 352
20 31
47 282
89 115
212 305
14 296
33 189
56 153
243 361
64 66
149 179
230 256
111 285
258 320
88 204
113 272
318 362
223 291
95 354
95 250
212 355
261 325
12 61
151 283
61 358
170 337
133 145
202 209
179 359
198 273
244 331
37 70
99 136
105 135
229 249
33 195
82 115
21 311
111 353
140 336
304 352
120 295
178 189
32 310
191 286
148 206
18 209
44 328
148 321
100 335
165 218
83 267
196 356
269 338
269 326
135 172
57 90
125 274
58 89
12 242
30 246
238 345
90 206
101 171
81 254
200 307
13 330
205 327
28 347
8 80
124 317
7 76
210 322
125 300
15 44
206 345
162 175
350 355
95 328
243 279
137 163
233 281
156 277
123 134
53 307
103 225
99 185
257 343
98 272
93 293
276 293
333 360
191 210
164 201
50 354
128 184
22 93
199 292
56 178
46 219
144 146
211 328
103 247
138 264
39 51
117 127
13 171
41 342
104 315
193 331
121 262
167 280
100 226
332 344
7 276
72 283
32 70
341 344
15 56
173 234
326 354
14 285
102 236
57 121
146 226
73 83
166 287
252 361
173 293
63 125
218 284
71 242
140 310
109 240
27 178
115 220
93 200
83 157
270 282
117 262
108 263
144 337
127 358
152 238
187 224
111 191
23 336
348 362
104 306
221 320
37 38
12 329
123 231
160 337
188 262
202 213
300 356
106 345
139 316
34 163
30 60
77 349
71 254
211 214
92 298
124 141
164 289
115 321
13 140
155 321
86 107
220 255
60 215
346 356
106 250
17 35
98 288
82 253
13 180
121 168
180 351
38 325
322 348
233 319
168 357
108 173
0 334
168 202
166 246
18 63
130 203
132 195
32 46
318 348
44 177
185 260
71 166
238 264
32 53
88 119
173 244
322 336
40 45
85 132
15 268
251 352
37 222
200 211
33 237
161 353
116 337
48 103
58 160
48 281
62 250
93 216
81 164
73 245
82 104
148 272
71 172
56 177
159 250
142 235
134 208
203 213
110 180
5 253
69 279
24 319
67 261
118 222
37 339
227 334
111 115
106 343
100 104
34 322
252 299
211 245
98 178
183 265
63 138
123 300
240 242
24 234
137 157
253 344
76 324
25 352
59 239
9 97
119 150
149 261
84 211
132 297
144 327
23 50
14 287
15 18
152 265
159 333
269 278
22 211
71 221
167 235
133 139
51 173
52 230
37 206
27 52
29 240
148 307
69 347
202 265
167 265
220 327
306 332
23 30
17 340
203 340
46 259
188 279
14 288
148 178
229 353
183 192
9 282
62 137
241 339
286 305
215 227
77 278
129 192
34 39
312 318
39 46
14 109
241 327
207 306
272 298
134 251
117 211
187 256
96 169
13 79
30 51
222 315
34 35
189 210
57 342
66 170
33 77
156 309
301 333
155 258
109 184
198 282
96 136
7 229
4 243
19 129
21 284
29 283
65 254
53 211
6 115
19 206
119 311
324 339
118 153
252 280
200 318
74 286
194 332
106 303
192 295
151 358
303 351
2 281
59 150
165 336
35 260
221 352
114 159
129 327
242 341
56 251
231 329
281 362
90 181
104 252
7 311
241 267
178 206
45 100
76 103
299 330
29 219
212 275
146 219
94 160
85 97
7 34
205 362
10 88
36 351
137 250
51 119
171 286
23 256
250 341
134 274
49 96
33 153
80 289
264 346
144 157
236 335
83 132
31 109
27 251
51 84
8 169
67 347
181 253
36 255
54 152
215 221
167 199
132 338
274 357
232 306
140 359
159 179
46 172
157 200
97 310
168 323
183 281
169 194
178 271
217 293
17 121
287 317
8 51
147 326
248 287
25 253
156 331
91 330
139 339
56 112
163 223
113 192
0 200
56 92
22 254
26 336
42 59
203 328
99 356
321 362
21 59
103 105
101 254
67 183
6 183
186 190
135 271
6 53
22 106
185 306
19 84
107 217
182 361
193 244
18 84
27 347
74 210
88 256
8 194
81 344
205 325
103 156
32 224
223 282
67 249
9 142
25 269
23 258
157 278
53 310
104 111
56 317
23 208
203 337
11 267
69 316
152 321
170 197
50 347
17 105
110 269
24 336
34 226
163 335
105 124
11 313
245 246
228 232
15 221
113 336
257 354
220 309
96 323
111 123
22 303
124 347
79 317
164 207
23 37
83 249
44 318
198 239
316 319
63 151
14 346
39 101
224 264
186 187
10 137
58 324
94 180
128 171
210 285
186 217
121 165
77 190
2 144
81 140
221 304
213 277
59 101
265 307
66 359
57 269
53 213
165 345
166 279
40 107
105 190
151 348
98 311
5 211
93 160
82 267
4 129
208 277
57 310
15 289
58 98
230 242
75 83
32 101
184 221
3 125
264 269
153 274
130 160
