507 5858
14 133
296 337
55 231
169 186
264 281
219 465
69 98
121 228
164 429
457 467
125 483
156 276
201 382
268 329
11 129
39 154
76 473
292 353
49 78
79 466
369 495
187 385
425 498
198 293
371 385
400 478
63 274
214 457
99 107
255 291
393 494
249 365
79 156
244 317
389 396
34 45
137 260
59 105
25 431
86 317
333 494
120 395
162 300
201 253
101 122
66 297
79 212
86 355
274 303
372 460
216 319
85 417
217 401
239 327
107 275
21 185
227 461
116 258
188 311
185 477
294 474
96 187
133 204
31 209
242 462
62 332
82 287
375 384
373 490
123 163
288 377
111 488
120 158
467 504
78 111
30 167
34 412
394 487
75 274
63 66
8 439
176 467
385 420
215 263
147 436
287 486
147 153
317 368
99 306
40 503
137 385
172 350
68 337
129 506
13 338
74 154
132 376
382 501
286 426
52 428
154 193
184 187
116 220
157 223
72 186
20 398
267 455
38 240
166 220
39 104
102 229
227 486
7 185
294 389
381 429
228 318
36 89
61 301
282 453
63 358
210 369
71 338
252 296
14 64
141 253
181 255
387 456
35 381
193 328
147 430
189 498
298 473
290 440
378 432
407 455
172 360
57 371
5 303
4 61
200 337
430 468
30 120
407 490
294 490
16 487
146 487
256 421
205 374
7 260
379 470
149 427
274 413
276 362
122 184
161 466
122 286
369 423
19 276
85 271
20 452
51 350
185 227
2 431
391 493
96 338
112 492
258 473
118 257
385 470
162 246
45 51
117 471
3 317
222 478
356 455
294 374
182 380
219 352
184 442
122 398
7 157
160 401
368 494
346 390
26 75
158 243
469 478
186 430
24 384
161 287
184 334
245 334
130 489
208 414
43 174
236 239
179 320
13 194
318 383
172 377
223 473
306 376
36 101
3 347
245 455
143 148
137 354
249 343
14 433
152 324
25 306
108 175
462 504
232 451
285 504
214 315
186 505
99 448
178 251
56 472
52 198
30 293
158 162
273 411
84 248
359 493
411 416
188 357
13 424
304 405
452 472
66 116
224 440
205 252
291 437
58 185
35 135
151 465
191 335
26 167
80 183
138 287
66 247
52 65
31 107
285 467
12 479
261 429
348 442
47 433
326 407
39 341
144 481
216 419
416 481
45 371
65 421
109 298
106 464
287 299
87 327
36 338
182 458
192 424
482 486
117 330
11 427
249 394
116 497
210 465
288 347
111 392
268 393
117 152
85 370
134 231
264 300
114 403
2 341
74 267
390 454
209 368
206 337
364 449
217 312
239 485
111 296
97 112
319 350
384 469
98 431
92 416
261 314
303 460
105 323
192 301
184 313
75 235
3 334
163 236
177 186
145 485
93 437
267 481
408 455
88 457
183 335
71 422
76 86
315 370
78 444
193 279
131 358
258 383
86 350
105 366
213 335
340 465
44 387
469 474
58 404
63 203
280 300
120 236
349 476
144 380
28 501
247 261
393 435
119 311
324 480
244 450
59 113
307 311
219 390
251 289
329 361
177 446
427 480
420 433
176 220
57 135
101 434
241 350
254 373
255 398
154 306
18 232
154 258
288 300
125 266
170 297
187 325
156 302
167 296
138 251
108 416
71 139
142 211
13 283
147 452
97 214
155 466
80 456
143 380
349 360
133 277
412 432
243 488
47 207
344 408
28 441
361 427
266 429
216 371
148 392
443 484
152 241
270 386
135 324
63 411
258 327
246 364
146 356
167 201
162 456
238 413
62 265
97 274
231 255
11 204
349 496
42 345
103 200
366 449
22 466
9 160
158 255
258 291
225 246
51 96
452 463
164 234
234 371
88 312
98 329
101 498
112 473
50 191
151 234
240 422
309 349
263 279
286 289
379 457
149 265
150 248
236 240
36 494
8 344
61 382
158 480
19 315
186 501
172 423
183 422
310 350
95 391
49 351
221 226
119 213
18 407
132 358
203 477
287 404
16 128
35 102
122 126
173 214
188 400
26 223
3 491
7 25
308 465
236 413
168 432
60 247
27 49
179 476
350 386
341 495
89 456
171 464
118 261
14 144
98 224
89 152
299 496
189 444
126 181
94 122
0 77
115 246
67 181
217 467
19 136
152 329
31 46
273 468
232 418
26 116
322 352
83 368
360 385
278 374
202 309
60 213
281 471
286 463
13 369
231 262
85 288
353 380
220 297
236 304
69 341
111 194
421 474
149 443
226 250
390 437
87 136
257 295
159 252
35 456
234 470
294 295
332 483
77 162
229 357
40 472
63 222
6 129
352 438
264 390
12 17
160 453
329 432
348 497
32 93
271 499
385 436
311 402
132 481
150 465
52 274
313 443
127 322
92 451
9 326
34 106
133 193
154 389
436 501
342 392
151 376
96 354
118 166
228 482
204 362
329 395
142 343
16 242
54 310
140 314
96 162
126 154
93 235
73 405
351 370
94 329
79 411
290 451
71 79
134 422
215 300
326 334
465 473
37 134
239 502
347 471
164 445
340 506
113 169
12 305
222 316
113 338
65 284
13 22
298 506
290 390
15 200
114 446
40 87
114 189
217 299
127 417
189 486
62 446
65 360
141 219
118 150
337 369
23 357
250 269
50 431
12 247
151 166
162 432
273 337
370 421
49 380
288 328
63 233
97 401
347 468
226 412
303 431
181 204
154 427
83 367
12 485
50 146
231 488
383 494
224 299
166 342
81 439
410 475
338 391
242 324
162 433
142 453
16 183
355 492
237 371
92 320
61 277
128 204
117 212
46 182
406 489
450 465
416 493
20 292
256 299
96 98
221 444
349 465
95 483
136 232
33 317
201 421
45 369
115 285
101 318
219 487
47 77
396 462
251 459
87 196
168 325
165 178
62 453
121 416
120 231
193 228
343 498
164 451
309 383
234 247
159 463
214 376
32 167
74 104
164 475
58 193
267 307
145 314
292 354
321 375
336 400
273 395
7 234
138 182
54 355
178 480
220 496
78 478
28 456
185 385
203 418
18 285
330 497
5 123
423 504
71 373
75 328
158 176
286 339
157 286
136 157
368 471
134 430
317 375
78 276
133 415
0 181
164 177
134 368
23 297
276 415
151 255
309 352
172 313
136 400
249 323
306 415
61 192
312 493
333 396
236 257
114 390
122 318
51 252
175 453
229 426
169 255
65 449
410 501
32 72
183 368
54 472
165 490
182 480
104 348
135 320
247 366
15 271
122 144
374 479
155 262
462 482
14 116
116 370
39 156
450 486
10 226
127 402
250 329
74 283
456 499
33 223
30 399
1 145
124 435
56 505
151 371
351 499
42 115
12 114
14 138
0 284
55 485
172 215
206 290
1 293
13 214
251 284
88 307
151 305
213 238
280 493
73 434
270 415
80 184
228 255
189 478
168 417
181 398
14 118
182 304
102 129
5 434
140 220
343 459
151 327
217 416
116 405
2 348
89 331
169 448
1 273
194 424
13 399
0 180
247 355
299 395
196 239
180 341
172 351
106 115
181 456
162 414
153 322
293 423
153 472
127 352
232 442
322 400
112 324
222 348
160 280
253 447
232 365
312 376
172 268
328 358
32 358
31 346
168 228
150 350
264 345
346 384
358 449
153 450
384 385
119 204
113 259
279 349
90 124
264 491
72 234
248 481
3 279
339 488
160 448
210 242
195 218
115 466
325 402
19 69
253 435
12 463
46 264
66 445
250 308
388 445
226 398
56 204
72 76
123 199
91 314
19 210
339 399
194 403
76 246
107 282
68 133
17 185
142 370
2 52
309 359
248 376
283 369
45 338
304 400
92 433
326 422
40 111
101 344
108 200
127 404
190 468
144 389
124 330
313 410
172 466
281 302
49 331
30 91
91 406
20 197
134 286
312 349
169 421
199 320
105 214
10 62
110 156
113 323
16 281
64 474
39 477
202 271
42 465
66 183
374 468
98 239
80 504
62 409
64 399
257 341
217 243
140 148
46 334
358 448
113 343
48 168
33 441
115 317
87 212
66 286
102 493
471 481
34 489
253 360
201 274
83 420
243 324
155 225
165 380
173 280
55 61
460 486
177 225
34 95
321 481
83 299
120 445
303 343
34 404
158 453
209 459
215 387
126 253
106 192
123 352
131 387
88 441
16 438
55 360
156 375
215 286
19 126
153 324
63 103
330 453
58 79
57 201
75 431
453 469
235 386
125 184
38 219
178 329
234 366
264 292
332 440
199 453
107 413
277 460
25 310
141 269
151 199
123 404
165 289
17 68
215 391
233 255
152 358
93 442
124 305
138 344
259 407
28 73
91 313
54 80
265 301
99 249
85 237
328 356
127 275
181 440
55 220
131 447
145 224
271 326
81 469
155 242
96 490
178 334
180 475
80 155
194 242
333 447
170 180
151 400
194 265
230 355
15 162
32 420
335 495
106 504
362 396
20 477
156 466
178 231
114 115
206 462
363 463
108 502
99 368
122 292
455 503
166 265
417 467
198 439
17 410
16 499
124 137
127 287
133 250
235 398
111 225
28 159
268 491
359 431
73 216
55 425
339 462
338 348
133 273
222 279
12 406
208 475
391 443
316 375
36 397
320 409
212 245
191 288
239 472
320 349
191 340
217 255
87 453
175 186
83 274
85 356
352 419
2 436
335 413
436 471
64 355
226 274
321 364
197 352
57 146
24 374
157 394
422 476
199 271
201 239
4 412
158 290
45 155
382 503
0 234
288 453
38 423
151 473
38 204
102 296
232 497
339 387
66 221
241 455
214 452
155 386
59 190
378 463
41 113
182 272
272 388
178 335
312 455
343 428
440 499
127 255
38 484
240 416
58 217
162 369
281 329
156 258
303 319
320 415
261 369
137 443
45 125
151 388
6 493
83 295
264 364
194 346
429 435
331 440
9 84
74 97
109 353
89 99
10 56
131 354
289 321
404 483
458 464
121 234
346 375
54 147
214 260
49 215
235 443
385 425
197 267
45 468
185 375
74 174
235 339
146 227
236 496
30 189
36 204
402 412
218 247
44 241
84 266
336 500
156 192
415 458
193 342
4 271
150 261
56 454
396 449
372 482
397 502
192 272
205 410
226 293
128 426
119 502
222 247
224 377
48 53
76 161
298 408
295 488
24 407
464 490
27 452
129 377
17 454
214 285
191 384
87 115
234 265
247 272
328 384
24 279
98 248
55 430
224 333
233 348
274 493
55 68
160 296
98 434
16 64
44 411
50 467
188 252
212 361
184 389
94 377
315 425
121 318
58 283
47 61
19 75
42 94
208 216
374 484
86 495
443 491
78 504
316 333
188 221
18 162
373 400
146 193
47 273
113 506
343 500
20 56
140 242
257 273
418 481
12 34
26 431
134 464
85 378
222 269
103 176
84 112
210 370
145 198
87 366
325 430
170 228
245 456
47 330
100 431
298 446
8 82
208 488
23 398
136 244
257 342
357 389
240 344
4 259
17 142
115 224
393 490
299 375
229 277
43 296
458 476
161 298
319 351
68 187
218 274
251 391
72 398
117 394
123 421
354 443
389 452
45 496
220 315
328 377
72 405
18 43
32 328
69 484
270 317
306 428
37 341
33 279
72 483
10 225
79 343
53 207
230 407
328 493
213 319
326 374
40 191
247 491
79 336
175 308
176 217
178 385
56 419
158 307
71 219
250 502
53 249
259 349
355 426
85 474
13 155
95 335
73 74
94 474
75 211
41 55
367 491
223 411
97 424
5 347
161 274
95 309
237 339
259 453
159 183
284 290
61 153
167 270
0 388
145 384
34 123
252 477
309 381
351 463
174 496
143 214
222 467
93 102
397 442
61 470
64 316
72 342
131 362
98 193
37 138
93 373
124 160
130 482
250 370
269 427
203 265
296 422
295 342
145 186
124 282
212 327
51 209
217 343
108 371
69 448
272 389
156 280
183 353
31 153
35 128
24 191
228 357
13 105
272 489
162 183
369 416
237 320
202 288
40 65
12 90
177 365
23 112
142 463
11 475
97 285
9 452
59 468
75 317
210 498
298 345
12 23
73 490
199 393
116 382
201 206
53 255
238 365
321 398
194 441
356 385
356 405
360 433
49 302
71 248
160 412
154 225
193 256
231 407
220 380
200 250
88 287
90 132
176 287
184 448
254 439
310 436
22 467
64 181
293 475
350 440
125 298
400 460
165 247
194 324
222 481
342 489
100 356
70 452
139 163
244 259
17 144
6 444
310 482
18 275
317 321
290 392
90 256
88 168
315 407
24 282
141 301
11 211
180 419
146 327
71 293
256 396
192 398
237 503
362 498
44 233
97 395
248 422
182 279
25 453
27 143
0 497
62 338
365 476
9 436
83 262
92 274
73 420
288 504
154 371
192 373
228 343
33 206
86 102
20 377
283 393
62 243
150 323
263 386
82 161
382 484
70 340
140 349
102 483
77 268
52 85
241 282
34 294
53 182
126 246
112 129
379 394
205 317
89 316
245 469
374 410
118 139
37 277
346 485
46 49
39 77
77 475
165 397
176 268
103 406
254 379
35 338
33 166
87 418
144 284
111 345
256 276
65 89
8 56
43 334
227 471
232 315
40 298
43 264
267 396
25 59
154 166
9 15
10 345
297 317
57 504
21 390
74 85
300 324
16 331
189 268
380 426
91 244
169 328
205 434
138 253
115 226
58 101
360 485
33 261
291 448
187 354
102 413
71 243
10 252
25 66
486 496
37 423
125 253
28 259
5 224
286 484
226 284
165 284
74 487
116 184
166 310
405 411
38 153
25 283
268 451
10 491
67 298
48 499
25 152
17 451
16 129
302 494
417 426
145 408
197 493
205 385
177 469
291 354
61 417
319 362
24 189
89 443
166 223
354 372
120 468
50 320
134 378
184 480
180 426
195 260
139 482
206 315
290 354
239 279
187 477
98 423
167 489
84 479
54 68
163 373
323 476
225 449
303 408
109 111
191 395
161 441
252 284
303 474
112 197
220 474
15 110
135 270
198 295
286 474
233 493
456 483
210 360
223 313
437 498
149 312
32 336
236 448
38 196
288 312
332 489
19 331
62 351
327 499
37 450
206 433
383 499
8 30
187 282
23 401
81 415
179 418
60 190
137 207
59 208
247 425
308 316
56 251
221 330
307 444
187 504
184 358
281 488
193 277
197 247
32 479
74 202
490 497
138 215
350 490
68 443
445 479
202 471
258 332
146 171
213 352
41 487
270 297
111 404
347 376
136 437
142 152
25 408
164 498
162 289
121 188
210 219
156 275
241 303
47 260
233 437
44 310
104 207
219 370
370 484
445 482
67 405
289 455
160 503
41 492
77 123
15 222
71 323
54 67
156 391
237 417
62 70
91 208
215 239
103 229
41 126
2 68
34 258
113 392
170 281
116 163
134 461
55 451
182 320
24 112
164 482
54 370
16 217
91 331
139 334
149 409
72 468
140 354
370 480
264 335
99 198
290 378
100 362
116 475
81 291
26 231
86 394
170 357
75 304
111 199
142 163
13 459
249 321
187 252
276 483
69 402
317 374
86 339
228 452
76 299
107 396
219 482
26 265
33 95
56 435
113 123
129 348
146 329
279 440
154 482
24 353
366 430
136 153
401 426
150 328
225 259
274 460
201 294
0 45
19 101
73 231
19 189
323 474
10 82
137 400
9 237
65 429
409 441
17 246
110 223
242 432
262 415
30 417
122 309
228 306
13 167
18 418
54 208
151 284
189 213
94 499
140 253
29 264
183 277
279 328
39 224
125 412
72 451
137 373
79 484
204 258
66 127
90 415
11 389
51 326
90 324
390 392
16 89
77 195
477 502
104 448
198 311
25 435
107 316
149 490
250 424
141 390
35 416
34 365
288 427
86 479
246 504
275 503
17 174
25 233
55 324
126 272
284 495
61 73
103 397
89 419
414 436
362 450
38 178
38 430
124 498
81 322
96 205
14 183
205 500
126 273
18 89
312 484
57 494
190 306
246 365
112 162
142 379
346 412
349 375
17 466
120 357
228 404
151 357
132 255
101 108
180 396
130 173
268 292
108 459
104 219
53 404
107 456
48 111
69 301
144 334
218 225
168 480
230 430
94 139
329 428
326 383
76 377
19 323
110 448
287 397
80 409
185 255
296 368
185 392
69 259
138 181
28 434
202 347
57 90
59 191
50 350
233 270
18 282
333 376
21 459
92 444
134 189
133 471
23 273
120 166
6 108
168 398
190 424
194 313
289 425
123 200
104 294
8 363
196 209
50 458
173 313
289 290
100 350
374 428
9 351
134 150
127 258
182 323
242 378
83 184
19 143
161 383
210 301
237 378
204 299
85 338
25 102
212 450
123 132
63 163
77 286
93 464
235 319
144 208
135 329
49 280
197 415
144 178
6 397
31 183
279 391
135 472
24 195
127 156
144 396
1 406
341 385
76 304
0 84
39 378
277 330
257 291
259 467
147 420
84 207
217 430
366 459
303 405
288 444
222 403
41 326
227 458
124 205
61 457
133 227
249 274
48 272
68 444
8 416
299 480
67 447
371 375
88 142
8 162
32 308
60 271
59 148
229 365
279 319
24 128
311 503
30 435
139 396
128 409
149 152
10 350
146 459
149 292
277 279
364 437
330 454
35 273
161 281
233 503
281 497
250 452
122 223
226 348
159 225
56 104
127 132
225 260
245 436
62 136
3 164
244 469
162 350
220 229
68 440
280 352
121 266
24 452
241 396
296 336
51 297
380 434
422 427
264 389
106 171
104 422
299 494
173 431
208 299
185 369
50 260
171 303
328 396
402 493
309 453
180 205
31 499
202 370
185 242
72 189
260 463
18 371
38 324
269 459
61 146
212 451
115 506
174 360
149 506
409 444
59 230
321 360
73 390
419 440
268 357
28 225
231 251
273 504
116 493
165 295
234 429
352 464
96 154
179 445
132 194
262 358
227 445
57 76
354 435
90 497
72 436
19 54
89 427
86 260
78 141
294 334
31 45
289 339
11 198
300 353
431 457
208 270
215 351
63 490
261 469
326 398
435 473
133 197
161 217
262 350
227 484
348 480
129 238
73 344
256 400
151 224
122 137
136 399
238 505
275 419
363 486
29 366
148 433
63 252
418 429
198 420
247 324
250 332
202 294
35 39
34 156
140 298
84 263
315 455
172 328
347 447
245 339
364 481
263 417
341 354
183 201
131 416
136 480
62 396
100 128
9 151
71 269
189 275
125 458
18 79
72 149
377 455
326 483
233 501
243 435
96 382
167 384
1 13
53 401
314 420
2 49
20 351
50 85
101 168
71 276
144 194
45 316
2 100
216 361
7 313
148 289
178 357
263 352
319 380
150 371
98 425
335 486
55 174
261 329
97 192
156 219
229 236
426 446
258 497
75 243
429 493
234 324
91 270
50 61
230 399
351 442
424 484
249 486
82 163
76 209
139 141
167 197
119 181
30 272
238 442
200 339
20 411
4 244
139 399
63 372
15 231
224 399
146 323
95 322
401 479
173 445
136 181
177 438
128 180
46 211
160 184
39 351
194 271
49 148
124 268
26 210
84 356
236 498
41 284
345 471
205 248
98 313
267 294
125 360
103 104
47 362
93 474
72 157
94 496
131 249
174 299
86 305
151 347
32 106
126 441
16 43
428 439
217 266
65 187
153 386
177 451
72 475
210 273
64 155
271 333
347 399
280 365
241 334
295 350
44 242
362 463
121 155
126 413
166 371
39 373
361 413
216 260
128 269
89 485
261 353
360 361
114 214
274 494
107 479
280 326
10 19
33 290
126 410
55 117
356 498
179 416
244 272
153 254
25 132
129 297
138 150
331 371
196 292
280 444
46 405
139 227
5 212
280 369
94 229
54 321
290 350
406 428
276 407
2 94
68 493
116 222
210 376
483 489
62 312
358 394
112 501
212 287
89 191
58 414
19 212
280 377
149 450
223 299
11 181
462 497
157 209
37 421
87 214
132 424
277 354
202 320
50 87
13 482
162 306
254 457
179 192
29 282
42 305
380 385
69 376
50 362
80 391
200 489
236 342
166 358
5 488
51 125
109 313
36 286
285 406
293 434
280 378
166 243
44 425
183 437
28 176
326 431
161 419
149 305
92 503
268 447
405 426
88 426
9 212
197 304
290 465
223 448
143 245
253 459
21 417
224 437
131 190
369 451
140 345
236 261
276 424
350 503
221 358
56 307
185 494
190 429
227 456
221 325
5 404
85 485
98 293
272 390
281 312
172 216
187 376
109 131
144 216
415 434
283 474
101 460
5 428
20 107
130 271
46 290
121 295
69 165
289 481
54 145
421 493
158 202
92 391
45 252
155 354
165 398
161 416
146 213
71 466
27 355
313 370
285 432
177 316
177 377
442 467
363 419
46 150
169 233
146 422
42 291
8 345
370 454
52 400
346 357
57 434
240 391
135 211
5 96
59 388
290 318
115 271
160 291
42 426
25 263
34 419
19 176
172 442
478 481
210 324
11 28
52 300
48 59
53 185
270 381
116 193
29 285
353 426
83 326
190 473
223 296
69 106
119 392
276 447
71 271
262 334
202 425
274 371
61 491
85 411
340 363
68 150
146 456
309 342
78 436
56 80
50 192
208 306
164 317
204 447
400 461
296 318
292 304
231 476
73 402
225 295
105 375
33 212
382 504
257 288
327 449
62 310
126 194
48 196
57 250
190 220
68 465
250 448
357 401
132 256
216 476
218 363
181 432
353 454
90 164
50 195
109 372
147 374
3 123
118 332
108 166
203 347
58 388
227 359
27 53
135 383
51 114
202 479
137 252
97 174
291 497
29 443
317 489
218 414
179 493
203 314
80 259
188 504
311 367
6 303
82 482
38 93
238 248
304 474
86 228
344 495
236 270
414 418
324 329
145 410
310 448
360 492
199 248
392 492
129 435
137 434
82 220
305 334
318 434
102 341
80 208
199 309
142 304
252 285
215 425
181 207
128 466
181 352
158 388
15 275
11 70
71 205
157 398
55 135
223 429
137 417
244 393
92 368
62 375
338 418
203 333
65 325
44 371
196 253
286 413
296 428
164 235
90 257
40 496
77 387
142 303
222 227
187 337
146 435
306 328
156 204
60 164
248 426
100 280
429 434
358 436
21 370
112 134
275 433
262 447
367 389
367 471
300 480
26 128
46 126
223 328
33 268
359 417
100 183
166 242
132 347
189 340
258 479
298 431
277 505
69 122
154 159
35 324
219 484
252 270
80 348
263 346
144 272
415 421
149 493
249 288
149 259
118 355
46 417
223 224
104 437
258 286
90 196
227 318
226 260
65 299
176 463
79 483
14 269
39 133
85 100
92 506
4 12
233 262
42 281
90 446
104 132
108 307
179 329
59 124
92 328
249 484
12 392
117 453
200 387
303 435
71 185
41 490
170 181
305 430
238 448
165 389
125 290
38 395
148 353
99 214
199 493
82 456
281 485
48 87
125 151
20 215
109 336
73 78
102 187
75 190
148 324
91 160
41 54
94 300
48 390
331 401
31 451
60 214
255 458
115 140
132 161
393 469
6 76
10 106
15 155
311 482
212 505
16 436
45 219
306 503
214 384
281 382
144 250
241 488
192 200
336 421
52 412
196 360
59 279
178 369
132 340
38 251
2 268
205 495
57 93
48 178
377 438
252 376
422 464
272 299
34 266
258 329
301 434
115 212
64 352
147 418
74 220
281 480
15 343
112 372
284 355
51 186
26 343
334 452
28 305
254 346
268 335
232 324
18 440
138 210
262 474
254 297
357 500
176 390
211 214
52 262
48 459
128 437
302 383
170 503
118 144
198 260
416 470
110 261
195 350
321 478
164 487
148 446
64 406
456 472
212 491
386 416
80 246
125 430
19 134
132 141
351 358
77 421
185 304
203 483
312 389
295 317
85 357
98 121
241 252
382 396
81 231
296 301
173 305
3 46
27 356
276 426
177 356
1 56
236 429
318 365
79 485
231 324
430 475
171 217
31 70
229 389
189 446
119 327
260 307
144 502
295 420
172 183
55 476
330 439
388 409
64 421
39 506
106 389
221 486
258 320
102 322
13 252
68 421
77 479
39 311
44 370
265 400
36 375
136 220
246 385
331 465
269 486
390 506
273 275
205 480
262 266
231 336
35 291
237 421
353 420
205 346
460 475
60 221
16 241
112 457
219 252
140 356
49 329
144 211
19 233
49 199
121 482
50 335
203 505
231 496
11 421
204 492
31 399
155 232
199 395
161 273
165 208
257 475
350 461
120 344
55 141
38 307
69 158
18 128
122 241
270 483
172 222
247 375
45 53
149 381
30 377
22 439
78 440
213 250
192 439
87 450
184 379
213 436
415 487
202 481
83 409
148 187
132 415
138 205
127 167
65 367
215 460
106 167
30 407
158 286
51 481
333 434
276 466
10 335
100 216
143 494
66 253
55 495
16 148
68 390
348 463
206 452
207 302
182 462
172 291
237 343
184 225
138 266
231 272
128 203
114 284
342 433
116 252
7 336
139 411
131 212
33 179
48 438
13 173
94 202
466 483
98 341
358 415
84 360
214 216
56 96
27 144
395 457
53 128
49 160
13 88
135 182
176 293
81 248
0 15
268 485
304 399
186 484
336 454
128 382
119 134
181 493
307 366
396 463
97 353
135 287
189 402
85 310
320 372
163 220
155 336
22 458
104 306
164 358
419 460
274 481
60 115
200 318
149 457
106 166
189 296
333 353
116 164
0 139
11 325
307 345
47 436
143 500
455 477
286 311
355 406
46 288
69 405
209 430
297 454
132 383
256 298
243 273
430 455
188 482
435 449
140 423
306 445
51 323
33 368
86 506
438 489
177 480
4 400
104 254
189 336
111 234
430 443
124 492
155 184
124 257
20 506
224 268
309 412
23 69
80 107
191 490
56 300
252 432
143 351
356 468
264 346
8 252
98 230
235 476
110 453
110 298
430 457
159 440
117 487
20 431
245 397
27 263
80 196
454 482
186 371
141 273
226 359
160 272
228 466
443 463
107 226
58 112
49 376
144 264
250 342
247 485
250 313
135 291
37 56
338 453
191 255
388 399
332 338
198 419
17 257
315 327
107 147
290 379
31 244
24 291
371 393
139 241
144 457
310 425
33 294
117 501
346 493
230 335
120 143
94 414
218 464
230 426
31 144
373 418
292 447
153 438
394 438
59 302
71 190
67 253
42 117
105 242
471 491
316 441
290 365
0 379
81 200
23 237
417 498
226 498
172 314
178 310
152 351
164 414
23 158
4 45
32 482
67 377
196 278
391 480
10 114
91 278
106 454
68 320
127 416
33 291
34 173
20 191
28 352
45 236
79 185
40 176
144 311
252 438
50 150
381 398
435 439
342 404
334 376
0 378
9 291
131 325
83 436
75 463
98 157
119 205
5 253
197 373
300 345
56 347
137 444
251 338
43 75
168 430
11 241
109 297
328 476
46 156
198 366
456 473
111 357
75 220
222 395
282 377
146 263
343 344
54 277
198 263
94 316
54 82
265 477
376 503
190 351
282 400
262 455
301 317
163 235
439 494
67 199
183 477
73 190
262 469
97 161
466 486
40 491
59 260
174 354
78 92
102 150
103 414
153 246
166 450
232 287
125 381
191 360
123 502
48 368
228 260
289 352
161 315
110 218
35 88
114 354
382 421
252 479
61 189
148 244
449 474
0 179
41 166
85 88
168 226
129 340
102 465
26 59
116 506
85 190
80 108
361 408
65 436
392 452
436 444
228 442
163 263
234 310
13 481
17 349
241 301
175 406
160 163
88 438
84 503
197 334
74 284
209 227
205 488
72 249
99 285
205 300
9 121
114 502
185 485
140 438
83 340
184 349
262 454
108 207
157 345
180 505
23 326
50 296
123 185
235 305
351 473
56 57
115 359
222 473
206 468
144 278
56 122
194 399
107 405
259 430
226 342
267 302
92 186
259 284
105 416
23 141
380 452
81 99
297 485
161 304
184 201
66 241
127 483
236 464
134 322
66 80
144 385
56 493
34 127
28 63
203 281
257 420
343 364
268 369
216 488
119 191
1 442
299 497
287 502
295 372
15 161
146 288
0 4
256 267
134 501
29 180
336 489
74 334
261 401
14 216
35 202
81 199
279 374
135 418
245 494
13 257
38 168
303 478
241 437
381 388
129 475
79 392
186 384
237 505
96 465
32 398
60 364
70 407
292 409
145 177
210 446
57 406
114 474
294 369
325 397
83 193
416 489
211 421
30 85
148 231
44 466
398 504
249 489
36 139
60 340
407 475
191 237
346 405
408 414
262 494
379 447
229 286
100 239
127 266
128 224
364 424
37 105
145 221
98 182
7 203
27 36
324 499
13 437
127 424
197 348
246 506
43 45
271 363
108 240
101 262
261 372
81 448
398 427
118 460
233 486
221 453
134 308
228 324
7 443
118 467
298 322
35 267
164 224
39 435
242 296
322 441
258 404
282 452
60 103
87 408
8 243
291 330
36 256
380 404
128 186
234 356
162 280
204 455
102 249
35 446
29 397
196 299
255 378
143 458
301 496
22 449
297 407
416 442
172 309
99 409
167 361
101 416
66 499
38 314
267 490
28 403
19 30
409 438
480 485
206 339
73 361
93 196
343 465
198 290
114 268
115 426
57 480
274 329
68 125
100 109
237 302
82 408
74 266
236 500
120 302
65 81
249 399
31 35
48 145
20 148
395 483
235 447
227 299
149 343
331 451
208 394
202 473
65 306
239 249
41 160
456 494
248 484
267 371
63 74
14 84
7 93
40 337
64 136
102 438
293 331
203 393
308 407
232 503
314 492
196 344
23 287
228 367
123 324
326 464
212 449
73 481
213 235
332 360
247 444
32 427
133 212
75 303
86 429
459 497
249 312
234 372
1 28
308 353
168 293
43 487
24 202
149 189
357 381
88 470
295 301
131 206
181 420
309 479
42 419
129 237
302 303
137 455
60 127
138 416
147 496
350 417
68 368
236 440
218 489
374 459
451 494
284 420
60 399
34 356
140 418
152 382
136 447
269 479
70 302
190 459
136 349
240 397
172 470
11 483
269 363
37 229
283 408
239 506
51 471
79 167
203 417
175 192
393 456
155 422
202 466
14 343
14 90
274 403
17 367
325 444
222 336
88 388
101 327
73 139
124 353
126 370
71 260
337 480
29 51
116 257
176 365
395 439
227 499
108 157
82 276
180 465
316 406
121 479
288 462
79 309
338 457
161 224
102 494
150 288
229 394
77 218
42 429
160 260
140 457
16 221
240 373
345 440
239 383
198 344
18 66
171 175
402 435
107 380
29 431
286 395
223 273
104 290
247 269
26 454
268 290
269 498
221 482
221 331
129 458
463 501
141 490
67 277
3 424
38 132
244 296
79 94
135 198
59 365
210 253
389 499
62 134
185 412
5 13
140 185
186 345
314 436
119 163
6 293
49 241
204 351
97 219
63 472
66 494
166 298
5 269
203 301
0 329
61 323
472 486
287 504
183 248
144 384
17 260
257 316
391 496
374 436
1 216
153 441
126 421
284 412
357 407
75 374
6 245
155 301
123 302
152 371
443 467
30 316
182 491
156 253
110 187
247 462
124 403
167 408
149 477
57 458
13 408
286 389
78 343
0 488
41 410
157 342
267 433
146 406
32 158
41 209
108 421
248 370
95 129
188 394
80 330
207 287
371 480
68 237
403 406
290 364
245 372
80 417
320 338
286 432
263 265
226 301
134 395
215 230
7 438
454 493
227 277
397 460
201 409
102 462
254 402
112 187
198 479
23 236
422 436
119 354
36 127
7 135
64 294
39 257
23 419
168 489
272 431
109 168
212 424
370 405
156 498
219 415
323 408
383 435
52 474
43 469
167 432
110 286
241 458
263 472
207 312
263 447
156 218
12 284
295 471
46 162
88 499
145 503
42 335
365 450
28 329
359 371
101 121
227 357
227 260
139 165
281 327
84 215
195 394
77 353
170 327
165 457
74 225
56 501
188 396
183 343
81 123
10 399
292 490
2 3
39 48
168 310
206 303
11 41
176 398
309 458
237 392
172 483
254 503
162 245
187 382
79 114
409 445
28 71
23 59
225 445
318 441
0 447
427 473
163 350
132 480
153 480
226 373
69 223
82 310
435 476
376 430
9 385
259 481
242 437
153 208
259 356
183 480
154 200
157 234
109 266
325 466
17 34
36 181
180 449
6 327
65 323
437 482
361 400
7 371
13 122
96 357
147 254
292 405
45 237
42 125
93 265
197 199
308 333
127 415
264 322
113 292
132 163
267 387
159 326
166 437
75 138
94 265
135 195
301 504
92 208
251 333
73 133
241 341
113 383
89 238
71 417
78 177
38 264
450 456
74 198
40 296
185 376
145 494
207 232
310 386
452 487
350 446
12 303
100 434
221 277
57 265
278 448
3 198
91 476
155 381
25 421
92 126
132 226
108 274
228 416
112 283
217 283
174 347
204 413
17 225
296 363
17 415
400 447
74 458
26 426
365 491
264 484
265 401
135 236
331 420
226 368
145 402
107 245
120 494
103 449
76 438
53 67
12 79
496 504
57 334
248 305
210 211
394 490
35 172
84 487
159 202
129 353
41 356
430 438
112 474
136 316
11 445
336 403
470 475
232 236
41 416
225 355
458 478
360 396
77 233
281 487
162 332
129 414
29 109
179 276
212 273
249 429
116 142
4 434
382 486
84 365
59 385
258 278
26 420
279 344
44 154
185 419
48 218
51 132
182 373
76 488
158 320
155 231
265 471
1 270
215 222
318 487
294 340
34 335
356 440
187 455
8 447
42 379
153 279
94 389
200 327
36 172
84 350
119 474
26 226
152 347
8 372
153 339
104 339
24 185
15 96
11 431
210 269
33 128
66 67
362 480
48 188
69 374
144 413
104 403
366 405
15 445
219 428
350 355
127 225
422 492
253 404
450 453
380 454
133 303
270 397
372 464
59 211
459 490
216 312
2 466
172 389
214 440
256 293
245 431
92 203
276 333
62 419
68 363
212 267
103 399
223 389
328 372
470 473
207 338
354 373
65 442
55 429
11 240
181 230
142 194
211 310
164 318
213 337
364 438
121 219
167 295
149 228
360 376
347 438
20 141
176 278
407 470
203 271
14 71
194 268
279 486
129 386
70 124
184 445
223 312
116 364
158 340
332 429
316 506
71 495
208 298
223 455
35 139
291 419
323 438
241 348
71 406
83 208
312 415
62 162
345 495
128 423
112 435
297 467
312 426
164 353
423 450
333 388
324 350
256 289
6 229
245 262
62 390
316 426
28 127
477 492
22 463
3 364
210 394
289 348
68 301
250 391
177 442
134 482
129 484
2 38
15 228
7 419
81 493
355 500
51 136
188 240
104 501
61 165
146 206
203 498
273 434
5 74
38 184
187 189
100 270
344 350
226 370
15 420
471 490
28 356
52 369
165 245
31 266
163 398
280 457
11 238
183 371
44 125
6 468
301 329
392 497
163 368
73 83
86 127
24 252
86 494
108 505
299 388
142 431
74 123
81 136
279 441
262 340
56 141
265 384
25 495
12 115
135 218
93 295
225 253
51 192
305 500
258 367
40 136
46 492
122 382
113 370
281 296
132 427
47 209
21 177
214 445
19 195
43 291
89 147
241 392
111 422
19 45
175 277
230 359
29 323
25 27
103 375
169 447
287 349
296 324
262 394
329 378
317 480
63 332
278 419
82 455
19 208
88 230
197 362
209 218
45 491
18 124
118 256
83 219
89 282
91 450
232 450
307 329
167 390
122 487
152 438
217 487
419 482
97 222
285 403
193 506
105 271
224 479
136 352
272 481
369 474
129 162
22 183
258 467
179 317
239 334
206 314
312 456
63 335
2 21
195 208
76 88
376 412
134 208
469 486
200 264
57 428
71 114
85 226
10 127
208 275
224 374
23 42
130 410
77 450
395 453
61 144
6 75
42 200
137 361
303 446
339 444
132 213
304 331
83 235
24 159
31 367
359 446
81 461
292 349
68 177
218 305
352 385
386 431
299 476
36 252
252 481
76 479
369 450
256 377
27 264
199 502
176 274
138 237
225 353
21 406
4 104
311 339
288 313
56 414
141 152
197 210
112 320
158 409
209 401
120 126
230 244
407 460
16 155
404 474
110 420
366 460
369 414
263 361
329 359
88 253
106 474
150 230
169 270
225 391
166 372
96 304
67 489
324 419
207 340
177 310
136 176
285 445
91 462
19 386
245 471
3 278
249 285
13 417
55 465
237 385
95 211
179 475
153 332
271 490
22 417
227 243
14 150
303 433
136 173
304 318
91 438
121 283
272 370
42 123
363 411
177 242
218 402
263 275
223 385
159 279
115 402
79 438
43 86
88 281
49 397
71 399
141 426
30 341
22 367
46 446
193 260
54 463
77 393
115 495
336 389
34 76
33 162
280 333
10 501
78 378
432 437
152 273
30 269
76 207
461 481
62 89
413 499
421 497
44 406
39 289
207 216
281 491
149 335
344 479
105 241
237 490
159 406
92 171
9 425
116 310
137 199
28 306
99 116
279 330
131 359
9 75
196 270
86 416
48 215
132 396
30 79
284 474
72 361
16 199
265 454
203 415
282 345
154 409
36 66
83 351
17 409
180 232
218 400
45 58
235 441
122 217
7 243
0 266
10 221
439 467
232 245
237 346
221 225
79 385
274 281
183 213
229 275
298 374
162 261
66 303
142 150
124 283
0 276
318 464
84 250
104 423
428 458
165 483
46 85
257 330
243 427
227 364
189 454
260 313
31 129
207 486
68 208
60 259
28 37
206 412
218 233
24 255
383 399
379 393
222 328
36 339
178 256
139 203
414 425
26 384
90 330
109 133
155 468
325 459
174 191
49 155
202 485
230 367
399 505
50 255
51 360
346 474
184 443
11 272
235 246
54 154
315 449
140 389
72 397
267 461
212 446
49 467
221 309
103 214
238 407
169 344
280 389
258 437
216 342
360 373
180 355
153 456
73 301
180 228
239 259
21 394
113 268
7 228
418 463
84 115
440 452
99 144
260 286
318 482
189 226
383 425
180 306
32 143
71 319
405 456
272 310
60 432
81 178
21 362
160 472
476 503
66 97
16 174
268 298
21 99
125 258
394 478
288 482
37 165
216 278
55 437
263 302
45 477
101 421
392 477
226 464
205 212
344 396
172 506
13 19
157 202
163 367
312 379
142 258
207 275
53 151
467 487
350 504
196 468
73 347
5 115
393 504
177 378
41 456
49 139
438 467
181 469
351 376
131 393
297 397
135 496
217 488
160 309
41 452
61 446
55 466
75 175
43 179
257 487
37 250
16 227
56 506
223 393
205 358
170 470
269 276
76 258
451 499
304 343
88 502
141 229
65 166
227 428
47 132
197 297
259 344
201 230
91 427
17 439
34 164
306 334
17 230
101 247
44 234
38 475
256 392
261 467
94 431
194 423
297 432
176 316
126 308
183 444
144 434
16 419
227 405
159 256
21 236
87 169
59 318
455 505
168 204
57 137
110 285
317 442
65 357
54 462
319 481
102 190
178 400
26 261
303 354
139 448
94 136
56 401
283 446
18 147
97 269
68 120
201 451
205 304
225 408
171 295
342 375
0 172
234 438
23 205
70 278
36 201
205 406
301 411
70 179
444 458
199 473
43 374
293 449
91 413
164 279
238 243
64 325
34 268
376 474
143 353
2 261
411 468
246 288
129 430
287 424
4 296
174 435
24 330
256 348
221 403
300 357
212 422
157 166
258 478
380 420
117 327
155 304
70 488
109 369
14 26
13 456
212 379
118 272
355 470
117 222
314 419
81 442
5 376
80 239
46 47
9 61
500 501
72 348
166 453
10 297
37 278
352 405
172 315
161 310
235 477
406 498
316 318
56 217
61 113
162 334
160 432
387 458
68 97
293 366
15 272
177 249
259 471
135 140
145 423
94 216
305 441
89 175
79 101
116 461
29 198
66 465
300 306
228 303
93 117
328 362
28 144
154 357
71 487
61 278
383 482
19 106
331 425
111 341
97 490
381 482
86 281
144 378
287 363
82 153
247 332
159 167
340 382
88 275
157 262
40 272
315 378
49 388
46 376
290 294
339 459
17 119
254 496
368 460
45 100
59 506
253 255
20 210
138 243
169 268
184 290
114 505
72 331
32 376
190 359
82 349
311 338
363 452
233 441
43 461
31 58
140 465
86 289
152 278
264 506
3 381
353 372
243 401
8 461
124 125
62 456
212 372
161 250
53 170
7 196
175 415
77 177
240 355
28 283
44 60
156 431
213 407
67 312
9 107
220 454
461 479
136 249
295 364
112 433
174 218
149 501
143 297
359 367
449 505
375 399
330 491
31 442
150 356
235 397
191 215
297 368
92 128
134 454
164 285
199 386
112 461
297 441
376 464
111 239
325 400
161 170
245 482
94 487
256 477
147 480
13 410
37 194
342 466
111 351
264 415
54 66
142 323
32 446
77 424
315 433
171 449
0 322
204 440
91 436
202 439
42 461
355 415
260 385
75 449
132 380
23 315
417 446
62 424
426 501
319 423
269 429
40 319
20 87
35 486
35 42
269 398
163 500
185 273
366 388
65 88
411 448
222 303
175 376
198 222
86 340
411 415
9 299
226 233
425 462
233 360
280 354
16 77
298 352
333 430
192 479
33 51
232 393
90 288
107 313
76 210
63 336
297 300
319 327
172 348
142 226
168 393
158 424
54 298
193 346
129 498
259 387
129 223
35 482
127 327
138 311
186 383
181 370
36 498
143 300
38 118
122 379
301 371
162 254
165 411
159 246
188 235
302 389
64 231
265 459
183 233
231 451
66 380
181 247
358 469
82 308
247 282
156 248
10 126
55 311
311 427
43 493
416 480
251 356
20 35
217 228
276 283
88 425
217 355
211 326
161 193
34 411
256 397
161 404
63 395
225 286
145 344
72 90
148 489
108 151
242 276
191 451
126 211
192 293
82 96
210 401
13 360
128 392
37 491
131 344
216 305
9 68
141 161
248 466
130 293
138 250
204 477
138 285
193 463
231 388
313 326
35 343
172 353
137 493
37 246
385 498
0 154
16 40
119 345
14 434
4 180
177 267
119 291
113 263
22 289
42 114
205 397
172 321
120 128
65 396
111 289
150 173
293 419
321 473
195 244
58 178
106 245
335 374
11 23
353 435
135 245
86 437
365 497
305 503
66 314
21 204
311 357
183 488
197 387
385 468
265 341
6 393
70 210
143 190
175 189
118 276
149 468
37 111
283 315
18 177
8 240
370 495
67 77
8 269
224 350
207 324
151 485
326 381
127 152
142 350
218 372
50 247
412 460
90 134
261 366
198 472
38 362
248 367
124 470
230 501
246 418
38 380
22 379
205 439
116 470
250 439
334 448
262 434
91 248
283 308
404 451
249 342
2 9
346 486
307 332
169 200
308 413
4 421
186 267
381 390
354 458
97 147
78 176
447 486
465 506
182 189
94 257
260 321
26 377
75 173
111 446
204 240
254 414
444 502
6 114
140 420
35 357
39 71
35 201
135 439
431 502
107 213
145 438
23 292
329 396
31 220
435 462
133 285
103 384
98 112
50 65
48 447
52 121
25 232
167 285
143 307
66 74
228 380
315 322
121 147
58 269
51 377
156 314
75 107
89 110
427 435
26 358
283 454
27 496
370 406
7 96
279 436
111 280
82 189
7 65
71 90
9 231
72 240
242 486
153 462
9 297
66 234
230 486
68 197
229 504
243 335
127 142
294 353
3 91
6 265
245 445
402 454
8 31
211 225
214 352
283 417
268 470
400 424
173 403
302 490
68 287
446 458
400 401
70 373
275 308
134 334
115 370
327 435
400 462
146 165
262 313
302 355
104 232
157 326
395 415
427 493
249 300
5 486
125 474
46 388
14 410
121 407
158 297
420 423
57 85
162 185
344 356
351 420
219 442
214 275
108 501
306 490
171 403
4 144
22 160
119 376
22 119
208 426
151 426
191 277
4 186
66 197
37 180
44 474
39 202
200 464
196 447
107 414
27 375
111 344
320 416
40 190
330 383
206 328
316 454
71 229
163 184
350 382
167 184
439 474
145 367
53 290
6 107
334 357
108 290
289 367
407 505
221 432
164 489
59 91
227 418
286 422
35 328
125 501
294 315
229 427
376 433
198 245
368 395
75 412
192 233
192 490
236 471
96 501
182 190
217 313
274 392
82 229
400 465
36 377
221 374
275 371
99 110
24 215
336 364
10 131
225 314
80 149
181 414
136 217
118 184
125 498
153 390
124 127
36 208
482 506
306 486
440 470
271 459
69 119
212 335
484 494
260 349
182 252
21 313
83 254
38 194
443 444
362 500
87 499
328 411
35 208
284 342
295 305
112 487
148 203
419 449
296 474
136 282
209 474
148 381
279 456
221 318
68 503
271 404
321 381
240 462
182 296
298 432
17 502
195 355
125 178
142 416
402 411
208 329
166 234
112 249
136 416
209 288
136 365
25 49
123 385
21 267
135 350
113 216
46 170
218 260
56 391
187 491
387 427
282 294
122 157
33 309
201 414
62 203
266 329
149 295
104 462
20 27
34 136
104 473
266 298
84 155
430 474
247 354
90 332
163 415
35 100
220 295
23 218
132 267
16 390
56 230
81 244
453 471
380 493
230 279
219 316
143 476
163 303
12 274
54 75
289 386
49 257
230 440
52 117
100 364
135 501
269 371
10 371
127 293
48 492
142 145
300 435
245 467
428 446
312 416
361 407
75 387
35 174
38 431
93 294
231 332
265 434
62 82
342 378
33 184
162 439
106 493
150 500
58 179
148 301
413 463
303 329
323 506
81 196
256 282
75 337
91 466
143 454
185 300
365 492
450 481
52 397
151 291
474 502
66 193
204 226
359 480
254 285
363 478
205 330
75 364
2 497
293 387
272 418
240 347
77 327
170 343
80 224
209 359
167 260
431 479
274 312
132 309
88 476
162 296
5 128
84 285
123 183
60 329
103 474
36 495
195 505
282 308
186 444
3 113
150 420
397 476
447 481
283 503
280 304
43 142
213 350
27 310
206 299
36 431
240 314
220 437
175 270
125 405
16 191
19 422
6 326
87 174
174 228
348 367
120 252
145 425
194 221
270 444
20 96
277 486
16 232
22 86
104 483
156 250
277 431
102 142
125 485
243 411
174 502
126 171
221 276
30 493
334 458
372 453
61 99
168 299
86 458
150 213
124 194
18 455
30 448
97 335
24 105
52 340
161 487
57 115
90 161
71 472
266 321
130 238
59 431
213 367
5 284
281 342
287 358
132 305
257 416
309 399
43 66
0 397
198 497
215 368
32 356
258 391
84 173
6 253
477 506
33 67
34 501
253 397
11 338
188 245
47 48
22 62
278 288
91 168
14 322
195 297
310 400
172 383
23 143
84 218
400 458
230 393
230 263
198 454
47 226
202 313
246 440
108 309
240 431
10 59
29 106
212 290
41 208
135 459
24 101
90 137
66 469
339 369
244 425
263 371
294 408
150 239
33 473
78 485
477 505
148 322
26 67
292 434
0 59
200 423
359 392
47 171
50 80
182 484
408 465
95 396
141 489
81 412
245 361
5 141
5 47
38 99
136 486
34 442
103 418
10 367
94 268
173 179
298 311
167 382
297 452
129 246
5 279
110 362
289 340
209 271
173 199
88 243
11 176
67 178
324 367
53 351
324 361
126 297
385 407
134 159
222 337
81 91
52 294
177 461
210 374
476 502
3 374
145 324
62 319
405 469
329 380
150 352
39 51
128 490
267 428
39 137
272 277
198 414
38 272
83 318
89 359
122 368
34 494
189 408
73 195
124 351
243 420
294 424
24 336
30 149
60 231
341 397
42 360
246 486
338 375
233 350
175 292
373 487
336 470
322 387
424 442
252 339
270 271
12 377
270 366
58 303
124 457
384 393
66 459
38 426
94 109
310 463
74 111
131 180
161 286
364 482
293 380
331 439
303 419
157 336
204 218
179 353
171 299
353 368
7 316
58 310
167 462
207 322
35 74
179 258
40 288
150 400
157 456
189 418
330 396
188 455
327 350
169 250
54 385
270 334
390 419
108 491
205 277
83 320
102 126
282 500
76 389
87 216
161 195
304 460
313 394
394 470
123 155
5 337
166 264
255 433
405 458
91 401
147 295
83 431
246 419
49 262
41 182
151 453
164 270
88 140
109 146
219 266
143 376
81 468
75 366
312 430
65 215
205 478
281 474
47 85
31 180
125 312
266 487
123 390
48 56
117 504
131 489
190 464
178 470
185 346
239 270
14 247
367 429
178 343
131 445
180 487
154 342
100 412
461 493
81 430
10 461
445 490
36 316
13 337
20 49
329 345
33 143
215 439
3 341
74 182
170 445
204 297
56 249
33 501
253 284
138 201
161 164
137 475
18 73
87 336
330 435
55 464
260 267
271 294
214 252
285 407
137 245
13 128
177 298
295 336
171 421
91 329
262 379
186 209
176 425
297 460
51 317
380 486
2 51
61 80
200 436
151 245
13 448
189 437
160 379
69 183
35 185
169 387
329 374
194 314
51 385
4 123
123 140
38 408
89 111
342 440
118 247
135 151
80 501
80 256
269 421
5 136
390 484
266 267
74 428
84 380
344 460
106 329
184 416
195 390
9 305
191 483
451 484
202 381
21 227
307 450
145 350
120 450
5 344
235 493
74 278
340 351
188 445
104 479
248 393
345 408
221 367
140 304
10 271
352 382
127 143
364 473
186 401
374 447
18 396
71 325
70 300
71 367
426 437
115 471
120 283
91 267
228 340
81 395
198 468
400 441
364 459
304 334
264 406
90 385
173 365
431 483
110 186
110 171
137 471
77 355
235 325
205 309
268 293
188 431
221 365
179 424
101 120
114 429
104 193
313 337
247 479
104 144
65 75
29 391
48 239
61 70
108 404
99 280
90 206
228 444
341 426
199 451
118 156
83 435
34 378
271 494
85 399
134 483
80 341
317 377
84 493
81 373
152 403
211 345
230 283
352 459
429 485
8 104
126 270
127 265
261 375
27 229
52 79
268 310
252 282
74 75
190 417
27 114
57 443
60 362
131 272
46 287
10 460
145 269
4 256
32 310
272 380
88 91
341 405
295 455
313 477
263 435
225 334
101 136
102 347
68 265
181 203
293 485
112 252
166 313
170 306
164 290
63 153
112 227
347 504
94 320
166 295
50 426
396 499
142 308
201 225
182 465
8 255
94 171
40 61
72 506
159 492
160 239
253 454
80 506
49 163
24 321
220 457
214 462
99 295
129 239
266 457
3 88
108 291
109 327
261 279
278 491
88 182
305 377
110 409
19 450
178 381
236 287
120 281
247 285
74 224
277 323
70 189
33 258
24 49
394 429
127 450
271 273
92 231
64 332
91 238
38 189
49 172
281 324
373 501
205 345
277 396
120 341
117 206
261 382
85 369
253 309
91 251
121 231
63 368
112 499
239 264
52 398
179 439
153 286
44 95
22 305
314 487
289 494
167 258
15 181
104 258
183 238
101 493
236 432
128 286
169 459
185 350
115 281
185 473
304 345
203 390
269 271
121 284
180 300
463 472
154 428
10 71
233 459
354 476
113 483
20 412
47 196
365 502
66 83
185 366
71 281
211 461
207 282
222 249
389 447
203 457
4 140
411 460
358 418
167 182
149 212
100 385
346 491
75 439
25 190
134 364
156 450
445 485
131 366
317 435
71 482
23 123
339 384
73 237
77 182
265 386
312 479
109 382
173 361
282 429
34 104
257 482
37 116
280 296
50 326
35 216
96 497
122 168
238 300
3 44
197 376
42 246
396 399
65 291
363 450
81 153
300 475
354 465
134 188
174 298
260 301
149 342
459 504
295 388
425 448
350 460
165 381
274 439
17 30
136 472
13 321
70 438
412 485
72 497
11 249
241 325
233 347
271 409
399 418
324 341
99 355
61 287
69 431
135 318
208 476
124 499
390 418
33 34
146 407
292 411
106 498
154 458
385 460
212 237
128 208
92 411
342 401
102 111
462 506
362 364
397 475
253 489
183 252
72 373
87 173
20 330
302 391
32 170
116 334
139 256
240 313
124 269
90 279
87 236
222 243
209 329
11 492
175 395
254 303
105 380
152 391
167 333
56 336
149 390
132 448
262 371
296 367
59 364
85 211
252 430
227 498
180 351
30 126
91 105
218 243
210 265
360 456
1 396
100 210
58 465
32 279
377 491
50 279
291 505
285 351
428 430
106 351
249 331
191 422
45 325
189 351
0 300
54 454
150 255
264 456
85 468
287 338
85 409
226 321
38 376
163 458
208 215
141 506
118 437
169 321
169 207
183 311
140 496
194 462
174 406
2 414
339 349
372 417
70 462
278 490
153 203
154 418
136 168
28 101
170 173
23 348
400 497
158 346
165 294
206 283
322 440
255 346
84 294
15 482
0 217
223 239
149 207
104 373
418 421
371 476
25 140
451 482
383 470
251 260
122 239
285 440
242 497
19 506
105 394
31 187
154 489
19 486
259 472
7 148
96 500
124 273
13 294
246 255
