488 4469
253 335
15 128
173 320
48 312
188 257
154 362
70 246
8 185
143 203
113 156
96 472
103 294
104 406
0 285
82 99
75 328
268 346
7 472
111 190
122 370
121 244
38 255
78 131
30 368
44 324
324 487
70 354
186 282
128 380
93 353
216 297
241 249
108 123
267 304
231 322
239 367
384 448
0 181
26 356
374 424
169 220
68 348
38 134
204 406
290 486
287 463
306 358
59 180
271 456
160 344
112 295
49 174
138 374
177 432
461 485
238 306
79 155
307 410
342 416
9 42
75 345
105 176
207 314
222 395
193 387
284 293
207 291
191 312
19 276
115 427
419 450
239 378
230 487
63 209
76 312
39 421
189 341
35 349
61 334
53 332
17 115
233 416
0 378
72 75
40 410
190 296
381 441
37 403
277 460
314 459
67 378
225 307
244 332
317 365
103 299
261 316
208 336
209 320
53 230
40 428
47 100
178 348
220 418
335 420
116 383
53 287
347 423
143 284
60 229
244 407
318 481
211 287
329 472
91 214
36 464
432 486
20 323
20 77
159 291
208 381
171 343
75 331
75 125
200 305
434 451
348 478
27 462
466 485
235 245
282 362
113 358
235 455
210 476
121 285
381 467
378 420
200 393
116 195
393 469
11 427
104 307
27 55
98 255
4 100
86 138
416 458
190 342
23 290
96 119
118 206
23 241
296 463
111 334
269 392
182 301
98 247
108 142
136 206
248 428
256 424
136 321
69 283
161 377
109 110
203 366
48 281
107 153
96 275
338 437
336 376
371 414
40 440
249 306
143 233
11 164
39 42
168 410
16 473
323 467
256 483
150 252
24 463
61 412
217 441
35 281
219 307
105 345
261 471
180 333
115 356
266 276
128 340
142 456
372 445
111 360
368 399
85 313
142 386
286 352
268 476
17 472
153 368
33 341
184 194
104 226
151 351
420 467
100 401
255 309
75 349
129 314
283 386
133 385
146 247
246 348
257 312
288 337
36 260
258 410
18 348
250 269
176 198
386 409
45 122
0 170
196 284
73 469
87 414
68 297
230 406
6 262
14 15
19 193
152 270
126 347
189 320
95 160
262 469
428 440
259 303
452 485
277 478
315 429
91 110
67 487
100 228
30 162
146 288
310 450
223 296
46 319
344 418
25 97
21 62
255 434
3 359
70 92
222 231
194 443
70 82
322 455
333 433
115 439
100 237
95 166
187 231
331 451
133 347
193 221
13 273
273 293
48 181
251 280
131 477
16 449
82 107
168 394
76 195
148 198
185 370
116 389
75 443
304 382
90 385
292 418
324 392
30 351
93 433
219 246
306 392
20 276
72 101
201 302
61 434
43 371
126 454
275 381
82 452
137 237
171 363
239 433
113 378
350 360
171 428
44 384
20 169
39 178
456 487
409 431
114 294
152 409
43 57
59 454
353 483
106 214
14 375
208 232
34 131
38 289
28 190
214 288
137 447
333 349
13 200
121 313
71 380
76 324
89 157
86 423
144 289
7 115
99 103
127 445
242 441
396 398
362 430
20 445
276 481
360 373
61 365
35 278
361 384
1 476
63 269
220 337
158 223
79 455
299 428
9 25
24 62
6 271
195 280
258 357
272 379
102 410
80 308
44 419
124 357
462 479
103 354
153 270
190 210
115 379
193 304
122 190
150 176
213 452
288 380
189 343
332 479
339 382
153 351
248 335
295 474
41 415
271 356
80 433
117 357
357 465
25 292
387 411
202 424
178 275
8 414
329 420
271 377
185 241
61 468
0 239
73 314
148 366
61 283
6 389
139 342
133 440
82 171
236 377
36 99
72 149
73 344
220 304
40 447
60 340
56 270
110 454
332 386
200 390
251 412
283 432
293 299
270 473
279 366
92 212
43 341
273 468
65 70
48 355
98 412
105 389
137 261
199 261
244 280
391 427
249 352
222 341
256 478
42 156
154 195
250 374
320 472
422 442
22 424
120 299
5 116
67 73
51 310
220 422
281 435
164 202
17 475
272 468
0 24
407 482
17 66
96 396
11 484
18 304
3 234
317 322
211 281
266 484
32 405
138 370
102 204
101 349
365 434
88 248
46 271
331 342
74 290
278 355
59 171
129 355
98 163
267 354
121 158
6 118
169 250
44 158
19 94
116 167
191 325
64 217
6 353
201 342
220 481
171 199
250 379
185 303
370 473
66 278
334 342
261 397
88 295
45 418
197 247
427 454
80 314
28 73
261 422
235 290
141 383
429 452
288 462
298 384
165 398
52 105
164 171
272 311
10 237
345 457
212 332
14 271
28 379
9 79
227 269
381 465
159 458
319 396
21 58
58 215
14 23
196 317
140 162
260 301
95 373
170 267
437 447
202 441
278 333
286 475
152 410
229 318
18 228
117 192
421 472
136 390
76 296
188 355
264 420
226 314
382 389
171 420
127 302
212 249
145 405
118 257
108 277
103 135
106 441
106 348
70 95
152 358
225 298
59 228
281 365
306 420
186 417
189 246
152 438
167 301
309 471
149 447
86 466
208 430
26 110
0 212
64 376
253 398
171 386
21 422
0 342
78 486
230 322
3 105
269 334
83 197
140 372
206 486
0 346
133 469
201 268
279 485
322 384
28 242
62 335
71 218
327 379
74 148
75 99
197 343
120 310
68 486
33 381
178 429
289 462
37 305
165 188
228 254
40 284
62 138
30 434
251 472
246 433
37 238
134 480
250 316
335 374
239 320
152 341
287 457
191 459
222 460
132 220
214 476
87 264
85 345
66 423
196 327
175 306
27 79
139 378
130 202
115 464
104 345
174 355
100 459
253 358
82 131
102 447
180 437
30 263
19 69
34 185
265 334
270 468
84 122
201 428
26 150
288 297
147 458
106 222
328 467
49 259
200 295
187 405
51 100
90 132
336 338
119 230
255 288
4 459
134 302
85 190
182 235
209 225
172 177
74 110
406 448
219 361
237 254
42 228
229 284
107 143
307 377
60 375
118 482
141 166
267 280
188 228
20 411
347 446
222 235
55 299
57 127
267 366
215 464
100 358
59 329
33 411
113 401
363 379
18 487
75 446
1 181
394 476
18 57
34 204
181 241
329 466
163 230
51 211
72 385
347 461
14 200
126 270
377 446
89 434
289 298
119 483
343 352
304 308
422 436
36 248
225 472
96 182
4 404
27 248
25 130
162 197
89 143
56 151
6 10
224 333
378 398
32 361
307 455
276 421
166 202
248 406
294 393
239 303
3 340
174 367
322 413
320 382
51 262
280 296
40 344
279 294
118 188
178 307
23 354
181 298
99 358
120 155
279 414
433 475
83 128
177 391
120 161
137 397
220 308
302 333
75 468
416 470
149 330
63 165
379 384
116 164
185 307
372 466
36 54
57 116
39 442
407 458
21 77
63 174
2 81
113 181
126 150
136 267
294 430
42 103
126 153
2 4
156 360
99 143
427 471
18 69
306 459
82 144
91 164
164 183
164 395
107 244
23 362
314 444
140 254
114 125
199 381
135 443
68 406
14 188
375 429
1 286
102 164
38 278
417 430
21 96
95 235
301 386
328 487
381 400
164 291
121 398
143 469
84 155
69 464
37 116
205 217
123 473
123 263
382 482
104 207
290 292
397 465
190 275
65 305
54 211
120 213
13 212
238 290
126 330
430 440
87 205
275 360
15 202
273 330
317 476
105 336
47 475
63 356
63 199
31 282
66 252
146 237
414 444
16 93
115 179
215 335
303 407
423 476
262 360
193 270
120 464
28 220
159 481
12 74
205 289
366 432
229 232
40 73
71 226
2 11
277 342
285 293
190 228
316 369
149 238
159 453
398 428
106 264
229 396
444 463
120 332
61 302
25 303
1 92
75 295
199 254
204 216
352 418
58 416
220 427
102 177
218 463
92 409
8 337
263 402
22 248
133 150
279 464
34 437
3 201
36 400
317 394
233 355
1 210
33 372
263 427
189 223
197 479
122 335
128 355
400 423
335 438
144 422
419 438
257 332
23 329
46 340
75 337
290 378
298 341
456 470
83 433
324 362
13 340
188 315
190 401
87 312
11 284
227 418
21 418
401 406
224 227
91 391
221 285
271 477
181 260
102 428
21 457
253 383
105 415
208 438
115 312
315 319
134 225
162 370
111 148
216 267
269 466
216 388
159 168
271 382
42 449
117 273
32 264
251 401
158 401
188 466
349 365
250 283
256 480
149 450
222 352
56 435
38 320
53 114
167 290
244 268
1 312
46 377
79 356
372 484
229 354
198 377
303 415
23 423
206 343
272 293
198 357
196 198
202 477
81 224
116 372
44 188
96 144
157 348
253 273
23 120
17 469
94 321
59 166
199 255
190 445
231 473
253 350
216 368
326 357
239 276
119 282
367 379
107 239
326 421
192 262
336 393
158 449
182 215
230 270
16 107
50 98
117 444
437 459
41 471
254 312
90 263
291 338
411 448
67 445
226 239
255 417
74 437
10 256
7 323
360 407
345 421
396 455
267 371
128 458
156 364
244 296
214 326
234 352
300 323
136 410
255 368
0 455
117 282
91 381
354 404
382 465
91 109
315 381
162 444
115 421
146 476
109 427
178 428
94 431
9 205
85 422
216 320
219 239
420 475
84 255
358 433
54 443
240 425
113 451
186 480
291 380
39 286
225 401
49 109
20 413
385 389
156 452
6 414
445 461
199 375
356 480
174 347
342 426
137 420
321 364
98 144
342 376
234 299
41 180
141 251
156 270
9 450
191 431
80 457
293 377
124 182
30 305
57 220
81 128
2 337
184 255
321 406
22 44
83 308
187 360
146 430
265 345
282 376
144 403
77 478
182 400
59 477
51 484
144 300
0 162
183 326
250 437
205 323
41 333
334 429
6 417
187 429
75 142
264 340
94 349
334 460
116 144
157 225
134 248
340 380
135 243
136 271
53 427
294 340
194 322
197 204
78 238
85 257
440 454
251 444
387 436
269 471
253 314
228 428
298 486
53 252
129 481
292 427
179 337
175 180
240 413
286 426
398 469
292 416
280 466
99 421
343 367
145 210
145 339
99 473
454 487
138 339
11 233
4 396
113 442
240 244
70 368
231 359
290 338
90 294
434 447
48 328
95 327
88 229
200 409
187 271
182 425
289 399
6 387
125 342
79 245
269 315
246 359
170 300
219 446
113 126
144 174
400 417
27 440
163 194
170 192
45 128
1 17
301 336
164 431
122 311
161 430
12 366
30 441
348 419
254 449
157 337
124 154
104 116
26 145
291 404
81 448
12 449
59 350
70 248
123 293
146 223
200 223
72 156
117 176
147 422
338 374
19 106
39 387
245 371
167 242
75 370
168 325
38 185
375 438
207 256
34 366
142 166
184 249
198 407
213 295
131 374
336 348
230 337
0 119
23 278
381 397
156 367
246 420
51 108
9 471
320 380
14 360
294 315
40 247
272 302
149 374
173 210
73 369
64 263
373 451
133 433
12 227
148 322
170 264
262 366
46 219
59 198
41 119
306 455
273 359
76 480
174 233
19 159
172 184
170 190
97 203
6 288
116 155
172 178
68 312
137 318
170 446
123 127
54 301
137 259
99 464
99 362
345 370
92 293
18 157
72 313
201 285
82 147
116 477
36 314
199 210
118 311
203 256
132 442
337 366
357 476
117 322
300 431
200 374
102 200
161 286
192 240
177 364
332 453
338 425
185 212
180 429
121 326
72 144
124 305
264 353
175 295
178 466
238 248
187 330
19 107
204 294
227 417
235 299
387 394
41 236
78 231
24 113
99 300
122 280
321 415
324 412
172 235
51 105
239 255
70 199
55 358
23 356
29 331
74 158
19 439
207 341
48 380
250 462
39 184
400 482
262 288
185 230
144 430
140 419
429 441
97 183
113 234
84 422
48 147
142 261
91 444
262 286
334 339
99 238
9 220
39 146
361 448
242 427
122 314
347 376
296 460
44 85
332 477
367 424
24 395
323 326
53 353
48 254
120 414
14 204
76 250
2 415
14 396
158 382
321 324
9 33
31 484
147 466
75 289
83 167
215 332
194 486
92 243
166 433
407 415
22 262
163 412
216 336
213 234
154 486
4 265
257 466
301 356
63 310
65 280
53 96
37 155
28 65
46 401
10 245
324 481
93 387
318 472
461 464
403 410
374 477
64 293
58 65
26 481
201 426
231 356
67 386
280 387
143 236
33 440
129 360
408 432
391 430
333 484
70 111
344 370
126 462
140 483
57 137
256 282
83 227
163 181
259 336
231 241
330 385
132 435
8 453
77 175
317 375
203 213
272 475
398 487
134 320
26 262
42 289
67 103
124 450
139 397
201 322
244 470
215 353
48 410
24 83
51 319
168 281
49 161
270 472
86 232
50 382
12 272
149 160
291 457
371 395
105 254
76 275
53 202
14 145
172 436
303 456
275 433
46 273
5 113
274 455
48 231
302 327
11 331
266 281
41 147
70 300
275 449
207 324
173 370
145 275
103 112
39 289
315 325
153 383
54 81
301 406
87 142
342 452
349 407
99 479
159 423
166 232
276 353
47 348
241 416
423 432
285 438
129 361
132 278
172 300
185 283
0 178
311 472
186 432
89 256
120 387
51 59
95 213
70 212
217 302
98 278
82 456
26 279
50 131
142 274
374 403
270 454
133 368
39 147
119 221
133 194
370 422
14 255
70 334
300 426
384 458
2 56
6 337
105 351
24 374
11 302
291 406
110 340
10 235
104 180
173 319
108 465
171 182
123 268
193 390
401 486
384 473
119 222
147 242
198 442
78 415
147 410
144 428
21 377
424 469
38 349
12 238
267 350
63 193
170 304
182 469
120 341
159 463
93 165
103 152
42 459
90 388
247 265
372 449
337 449
254 330
68 214
11 422
27 254
35 461
342 420
141 382
242 290
267 273
9 393
304 351
282 414
398 401
61 284
37 357
17 188
152 245
210 369
9 156
152 345
72 358
3 76
53 132
5 457
340 382
321 480
59 472
81 204
337 371
69 452
13 112
192 216
84 477
210 431
188 397
285 342
71 126
34 271
26 383
45 334
175 344
41 188
343 483
112 198
183 477
99 286
64 143
86 189
448 474
122 294
289 315
0 148
360 431
259 334
107 366
65 402
235 305
291 323
50 208
268 370
6 91
17 363
125 440
124 432
375 409
220 378
12 73
34 84
70 177
182 455
170 364
4 480
208 271
88 282
92 190
356 461
201 435
48 329
216 230
30 34
115 400
255 301
286 300
55 190
8 50
168 356
274 303
278 457
261 436
39 240
252 371
301 404
394 426
80 350
356 380
100 160
155 422
40 148
201 395
308 324
126 293
43 425
30 93
68 187
125 290
228 239
137 255
403 430
337 409
84 441
59 200
295 340
363 381
124 333
175 179
0 262
260 272
14 296
290 321
385 406
9 279
78 148
153 164
158 409
353 443
367 376
162 329
226 430
167 292
199 419
316 381
265 302
53 262
323 477
257 299
190 389
157 317
368 436
460 484
306 429
143 336
49 295
383 408
155 389
116 200
100 114
184 442
146 320
293 463
269 440
247 306
304 452
81 243
53 279
244 308
79 388
282 435
74 209
96 439
55 228
453 471
268 380
312 465
308 364
158 361
77 342
82 234
196 304
43 172
341 422
25 82
260 271
116 276
49 399
243 414
41 365
312 445
402 466
104 227
118 282
66 122
72 431
186 317
44 249
10 274
27 475
32 485
156 421
325 444
229 239
15 422
113 370
256 314
62 245
363 450
133 470
72 257
59 333
119 358
217 266
302 374
211 278
177 377
98 423
34 269
121 339
304 480
80 413
21 471
36 280
180 281
299 309
82 281
41 179
212 243
338 381
75 306
233 252
123 459
87 327
185 393
44 99
36 177
218 382
18 114
152 294
24 438
218 338
333 428
306 433
25 146
0 35
8 439
268 363
214 442
389 459
50 289
56 185
17 247
151 398
336 447
275 352
184 208
12 431
245 423
152 254
265 295
251 408
171 291
183 378
38 181
13 25
8 218
441 465
398 461
165 204
418 468
64 106
19 175
5 160
45 390
214 282
84 338
312 321
457 473
242 332
38 230
165 476
314 413
138 466
89 417
88 112
206 295
419 459
2 438
36 415
133 365
405 412
3 311
383 461
61 268
129 197
45 136
166 284
262 435
31 38
23 192
211 439
165 359
18 156
35 72
193 450
12 138
75 206
42 193
212 346
2 35
121 420
150 174
437 477
223 434
139 477
179 411
264 298
72 139
101 353
35 159
201 484
75 153
117 279
10 286
17 140
84 334
23 311
271 432
187 226
202 300
229 345
100 234
203 473
294 439
83 148
338 480
28 459
98 485
42 370
189 462
242 437
265 406
120 306
341 436
96 448
367 478
44 50
342 365
435 463
70 398
111 345
265 421
12 27
78 343
90 277
269 475
19 212
221 335
114 345
97 403
127 320
150 414
92 461
283 471
122 421
152 330
116 251
13 72
243 480
185 191
215 436
158 224
14 133
283 422
2 200
37 39
145 291
198 265
146 200
2 162
95 201
388 441
233 325
34 111
102 472
300 394
44 295
52 362
188 369
378 412
277 329
231 382
144 354
172 367
100 479
109 138
52 298
55 118
102 341
9 192
91 195
26 69
246 317
151 234
249 464
228 292
3 92
56 457
71 385
440 448
332 430
61 130
398 446
149 449
261 439
230 324
21 404
117 409
222 455
253 412
10 223
363 385
291 320
86 109
14 135
132 434
425 433
90 169
305 392
370 377
196 426
235 310
105 312
145 474
15 135
207 298
437 484
327 402
73 398
70 239
352 472
143 483
14 183
370 436
18 423
181 407
354 441
119 482
48 476
149 254
243 370
73 291
151 387
82 248
135 275
36 308
64 135
91 289
46 166
266 466
2 307
110 428
120 201
20 148
131 473
102 182
78 94
468 479
323 430
191 467
221 375
366 431
238 344
4 208
4 136
342 390
152 295
36 193
341 448
259 291
132 175
106 225
268 394
130 149
78 303
37 478
26 48
206 308
389 417
137 144
441 468
101 116
39 462
110 310
293 365
136 297
155 283
128 283
33 214
306 309
297 322
348 426
184 345
418 431
118 286
96 196
201 317
293 350
311 455
263 435
58 426
140 307
79 112
216 413
155 458
133 255
82 93
105 269
166 379
356 430
197 404
179 309
293 374
198 439
347 416
287 440
60 64
251 478
51 374
47 447
42 355
247 454
182 202
23 104
111 217
217 409
69 208
38 105
66 447
418 458
395 478
319 323
28 325
165 434
370 417
72 148
243 253
10 20
15 34
301 398
200 387
131 333
102 440
50 359
58 130
277 457
5 109
218 352
327 348
109 306
356 408
136 205
131 379
254 379
248 343
152 336
21 304
307 385
320 440
157 274
292 404
84 375
104 171
384 409
19 486
345 374
14 161
216 273
306 336
112 366
132 369
55 454
193 330
15 264
284 339
237 476
356 413
246 483
121 389
81 393
98 291
100 196
17 392
42 283
335 383
59 305
252 308
127 487
289 354
227 331
90 225
268 454
51 355
64 114
209 390
6 178
41 107
51 93
93 389
444 479
71 156
218 428
138 168
129 158
214 454
101 434
202 388
265 396
251 279
149 487
312 390
280 335
319 431
236 475
191 253
355 387
10 381
136 455
419 453
166 370
241 459
233 356
100 159
90 481
10 54
420 472
130 476
151 310
17 125
24 312
220 230
2 189
388 414
69 372
149 317
207 383
248 429
290 339
139 458
133 185
233 431
28 370
186 211
39 414
141 313
203 476
28 69
282 445
132 266
286 414
67 289
378 415
50 381
52 235
28 251
203 412
221 402
212 301
340 453
18 305
292 482
107 302
451 461
77 196
312 476
183 423
285 367
466 479
53 442
141 387
2 413
322 380
191 478
148 236
141 467
57 196
6 59
187 293
42 101
129 487
264 451
86 213
234 388
248 450
176 326
33 451
99 253
103 477
190 305
106 288
56 159
27 423
113 257
53 370
104 425
371 467
207 435
146 307
117 387
237 425
17 110
101 385
339 353
53 98
219 326
26 365
61 471
63 134
266 301
92 430
283 319
222 244
132 299
98 271
93 390
110 222
354 398
412 475
154 242
301 438
385 460
136 264
104 476
97 442
232 365
47 333
7 200
7 19
133 296
278 445
63 430
87 447
70 141
88 372
340 370
70 267
308 466
64 337
199 223
188 294
56 307
18 131
73 79
314 471
350 412
257 378
84 300
147 339
180 330
436 471
200 276
37 433
127 193
39 356
113 479
15 374
216 254
249 386
272 469
269 390
368 409
203 388
173 241
45 260
220 252
272 309
125 135
414 418
182 287
256 302
437 470
40 205
50 479
54 290
212 449
185 209
49 86
19 246
113 219
36 179
175 189
35 319
22 82
124 398
10 379
42 286
51 346
42 166
188 207
336 473
87 267
50 116
345 471
139 171
438 442
5 256
34 264
186 231
63 305
298 344
58 390
45 479
185 387
264 329
282 338
60 413
48 58
2 139
287 380
282 471
15 218
26 94
342 454
173 436
113 368
317 331
326 414
152 457
99 117
167 328
221 430
190 202
172 404
47 193
283 306
180 371
333 366
434 438
12 332
61 139
73 95
174 261
112 141
89 146
150 350
201 391
158 451
65 145
39 43
232 487
277 395
166 250
216 429
44 422
230 328
319 374
51 153
77 309
359 457
147 304
64 261
39 201
393 475
268 452
280 289
68 330
285 423
75 242
58 400
115 415
179 417
53 432
120 317
138 145
330 394
357 371
68 399
87 349
386 431
175 184
69 461
61 304
113 146
99 160
45 235
356 363
337 385
113 340
29 139
7 457
182 268
120 371
180 442
204 325
95 244
270 372
446 452
73 453
144 385
241 435
114 430
22 216
88 335
84 104
162 484
114 238
342 469
189 366
97 147
57 259
243 357
392 487
251 259
78 264
161 477
13 224
208 239
110 443
8 102
54 335
229 365
153 167
326 460
59 432
281 438
1 168
207 406
122 400
119 410
278 478
147 426
296 345
191 240
65 406
258 454
126 177
389 414
202 239
66 425
121 363
36 144
320 364
81 325
98 171
200 246
20 318
45 474
335 352
0 375
182 457
231 442
51 436
51 328
19 134
12 305
59 226
125 188
306 391
76 459
62 278
62 409
77 161
110 277
155 184
57 440
250 394
285 300
78 320
47 309
167 365
5 60
38 413
28 157
208 301
4 338
171 463
188 381
227 377
273 322
178 331
11 182
226 449
90 460
90 361
81 143
180 354
6 222
40 158
79 219
292 343
233 248
298 431
65 170
162 341
90 409
46 394
308 487
116 395
179 266
80 360
23 154
235 384
122 298
148 357
21 253
299 450
71 258
49 69
457 464
143 184
97 417
106 401
94 314
195 441
24 56
7 482
243 306
406 422
203 380
185 310
219 485
183 293
105 202
399 457
4 344
283 418
163 413
191 451
20 427
279 328
359 456
27 61
222 360
48 195
110 234
171 348
107 299
75 116
150 166
308 374
58 302
64 481
109 186
9 408
174 186
164 306
36 153
178 278
163 205
205 445
146 259
27 444
259 362
14 406
119 381
59 240
120 212
339 437
188 428
375 430
219 429
33 398
4 403
63 399
337 362
233 487
244 481
247 362
79 393
189 458
191 382
136 248
134 258
138 298
109 264
348 476
74 421
101 303
11 335
55 397
77 138
231 440
354 387
337 467
447 484
301 370
86 304
211 333
52 355
303 427
245 437
50 353
240 451
56 487
181 458
164 370
51 163
205 399
255 421
141 142
86 233
114 443
20 90
170 202
199 427
113 130
144 396
92 318
222 366
136 358
273 286
153 267
222 424
216 271
364 370
127 397
186 268
181 469
15 233
244 344
106 411
428 448
261 356
111 416
200 430
332 376
225 295
117 364
108 177
302 305
23 280
167 213
260 296
13 201
247 351
62 384
61 216
177 206
37 429
56 130
199 456
444 457
29 261
15 276
255 408
103 109
217 426
55 343
162 257
62 146
327 391
25 328
17 126
58 261
319 451
22 260
71 254
96 425
36 124
117 144
153 209
112 451
202 446
13 374
123 342
294 318
7 331
183 319
91 459
3 295
238 336
91 422
325 374
173 393
23 357
219 302
45 109
69 316
459 472
316 444
130 291
216 231
62 354
101 436
466 487
424 430
256 319
1 443
338 407
33 354
55 226
221 294
26 285
206 384
333 415
180 310
233 386
32 262
86 116
255 311
63 267
221 291
112 305
32 317
182 298
10 146
23 205
92 164
145 378
27 408
180 260
9 278
36 475
0 18
275 278
407 484
253 481
69 476
355 466
414 439
360 367
262 303
77 293
120 420
36 40
374 386
146 438
97 243
481 484
196 243
69 200
35 153
367 428
176 444
122 132
301 324
122 248
292 446
241 342
12 270
147 279
167 459
345 394
315 351
122 431
87 434
63 250
38 381
286 357
254 399
41 75
26 65
49 374
171 416
263 301
470 476
62 100
305 429
230 359
144 258
192 349
52 229
185 343
84 387
57 215
130 220
175 426
106 415
212 237
27 379
145 362
25 241
335 466
33 457
55 130
82 410
56 187
22 377
258 445
63 440
145 316
306 324
118 318
118 338
113 115
238 273
96 208
427 481
39 107
180 248
153 256
168 470
72 474
184 485
297 448
185 235
176 467
140 283
100 314
119 228
189 313
195 240
282 385
274 302
343 375
128 158
24 458
67 212
205 413
26 248
145 350
17 24
31 160
104 336
10 424
254 272
58 448
32 378
164 328
19 392
53 130
336 486
132 381
167 448
90 300
332 378
270 419
169 238
33 40
350 398
109 275
75 329
442 459
15 465
298 473
268 444
1 135
321 349
98 477
334 473
70 242
134 367
121 223
62 211
23 101
117 458
409 461
141 286
277 433
117 275
194 246
4 361
95 110
150 299
207 249
431 438
37 437
17 117
345 472
103 314
177 269
51 393
56 178
151 459
374 377
113 255
98 186
346 369
126 333
153 179
88 192
125 155
5 371
272 411
210 332
121 351
270 290
315 483
9 169
38 440
101 104
111 173
73 401
78 453
191 292
119 263
27 380
240 350
54 468
328 419
80 262
330 338
106 427
94 221
239 334
409 455
40 159
72 178
119 396
264 475
466 477
360 383
322 328
47 253
65 320
91 339
20 422
49 310
197 251
73 190
31 164
190 400
39 158
241 376
64 144
268 272
348 439
112 485
285 301
137 328
139 275
444 448
250 440
84 468
160 226
236 431
75 268
321 421
178 405
170 481
151 449
18 21
139 358
56 418
3 100
209 447
217 330
312 463
34 223
120 342
66 271
5 40
182 436
130 389
211 447
329 486
189 241
113 270
361 430
122 131
70 393
182 218
61 247
342 407
409 451
121 268
302 323
191 214
249 372
107 116
158 177
10 356
366 369
78 383
143 217
301 409
123 380
185 323
324 334
327 341
371 387
18 186
365 369
417 463
293 427
1 151
127 329
163 378
195 345
80 183
89 216
231 370
98 379
295 336
207 386
430 435
15 232
157 367
328 408
296 332
341 410
93 265
208 345
99 363
169 201
126 418
7 272
232 247
261 475
76 374
37 73
59 145
4 300
127 411
167 413
3 127
464 478
16 303
110 384
332 432
211 413
388 389
172 392
45 347
319 442
28 269
42 422
59 268
124 406
111 274
168 404
346 402
153 403
295 478
127 276
300 392
243 287
215 467
21 317
74 180
241 287
92 258
83 253
132 178
1 155
88 273
233 285
77 133
57 80
177 333
11 238
159 260
220 294
124 135
343 410
217 220
254 386
286 468
61 116
302 450
147 438
313 485
275 283
0 331
403 448
72 461
264 474
288 352
25 370
70 217
269 376
131 230
49 411
137 242
391 415
26 478
120 131
66 204
24 131
294 320
180 214
31 127
11 167
2 115
312 332
100 169
196 199
47 163
45 396
264 387
223 274
116 345
70 446
26 28
53 172
194 381
36 390
172 419
58 276
367 416
24 368
11 84
251 295
243 291
114 474
357 440
86 464
178 233
262 295
71 73
23 383
56 439
109 227
57 345
55 241
205 401
133 263
66 299
34 147
381 421
121 271
14 196
30 120
129 215
49 456
116 133
156 396
251 253
148 430
173 479
259 283
11 102
288 475
40 458
289 367
22 419
41 316
290 391
332 347
48 61
67 473
33 263
159 353
298 414
76 274
113 402
221 314
267 319
105 252
107 352
32 95
156 235
172 484
445 446
286 393
371 464
353 391
20 369
199 405
112 482
103 216
13 299
23 69
39 204
141 476
59 289
37 95
109 399
223 280
222 234
49 282
293 435
104 174
86 428
198 241
155 376
78 341
288 384
180 414
100 107
159 286
199 406
210 265
294 334
332 356
401 455
146 304
211 345
133 193
96 138
81 146
164 261
21 383
385 390
237 422
123 461
234 375
152 286
244 253
182 195
236 457
205 245
201 330
110 264
24 329
107 413
73 297
89 92
196 365
419 464
380 399
293 361
27 58
308 317
78 127
14 402
139 314
181 242
294 298
293 440
98 195
134 417
15 215
186 316
350 393
11 40
217 294
181 300
24 42
21 177
175 451
377 431
3 392
361 466
117 137
427 474
2 179
84 471
444 487
70 304
39 156
238 243
304 439
245 476
110 441
154 457
377 428
6 253
263 318
63 422
311 398
184 250
238 266
17 256
85 322
109 454
391 399
54 292
16 173
80 120
311 425
70 335
144 399
104 205
395 423
204 462
292 440
22 223
121 479
287 333
159 336
284 312
56 112
254 302
207 354
185 472
115 186
225 391
52 407
32 270
38 285
9 142
182 402
118 294
125 471
214 355
285 331
56 484
261 460
89 192
168 184
229 257
338 459
19 265
83 457
254 466
97 182
286 328
362 457
76 404
12 291
81 90
273 434
9 122
122 447
56 308
152 208
57 397
297 349
68 72
474 478
209 365
40 306
202 285
256 485
46 277
165 325
33 69
111 257
278 350
264 306
104 335
248 438
70 296
217 221
277 285
122 369
229 482
423 464
90 236
68 280
100 194
259 287
98 228
206 254
34 173
115 313
267 367
275 393
130 217
189 206
94 408
104 296
16 266
20 170
229 480
11 313
384 446
69 430
80 412
96 121
159 326
321 399
74 219
155 231
43 486
135 369
3 284
40 220
172 448
46 416
379 399
36 402
241 321
187 334
67 204
101 245
142 455
74 131
226 388
218 241
212 231
52 307
334 422
31 310
103 392
125 212
292 476
0 379
0 389
74 356
58 221
78 200
112 167
39 441
2 87
188 401
236 335
211 279
165 318
251 439
251 463
61 112
249 452
128 132
28 38
19 133
79 410
52 92
361 439
353 376
238 300
102 136
181 396
92 182
358 443
8 262
52 210
95 218
400 469
286 390
227 432
84 270
362 370
248 397
268 463
161 173
113 447
275 308
108 330
56 175
43 391
251 315
149 185
325 339
46 78
215 385
371 445
68 327
196 405
56 294
133 280
195 208
186 399
213 309
117 252
95 165
266 462
241 340
208 431
47 138
328 378
19 485
323 436
124 201
140 449
201 337
213 457
41 56
134 151
67 465
364 471
241 445
36 332
141 487
1 20
116 142
240 418
181 310
223 400
119 340
88 345
274 480
10 339
186 315
26 253
286 449
44 66
20 178
24 168
31 237
228 361
69 308
335 382
184 304
53 326
303 345
33 49
132 228
51 449
186 202
186 273
221 366
126 138
226 469
215 448
13 296
189 348
120 262
13 480
172 450
143 318
178 199
96 438
149 411
144 473
7 103
238 386
189 423
37 473
169 313
91 450
153 332
7 104
224 246
324 446
136 195
32 371
198 332
329 481
125 223
45 272
157 425
100 179
369 454
245 351
261 279
285 395
84 246
180 187
111 357
248 253
74 239
350 483
211 220
128 371
53 104
159 369
182 354
72 112
179 280
165 294
413 462
59 460
146 363
192 316
328 475
294 471
9 170
115 180
93 225
28 381
314 445
84 427
281 378
84 96
254 385
92 307
149 192
257 297
102 286
265 375
63 293
59 153
345 465
13 145
84 178
48 249
215 322
412 438
84 142
186 366
139 281
113 235
247 360
455 471
308 450
23 182
265 348
37 466
11 430
169 376
216 323
161 215
277 343
350 453
15 396
220 285
4 332
229 464
2 476
393 445
44 222
272 328
87 315
44 375
47 438
161 380
27 425
79 371
109 129
220 224
151 222
350 392
327 396
98 150
297 430
28 260
145 304
355 428
394 408
35 172
206 484
149 364
169 385
7 387
358 449
436 461
33 334
22 48
258 446
143 361
314 377
86 297
31 75
21 270
49 352
24 110
82 238
116 385
121 388
38 437
254 288
34 175
290 419
71 115
25 165
177 455
84 171
20 345
100 342
134 445
136 470
14 101
143 220
242 346
386 426
391 486
124 395
164 178
215 425
165 296
286 347
258 435
133 487
254 436
83 268
51 101
70 76
44 208
99 291
203 238
303 483
435 453
59 313
4 466
96 462
448 487
291 384
33 407
17 164
141 460
266 424
143 444
143 307
115 463
253 392
197 269
142 318
172 173
41 388
145 159
217 234
409 453
179 385
278 292
114 452
21 187
251 455
230 430
359 399
27 337
274 352
54 457
20 459
213 358
233 384
280 360
187 480
380 446
34 39
170 443
451 455
138 250
79 452
6 242
204 239
392 419
89 372
156 460
69 467
46 318
73 307
53 168
70 425
63 384
307 368
208 286
69 417
34 103
19 144
24 396
13 287
431 470
173 416
108 210
57 325
81 405
444 468
373 412
98 415
79 206
87 234
275 326
32 358
226 319
12 131
20 421
3 69
19 281
53 390
64 207
286 380
29 166
175 412
91 225
206 281
248 426
33 159
162 336
83 254
113 410
83 249
197 412
41 259
141 431
154 437
59 396
63 402
99 420
408 442
93 136
191 198
11 454
93 467
98 369
115 346
384 456
10 77
94 130
182 253
59 357
131 480
121 136
390 431
422 469
6 124
147 418
356 360
19 226
126 211
190 273
171 437
198 325
108 233
231 314
457 458
99 332
382 399
167 325
219 223
298 423
57 275
273 321
188 275
15 385
102 482
226 337
406 439
233 408
107 417
174 377
205 271
82 299
124 346
93 203
244 450
203 381
48 246
129 436
95 175
381 410
281 483
144 216
249 320
275 302
33 107
214 357
133 387
278 400
21 293
398 438
406 487
28 50
106 162
398 486
28 94
57 442
124 173
219 276
164 401
135 467
253 265
23 234
208 462
129 440
384 388
304 451
125 352
13 66
107 385
113 443
166 243
134 411
152 214
107 134
19 59
95 164
333 406
348 382
162 258
108 256
101 351
89 356
5 269
72 365
21 154
349 378
9 238
94 210
41 393
350 373
4 363
125 278
324 384
20 456
123 182
144 379
52 206
337 389
23 366
39 395
53 301
74 319
83 141
181 196
128 319
237 267
186 418
261 308
182 381
97 366
368 391
192 344
50 330
237 306
6 161
252 254
334 370
192 224
204 270
137 260
293 441
59 442
66 162
54 95
103 105
31 33
35 306
80 377
370 447
88 289
219 370
275 349
446 463
100 180
280 417
186 201
169 227
71 486
248 384
270 305
204 254
120 265
198 433
273 344
149 164
298 419
396 432
195 448
317 456
335 377
100 110
196 350
255 378
132 139
129 410
289 321
266 318
91 469
280 468
287 478
133 257
11 235
64 405
80 100
121 275
104 331
105 271
273 380
104 329
25 352
129 469
271 415
192 363
167 257
112 169
163 317
43 217
289 466
420 431
130 446
37 409
86 469
184 403
64 113
62 98
31 486
419 469
82 429
4 252
88 195
24 29
88 312
134 231
423 449
153 415
175 210
141 379
42 398
349 396
148 326
14 191
276 308
187 457
132 204
112 183
287 421
213 410
373 392
457 484
154 214
158 262
16 258
162 176
0 468
97 100
338 403
367 425
369 456
20 248
208 429
27 385
371 463
401 465
28 444
45 115
181 251
74 304
163 276
35 299
421 485
142 304
87 186
220 289
59 309
33 178
61 70
42 273
347 400
206 244
56 126
183 415
90 451
3 235
78 261
105 144
360 375
204 251
12 75
69 228
297 382
125 196
175 484
270 295
67 132
78 467
243 437
58 352
292 460
405 482
368 468
210 220
417 455
310 423
335 427
109 345
44 204
31 168
174 335
116 430
107 454
112 319
162 412
298 360
149 199
161 404
192 207
64 125
29 57
290 385
268 357
168 419
110 116
197 423
294 417
326 358
292 322
194 355
57 419
402 457
82 128
176 262
175 361
107 480
8 221
1 75
48 221
0 404
160 266
80 466
209 402
54 277
69 203
133 248
158 210
157 397
229 394
279 378
314 347
224 422
39 133
124 217
167 195
239 291
315 352
150 228
42 130
311 450
108 152
200 404
26 264
279 457
135 282
190 254
108 312
400 443
322 325
83 458
164 184
181 344
76 473
264 398
42 385
223 332
2 233
116 118
22 475
56 478
316 323
104 264
384 455
18 70
308 382
169 462
360 463
210 253
99 297
69 442
159 394
93 373
82 347
283 360
324 401
157 483
236 343
221 240
22 473
344 475
198 261
37 133
265 350
129 185
285 372
176 209
263 407
133 322
41 247
122 142
61 445
68 220
361 437
197 271
172 353
211 223
255 470
83 242
114 137
75 146
17 42
29 460
307 379
94 474
112 430
426 464
49 429
104 204
221 484
86 191
45 64
26 370
7 191
287 409
18 239
235 311
202 293
308 372
104 378
320 331
127 133
185 203
97 469
256 475
58 238
4 87
201 453
38 48
118 182
34 104
91 264
335 483
162 304
18 102
46 437
147 287
102 318
440 446
244 472
136 479
7 170
86 100
95 288
124 224
231 235
87 244
136 183
377 387
292 486
176 282
33 374
205 233
57 447
27 119
338 438
278 378
68 105
207 242
21 214
18 299
364 448
457 476
129 200
91 242
262 306
169 469
183 213
225 253
258 359
74 317
104 137
233 302
167 188
142 412
381 427
341 343
226 408
156 307
321 457
11 117
36 67
49 376
139 212
327 441
137 288
7 47
41 269
217 308
115 422
32 206
218 259
233 480
58 392
359 484
229 264
9 274
322 482
428 435
263 465
92 193
323 472
162 287
40 124
64 88
137 246
465 477
138 287
13 194
114 129
0 190
37 361
91 188
37 109
25 357
123 128
151 470
39 458
112 230
131 420
38 279
247 460
81 402
300 350
102 445
405 417
15 404
185 294
51 98
29 269
299 460
355 429
267 426
121 436
28 267
183 248
8 320
274 377
149 337
102 473
124 330
152 485
60 78
127 150
44 385
36 88
74 171
140 223
53 415
87 250
313 347
253 323
24 82
146 228
23 296
140 326
9 291
195 382
20 105
362 451
128 215
69 113
318 486
87 110
122 153
197 378
141 421
189 245
169 257
184 409
312 343
295 440
320 408
180 332
7 142
7 429
395 417
138 423
183 190
73 450
328 484
246 479
325 429
171 296
288 445
289 422
236 328
69 215
12 225
75 419
275 475
46 331
232 427
154 463
193 308
144 355
184 364
8 403
55 368
119 412
138 187
269 271
5 179
0 45
439 444
257 307
23 169
72 272
247 264
12 356
205 382
207 368
32 146
307 433
243 478
40 157
480 485
450 458
172 483
95 343
47 448
62 324
169 355
164 197
175 475
15 354
143 352
199 411
188 474
178 349
375 453
131 391
198 362
57 481
461 476
216 261
185 256
195 376
267 404
42 417
230 410
145 410
320 456
99 370
119 204
40 265
131 164
143 185
200 277
243 250
128 133
410 486
50 174
56 114
145 233
69 349
188 301
186 478
332 333
211 456
164 338
252 329
75 424
86 301
40 203
274 434
135 204
0 60
193 194
6 42
47 464
138 372
145 464
271 379
306 359
167 439
67 222
84 236
8 38
138 142
295 296
113 375
140 260
105 231
115 159
59 102
3 218
57 453
315 484
19 153
361 421
358 414
370 429
262 434
142 257
323 351
119 203
114 367
295 387
188 373
95 447
107 445
221 424
364 396
175 277
231 376
112 337
19 180
177 464
249 373
441 483
61 172
76 137
116 480
30 390
205 487
95 418
87 462
257 407
164 248
162 469
73 176
147 404
83 177
245 310
308 378
100 379
358 472
205 425
245 289
77 322
399 462
8 236
200 470
56 413
125 415
118 220
220 470
22 168
142 223
234 240
53 407
