387 5198
16 94
45 102
11 302
168 272
116 202
91 96
210 325
49 73
12 361
155 254
255 343
176 187
142 199
135 364
211 280
256 337
80 376
49 249
179 286
61 267
186 383
53 325
317 344
128 188
13 216
168 342
73 81
18 344
53 227
206 268
199 240
196 366
349 378
58 62
204 257
77 102
167 187
74 375
67 93
138 148
39 156
57 226
90 359
59 290
262 306
232 300
82 202
90 257
56 175
13 279
15 24
10 318
48 51
242 352
8 283
13 76
234 316
80 373
265 363
86 114
77 300
301 307
265 312
320 386
56 113
184 186
7 225
218 230
61 149
194 295
112 336
85 303
154 344
302 310
106 344
101 144
56 336
63 248
126 139
112 215
125 275
20 245
118 268
118 380
208 290
13 129
5 133
60 337
306 323
112 286
21 143
147 265
191 220
130 193
66 205
57 192
318 329
21 207
231 312
62 358
15 124
139 219
281 344
121 197
36 46
115 368
73 373
92 355
11 25
56 280
65 201
108 112
197 342
48 272
59 261
99 125
212 280
215 317
282 311
161 347
78 240
0 46
119 310
140 270
268 361
13 319
36 360
258 353
140 220
50 69
19 54
248 270
8 375
232 295
100 155
95 344
60 332
80 155
45 49
322 378
334 370
364 386
192 198
13 380
79 303
29 382
39 167
52 314
122 140
10 161
341 375
68 268
172 284
16 67
290 308
2 349
107 318
65 169
212 366
361 381
68 285
127 187
16 204
33 264
130 204
153 295
124 149
26 330
80 207
185 231
18 173
176 368
41 343
102 294
39 358
48 192
352 364
3 112
205 221
78 124
7 235
34 54
96 351
6 325
247 284
186 308
105 339
4 174
321 357
78 200
96 247
135 159
145 245
274 353
139 265
218 301
161 312
305 326
38 109
3 347
13 101
192 231
74 284
110 261
118 149
215 315
229 377
119 284
241 379
96 358
220 331
14 312
271 347
38 143
66 376
62 297
144 237
161 328
66 222
48 333
218 328
201 207
160 357
37 306
197 276
41 75
85 205
91 294
221 376
236 246
180 263
65 195
27 142
175 384
33 59
244 334
62 122
101 335
110 125
33 226
285 294
84 249
47 269
33 268
69 344
17 53
213 219
231 274
42 317
69 230
133 270
103 157
220 228
322 359
145 174
51 134
177 180
142 149
163 253
64 379
115 382
14 275
65 361
206 253
69 195
73 317
32 103
19 117
169 373
0 354
122 141
304 332
10 196
231 246
59 144
90 97
100 333
152 337
71 153
59 210
123 277
353 355
87 210
267 367
240 331
48 188
86 233
252 335
64 227
96 141
37 75
93 97
57 273
159 188
136 201
201 223
97 203
66 253
110 276
164 305
126 348
236 372
41 299
86 316
287 289
181 201
105 139
176 317
278 308
270 329
250 312
73 140
45 300
43 193
200 266
66 325
77 359
167 358
5 214
47 71
97 336
294 295
170 317
69 74
192 256
132 234
22 27
238 285
31 326
73 218
285 305
86 292
61 238
23 312
264 265
140 232
189 381
190 355
18 384
148 190
337 342
44 140
15 230
9 36
88 234
128 378
94 288
264 362
52 90
158 291
16 130
74 345
146 211
89 345
89 267
52 383
46 386
54 224
13 331
226 284
20 367
175 316
27 383
31 81
301 321
25 88
131 331
65 371
104 263
5 96
12 120
93 309
191 198
87 125
78 101
20 351
55 99
158 372
283 329
75 277
149 354
275 297
122 381
100 111
85 171
35 303
52 237
29 293
15 343
100 339
231 286
61 82
7 228
24 90
3 218
257 363
21 50
37 340
164 368
24 367
320 351
75 215
49 75
121 382
11 96
188 287
153 233
158 258
17 199
19 86
118 379
205 313
192 250
107 231
280 296
1 285
47 74
302 381
98 345
46 193
170 192
263 348
3 314
60 209
161 376
45 145
194 322
270 372
10 284
216 348
68 362
48 267
237 294
317 365
247 275
264 343
17 72
93 201
4 144
164 290
152 229
171 253
220 369
207 286
115 167
19 190
121 246
24 33
65 127
302 329
119 256
3 213
123 208
156 325
24 277
161 336
47 275
105 117
101 209
139 300
273 371
69 130
121 245
39 157
14 67
194 221
35 141
240 288
211 225
68 154
88 351
104 196
328 337
41 252
97 144
162 269
97 113
202 317
57 314
67 298
184 236
29 217
43 78
23 280
86 163
80 211
90 95
90 385
169 294
37 63
74 124
49 328
56 167
11 325
118 208
97 138
189 325
17 224
291 328
118 327
55 171
8 160
111 120
306 310
83 137
302 318
103 148
196 327
79 248
119 380
61 129
132 138
301 322
197 223
40 191
153 196
42 110
81 282
88 116
241 299
266 291
98 218
277 346
206 231
96 208
74 261
87 96
49 70
341 377
148 191
28 92
242 275
171 370
146 306
3 63
85 115
77 167
21 55
271 321
185 335
84 325
278 316
37 289
104 205
87 237
78 172
52 153
182 304
14 268
292 299
123 315
97 273
95 153
208 265
97 154
56 281
46 225
20 320
125 191
177 367
54 329
201 297
156 345
61 275
314 349
86 90
28 30
199 209
150 224
149 172
182 212
118 315
97 233
85 231
205 286
147 297
145 280
130 148
324 384
11 219
44 261
94 334
53 296
147 175
171 346
89 103
263 304
51 195
142 318
115 129
197 242
40 356
359 366
81 385
69 192
256 287
145 326
210 231
72 315
270 351
3 343
181 253
105 114
178 303
88 195
53 66
46 129
159 193
55 354
238 242
224 352
133 361
18 330
253 282
219 263
3 322
182 235
110 328
107 238
206 295
143 280
164 373
23 183
43 337
341 363
236 320
5 315
187 295
68 93
1 173
72 248
17 198
191 330
113 371
172 210
83 340
33 311
44 206
138 239
109 379
14 304
135 235
24 168
2 165
208 304
16 151
69 229
138 155
157 227
28 231
108 280
9 237
125 281
220 231
256 302
80 160
101 221
101 149
109 174
140 341
224 327
240 322
181 350
91 183
12 56
108 369
34 179
14 115
345 372
90 384
152 311
232 362
275 325
292 341
233 318
368 380
243 317
82 376
64 242
285 376
141 180
188 332
82 254
33 381
137 143
234 303
281 360
165 342
178 243
171 378
312 359
105 381
345 355
182 357
27 49
64 218
153 262
89 156
175 214
123 202
42 166
207 293
2 285
152 262
307 372
160 311
142 175
141 221
91 363
190 326
96 220
73 228
93 359
89 385
161 377
65 148
167 347
45 333
62 93
141 210
158 306
254 377
103 175
90 348
71 379
181 297
148 284
154 177
167 170
209 273
27 107
94 161
82 263
78 385
317 322
126 156
92 272
56 224
174 325
362 363
303 355
22 120
189 227
78 227
30 231
105 371
101 205
100 384
336 352
151 361
277 334
326 355
111 327
84 193
140 371
132 235
181 279
30 155
36 376
75 90
49 220
94 136
169 276
145 160
81 225
192 367
46 71
148 262
105 317
78 167
253 256
269 320
91 342
59 284
18 65
253 328
13 271
329 377
32 228
83 281
148 242
151 170
13 330
151 287
62 111
70 105
21 46
255 381
74 331
44 314
61 152
0 36
38 335
46 143
19 32
236 286
179 385
309 329
191 241
330 363
4 42
1 207
168 178
8 34
38 216
43 132
138 207
110 305
144 181
43 123
119 301
101 163
84 161
6 224
53 367
124 326
65 111
86 115
300 303
107 336
221 243
203 259
122 212
118 176
230 360
166 263
256 271
91 147
24 201
139 281
98 115
6 319
266 297
261 366
278 306
17 255
48 105
6 273
203 368
244 245
40 96
67 192
283 332
145 246
85 207
149 311
146 187
36 249
58 324
209 346
77 315
45 54
143 179
246 369
28 365
212 231
0 335
124 310
59 206
337 381
72 224
13 310
9 85
246 352
52 97
202 307
103 126
41 310
201 378
47 339
45 240
227 336
225 279
148 163
141 345
203 273
241 383
258 319
189 247
109 112
127 185
34 278
191 326
197 286
196 237
24 212
254 331
268 382
97 222
20 248
217 234
58 199
116 158
350 355
6 271
115 194
220 233
36 195
1 198
61 190
171 195
211 224
189 315
43 55
304 368
160 350
36 337
318 333
18 138
117 336
70 339
202 351
163 296
209 344
42 162
74 323
22 237
205 301
17 291
19 386
364 382
81 148
261 326
25 192
95 232
133 372
60 176
53 148
307 368
158 333
313 365
321 351
72 254
1 155
81 123
52 329
100 348
255 266
365 385
0 9
280 284
52 293
162 352
100 128
33 51
303 367
3 77
95 181
154 308
221 341
256 368
58 207
221 366
237 252
67 256
227 231
158 317
146 180
41 46
195 216
74 384
154 312
8 353
327 363
22 318
198 297
56 274
27 30
105 151
87 289
68 333
60 89
285 287
34 376
104 225
52 280
182 355
6 175
123 260
120 215
54 161
107 267
210 360
153 216
83 302
318 339
275 360
64 166
72 354
206 312
180 370
280 378
76 130
265 294
72 210
44 144
117 255
219 255
21 354
12 343
360 368
116 310
64 157
232 275
35 147
38 261
92 169
13 326
223 325
292 374
249 381
292 300
38 161
155 159
11 131
30 379
146 295
284 334
216 328
90 261
181 313
115 362
48 213
129 383
132 163
288 326
40 108
10 165
16 69
355 379
312 353
195 230
162 278
220 246
234 318
33 385
77 80
87 245
1 386
145 376
58 206
40 44
44 233
65 126
22 338
336 364
77 214
35 293
36 307
109 372
17 325
164 172
189 324
49 287
13 110
134 359
136 249
86 380
179 199
30 372
133 165
0 249
102 171
36 228
324 336
123 224
22 86
248 292
193 264
129 171
51 223
296 372
5 328
125 358
140 155
260 315
238 300
188 361
235 343
21 299
19 231
258 268
202 259
35 349
141 191
168 382
24 240
46 77
229 363
99 138
13 280
14 299
207 320
3 163
87 132
214 287
200 288
95 379
338 374
137 303
128 248
241 244
353 380
308 373
279 358
23 378
127 193
274 324
59 155
125 283
89 183
42 218
224 305
123 177
133 381
100 353
103 339
314 325
122 201
130 379
37 127
260 358
91 219
46 337
201 362
77 354
107 158
32 33
173 218
12 278
290 380
44 383
106 300
278 378
121 164
29 189
252 314
184 310
112 357
179 226
29 116
79 222
184 347
308 381
87 205
29 340
275 290
179 219
182 272
34 316
74 208
340 368
76 178
123 126
147 290
51 263
59 72
356 377
8 289
273 286
215 310
215 297
141 355
68 233
5 308
18 247
137 305
29 383
116 343
87 121
182 261
23 385
113 348
57 372
337 345
81 180
163 327
73 103
6 65
126 284
179 236
82 366
351 383
47 380
95 376
211 272
144 226
223 224
40 210
286 347
66 269
177 230
286 298
33 247
15 207
100 252
26 255
146 256
16 368
38 142
7 318
334 361
155 203
208 343
224 343
152 351
242 304
215 228
8 82
26 247
96 181
279 366
51 95
103 245
259 276
326 337
127 189
146 155
25 378
150 194
79 236
12 262
149 347
17 116
4 334
26 236
68 307
208 337
334 359
193 252
319 383
0 224
254 311
2 63
277 288
49 286
90 166
191 354
235 348
11 335
123 220
188 382
70 143
90 109
143 372
15 35
66 363
96 161
144 290
26 163
164 208
48 126
100 235
18 169
36 175
72 298
30 174
77 364
23 243
20 350
42 323
160 243
93 310
34 341
182 362
33 356
129 236
99 229
188 217
49 127
43 282
47 230
150 259
58 174
69 183
24 249
291 323
193 310
30 73
44 132
163 353
201 230
197 315
54 289
118 261
66 202
238 312
42 376
16 303
2 372
68 373
119 146
2 215
114 167
13 246
66 130
60 84
86 229
227 296
304 316
100 106
201 216
44 150
315 324
105 330
200 244
154 345
174 274
85 100
60 146
198 300
197 380
68 171
153 296
170 241
56 273
212 246
101 108
94 271
174 341
256 346
221 275
5 74
190 193
97 216
160 207
121 181
83 299
50 380
29 261
127 199
149 288
262 293
80 273
220 244
74 222
78 113
11 356
296 369
224 283
12 312
8 345
102 260
25 34
100 101
85 225
204 338
304 331
83 251
86 121
238 384
173 191
92 256
138 373
109 160
210 377
216 281
118 308
68 267
170 297
240 386
140 326
151 296
181 351
16 23
71 362
27 223
16 101
208 241
261 348
77 244
194 298
32 364
236 322
86 113
234 265
114 379
44 367
184 314
107 372
242 299
217 224
107 330
220 315
136 317
190 258
34 203
72 367
37 192
354 369
51 240
31 248
71 352
106 322
205 212
58 246
95 348
15 338
69 187
3 40
5 295
324 349
345 350
266 350
137 348
95 340
111 340
32 175
5 125
6 113
130 287
6 11
136 169
52 199
200 342
284 361
126 150
291 344
168 324
23 114
329 375
92 199
210 370
28 238
358 378
8 172
3 244
113 227
45 60
34 183
167 287
201 203
104 364
14 97
173 339
55 88
165 178
44 207
184 247
216 246
326 365
5 107
16 310
136 204
196 211
74 275
217 356
162 382
109 118
31 40
124 205
233 259
22 60
188 243
304 309
212 312
179 295
34 73
148 244
64 189
105 216
243 259
91 112
123 185
25 256
312 340
27 146
159 354
37 39
69 232
102 118
174 214
41 131
176 304
125 187
208 259
129 194
32 65
123 247
53 153
119 361
53 191
27 92
231 310
39 86
42 168
83 141
79 83
285 330
259 354
194 360
42 123
88 256
174 262
192 220
60 212
44 166
257 383
59 335
181 367
330 350
41 357
223 362
25 92
38 228
77 275
75 219
29 278
16 45
171 324
324 377
144 279
28 237
352 355
45 327
146 232
96 212
268 363
260 330
240 279
217 235
123 203
294 312
7 330
10 327
32 220
4 277
36 371
216 352
291 316
34 47
133 265
54 294
58 281
45 330
96 177
40 368
10 87
43 184
70 103
279 373
250 274
15 378
173 177
267 314
280 358
226 245
283 299
171 328
108 123
112 217
68 344
70 225
353 385
31 314
51 138
173 263
191 286
7 266
156 257
88 201
276 309
17 130
89 328
252 280
230 384
71 272
42 61
220 371
137 173
52 382
140 332
267 305
73 123
7 305
314 317
177 236
90 258
65 343
298 376
181 378
27 191
190 381
24 358
14 37
225 260
176 294
253 382
8 252
272 320
36 89
52 183
100 197
24 300
54 186
140 353
13 311
72 186
12 88
254 259
94 234
52 257
341 369
48 121
247 319
12 223
306 319
152 274
10 347
101 269
213 337
282 303
81 300
149 197
214 369
119 352
330 360
80 366
262 323
10 362
153 200
85 380
178 380
96 107
199 230
88 267
6 315
68 120
78 296
270 282
45 325
78 305
124 270
95 319
183 306
157 344
219 301
187 213
77 348
234 294
178 385
260 343
52 180
169 368
232 386
20 157
145 221
255 332
83 122
23 300
130 247
209 320
130 156
197 258
48 132
151 229
118 157
194 262
108 248
69 163
118 362
170 373
308 318
51 338
348 382
184 358
135 230
88 112
214 265
189 243
245 308
249 369
65 83
119 147
24 368
268 316
26 370
17 385
31 373
82 173
313 375
85 197
134 264
3 364
187 370
132 166
270 321
221 274
9 199
61 348
223 336
163 264
144 384
17 376
95 146
161 258
244 283
169 378
232 383
273 296
85 202
18 95
115 290
229 370
123 136
92 100
156 259
89 375
173 332
99 115
171 385
13 209
166 201
97 309
43 48
203 209
226 351
222 308
179 211
242 269
279 291
80 268
136 147
263 360
90 286
180 288
303 379
21 327
16 145
243 369
107 358
329 333
76 162
285 337
74 347
8 361
54 312
254 273
31 323
139 259
37 259
72 190
99 320
336 373
143 270
101 117
328 345
183 293
34 254
117 172
141 262
177 195
68 349
267 285
255 382
61 168
78 372
29 156
166 371
345 360
259 315
39 177
243 323
67 169
212 368
256 262
103 249
123 246
298 313
257 373
277 337
295 342
78 109
118 246
113 278
20 52
7 175
71 310
70 272
279 339
22 339
12 187
313 334
8 250
177 206
336 367
263 351
168 363
112 257
209 223
2 139
168 335
22 350
141 157
193 367
45 221
186 357
49 255
178 197
160 228
3 148
61 379
307 344
82 338
123 292
150 284
128 148
263 344
97 254
53 151
174 350
233 305
79 206
65 85
15 169
140 215
285 295
88 153
124 218
32 270
115 367
231 278
167 295
189 290
72 106
26 36
57 346
285 296
35 138
37 251
11 382
215 306
29 276
352 379
81 308
356 381
179 273
35 44
261 338
151 234
152 260
322 353
33 286
80 320
73 311
364 377
171 236
187 188
198 265
194 268
77 199
27 386
166 333
163 319
204 324
126 291
210 356
169 174
212 327
27 329
132 302
1 256
26 351
313 368
181 228
100 380
96 158
132 345
100 298
365 383
4 51
115 272
74 338
42 232
72 189
134 321
96 202
132 150
243 356
121 224
83 241
78 350
36 111
49 214
185 213
129 268
160 281
219 350
75 348
186 217
138 375
286 309
15 310
129 333
73 238
327 380
28 101
57 303
75 242
45 214
22 306
186 249
96 341
195 256
230 247
164 270
177 286
213 255
175 321
279 286
91 179
172 319
125 306
209 248
0 83
281 302
154 222
129 373
281 311
37 107
48 179
328 386
8 313
318 350
150 165
225 365
285 370
104 174
216 314
154 238
118 348
360 382
57 272
111 227
240 242
61 221
287 366
47 296
21 212
13 238
74 366
182 352
65 330
56 221
248 265
15 78
147 315
173 262
43 157
80 164
27 356
117 329
198 262
295 327
136 221
142 373
253 258
11 19
227 283
253 386
60 325
87 161
44 255
105 162
362 385
184 248
83 374
79 305
157 250
34 329
104 362
268 334
34 187
80 350
227 249
45 83
190 247
188 313
280 340
4 11
246 362
83 332
104 281
254 302
80 105
191 345
177 251
156 290
168 374
75 303
262 296
71 160
70 93
262 270
218 273
28 138
66 197
106 131
254 359
123 255
101 263
28 240
156 276
57 304
63 211
79 369
226 258
210 290
186 364
163 230
38 336
29 378
148 214
326 339
31 178
124 182
39 112
223 274
62 214
44 82
275 305
214 295
308 377
135 248
92 344
241 312
79 161
171 212
186 360
72 243
116 234
179 229
123 230
315 362
180 272
83 231
304 305
31 315
5 288
38 61
49 116
7 50
94 196
155 229
297 302
70 109
4 345
65 214
95 325
36 355
71 374
318 338
53 385
110 298
149 370
365 378
16 302
136 244
10 333
178 323
275 375
133 346
160 298
269 284
194 254
30 329
89 130
258 304
71 114
112 121
91 205
83 247
200 351
97 218
146 304
4 373
289 345
197 240
177 287
19 75
154 220
109 296
61 117
212 377
63 312
222 254
237 243
180 331
249 282
4 241
261 383
58 139
130 255
274 357
7 241
9 139
2 320
58 169
243 253
15 323
103 180
43 306
40 380
158 347
83 297
79 296
274 297
242 320
27 292
36 339
174 260
90 107
99 386
41 223
260 280
239 386
91 211
130 205
118 243
89 263
5 32
318 334
126 308
59 237
91 187
172 292
28 152
7 20
115 200
162 365
118 212
23 109
137 260
14 34
185 364
321 358
106 246
51 357
314 375
134 206
38 351
102 236
15 149
314 380
53 317
138 161
144 269
203 364
148 292
24 313
29 53
300 302
16 121
101 284
174 365
96 230
305 359
145 332
19 151
116 323
94 347
76 96
99 171
37 145
40 325
120 139
288 346
15 191
228 279
70 146
10 102
122 243
216 371
224 318
255 291
343 376
119 195
5 193
138 370
148 168
133 262
263 329
18 201
134 368
152 314
122 327
46 258
213 281
152 184
115 213
270 293
213 338
204 372
12 200
125 196
190 223
247 310
141 371
34 222
172 328
187 264
72 214
300 326
123 268
225 325
135 272
103 173
165 307
216 380
155 293
136 151
10 291
57 104
59 380
172 189
192 316
194 212
345 368
64 112
43 67
128 381
235 255
82 179
47 170
94 124
205 231
37 88
173 224
51 288
150 307
48 260
151 165
259 292
271 328
83 219
214 238
33 245
174 242
254 355
64 97
15 92
13 66
114 338
166 193
133 280
46 357
175 233
8 131
215 333
63 181
74 371
195 374
32 341
174 211
209 311
217 361
54 137
221 302
17 32
50 305
86 281
129 291
70 371
73 212
265 274
170 272
42 228
111 204
107 346
74 351
91 279
57 170
9 354
313 327
8 148
213 240
201 349
181 320
133 178
315 380
115 372
22 371
69 96
288 329
98 259
129 199
323 331
134 271
364 374
168 236
177 358
78 256
130 318
183 303
68 262
117 264
172 350
53 165
72 335
21 142
250 348
61 194
152 380
131 137
184 238
258 352
186 368
53 161
21 371
121 165
168 353
139 168
168 293
373 377
29 242
30 120
46 280
161 296
34 344
121 263
23 260
79 124
157 260
230 318
256 286
181 299
275 376
21 328
65 165
30 272
33 140
136 357
9 316
122 304
48 349
19 179
144 382
209 323
285 364
182 254
180 282
57 109
216 217
320 363
96 205
302 342
264 349
20 180
178 381
145 355
251 305
35 40
70 304
266 306
193 380
157 216
46 109
223 246
255 264
64 143
5 44
139 288
129 258
345 363
9 56
42 156
49 93
224 295
265 359
223 235
280 297
71 228
79 226
35 228
77 108
196 363
99 198
156 270
135 338
143 286
2 291
84 166
110 290
225 309
256 343
32 84
245 253
231 368
73 328
106 227
152 331
91 166
62 173
303 368
101 318
267 297
219 340
249 273
146 210
309 375
158 161
75 329
124 233
61 229
56 58
176 258
222 358
154 159
134 196
20 207
193 313
130 371
179 291
25 91
125 345
7 80
174 176
43 183
310 381
209 379
3 96
31 321
39 134
50 374
145 298
232 302
162 204
65 243
23 281
84 317
23 298
49 170
187 363
38 309
231 302
232 248
27 163
129 379
7 214
93 106
89 111
188 384
199 386
64 105
32 350
174 310
159 336
219 378
164 202
285 350
245 362
143 300
160 275
143 350
82 264
267 313
202 338
267 275
99 153
334 379
11 195
141 360
24 156
47 255
103 159
27 152
41 375
89 298
81 100
156 241
80 245
80 250
87 335
36 209
196 218
325 335
36 298
165 205
192 289
35 348
35 213
152 384
259 343
34 171
74 130
151 332
258 369
113 142
39 137
57 308
69 299
138 194
355 372
62 281
234 342
7 106
149 283
89 174
216 327
257 275
185 295
126 360
75 268
100 247
222 335
8 130
43 234
211 227
85 367
8 198
205 235
331 336
211 364
126 227
185 378
213 363
90 307
85 240
36 361
179 369
152 335
58 83
179 275
185 186
124 130
72 302
97 257
340 349
266 268
133 323
185 325
201 368
247 270
135 145
92 331
66 93
24 271
3 114
4 297
243 275
46 246
256 383
363 382
146 341
35 126
75 120
35 131
180 289
219 320
214 222
288 380
117 298
158 230
69 329
26 126
171 226
100 234
270 375
142 186
178 330
31 298
72 209
156 232
5 261
83 346
304 344
40 386
26 177
145 372
53 295
19 247
16 202
122 168
42 251
128 282
125 266
18 205
137 258
98 232
43 50
27 364
116 315
130 202
22 134
239 240
206 322
41 216
127 301
298 350
211 301
21 162
133 222
107 376
117 312
25 94
70 299
137 145
80 300
21 62
69 328
30 281
116 200
27 122
123 212
115 130
134 371
225 295
5 237
231 315
172 304
200 293
215 312
6 252
118 162
57 60
7 138
12 129
276 370
176 200
43 151
148 188
191 298
149 235
47 109
71 174
155 171
216 320
234 377
202 341
53 288
147 277
202 347
127 345
26 31
148 232
51 60
105 194
80 204
163 323
130 137
251 261
21 291
9 351
299 317
186 324
192 369
318 381
68 384
301 348
292 327
124 241
4 322
62 209
2 308
112 324
203 227
18 377
252 297
240 305
127 137
111 251
191 224
156 173
157 359
30 319
133 207
17 49
80 253
100 362
45 271
45 208
23 136
99 315
202 218
89 215
109 236
88 248
5 38
101 136
65 209
174 218
129 345
243 383
180 196
96 139
111 149
281 381
59 343
119 133
80 257
228 345
156 303
181 343
213 333
72 334
34 353
328 330
28 111
67 301
125 271
331 353
308 345
0 53
17 48
63 93
163 342
157 190
62 97
76 319
26 172
187 253
347 366
104 271
32 89
87 114
30 302
263 324
310 345
129 184
129 267
11 95
132 357
190 262
14 66
67 209
77 268
347 348
38 43
64 376
254 378
10 160
160 260
41 142
134 304
266 298
165 233
189 238
66 297
82 381
153 182
186 263
119 292
57 155
196 256
70 179
10 154
133 258
42 345
4 137
259 357
156 195
169 268
174 239
168 232
246 347
25 367
92 211
154 229
193 374
153 176
55 333
200 261
65 80
9 148
242 380
106 209
23 330
143 220
219 274
94 297
337 366
74 191
106 385
288 305
125 294
195 371
22 262
82 122
97 320
88 355
177 297
346 347
71 255
0 91
53 322
217 265
40 206
185 192
38 196
126 194
95 104
158 162
216 264
113 122
69 352
158 327
56 124
72 363
33 270
211 220
147 264
140 319
224 241
95 295
120 272
62 316
222 338
11 304
85 329
133 354
100 129
251 358
158 181
3 59
1 321
36 62
306 362
89 167
190 240
207 287
72 177
24 122
252 326
12 216
107 113
0 129
254 322
13 184
32 154
196 286
119 376
8 224
72 108
19 84
130 232
32 186
16 181
137 250
278 353
107 173
30 172
208 222
104 158
159 359
198 363
26 263
40 184
93 281
72 268
263 295
151 220
193 256
61 257
39 138
111 231
4 37
24 192
28 216
7 232
279 309
55 308
227 329
205 290
24 372
172 354
260 369
339 370
79 220
55 193
104 373
249 332
17 193
194 199
33 335
158 236
377 378
276 298
282 351
4 223
86 384
8 290
71 72
242 383
9 35
69 223
4 312
41 130
306 321
45 50
166 350
59 96
112 346
19 56
100 216
104 109
300 321
333 385
31 149
212 361
106 169
181 361
124 202
55 187
186 327
9 182
153 340
4 28
265 268
165 217
72 238
46 168
241 286
12 123
127 274
46 236
113 263
170 172
79 103
26 113
217 345
278 313
286 324
251 330
54 245
141 168
303 323
124 308
49 150
124 140
50 68
201 342
275 364
239 367
11 368
197 339
103 335
23 50
66 338
249 351
25 72
30 323
161 163
199 351
123 313
110 354
126 130
295 366
80 276
194 267
250 382
155 282
247 283
211 252
77 274
293 355
171 366
165 258
18 70
255 270
97 177
39 152
102 381
174 315
271 320
254 348
78 229
107 373
20 267
56 82
78 122
50 284
10 66
257 386
101 337
55 56
337 385
34 205
349 383
130 200
302 340
155 232
55 83
83 371
299 355
2 374
34 230
94 267
89 344
221 323
194 341
257 351
50 295
15 49
17 176
86 339
16 104
273 363
265 329
162 283
289 367
305 334
1 255
197 335
281 362
38 235
164 267
268 310
81 89
335 338
155 255
241 319
244 385
120 137
49 241
114 253
102 135
97 268
60 321
273 345
35 299
187 302
251 383
146 147
109 232
20 58
60 118
211 320
22 334
184 255
106 194
268 327
173 303
26 131
76 262
261 307
53 232
77 183
84 219
51 106
238 290
75 305
44 378
79 95
267 320
83 114
214 333
222 361
3 211
101 367
91 329
40 157
135 311
63 381
52 142
281 368
124 136
63 66
233 271
247 269
274 310
63 216
6 50
213 299
150 355
277 319
12 147
248 288
144 235
259 355
319 336
171 319
122 339
107 109
118 326
27 58
35 236
253 363
149 368
102 153
60 355
48 233
230 237
261 267
251 349
121 369
22 256
48 246
143 163
215 327
11 85
131 246
95 289
223 268
58 331
183 223
211 260
86 150
162 327
75 339
267 292
69 338
252 332
46 262
78 134
145 264
150 350
296 382
310 320
153 167
250 298
25 176
143 324
262 317
139 299
36 283
255 370
105 132
25 353
124 350
50 86
26 133
275 289
97 362
223 275
178 191
191 295
129 226
51 68
204 384
17 185
72 306
71 248
150 193
78 193
144 230
176 218
35 256
207 383
164 227
75 81
250 307
27 195
215 365
24 91
134 226
86 222
301 369
125 224
3 145
119 243
2 116
286 364
2 110
31 154
95 169
75 313
33 321
42 112
148 169
96 356
95 269
187 247
26 227
93 299
86 299
216 244
22 129
182 351
153 377
95 238
259 275
71 161
8 305
16 324
150 243
201 262
149 268
289 344
184 228
13 54
124 327
304 366
33 94
139 179
131 200
112 230
53 277
198 356
10 353
40 160
74 139
191 379
15 334
0 186
275 320
31 278
183 290
46 86
207 212
63 89
347 385
181 342
171 223
200 252
115 264
97 368
135 138
307 369
43 348
172 346
63 180
17 159
323 373
3 330
107 282
81 234
141 199
107 285
203 248
178 308
122 221
17 60
141 299
23 314
32 179
24 299
244 350
0 176
71 222
282 331
74 125
196 334
39 206
161 351
28 191
191 255
4 323
19 108
139 214
62 241
36 70
211 244
276 352
139 276
64 202
184 215
235 324
28 385
51 190
18 284
177 269
190 385
318 354
299 332
294 297
119 360
98 262
234 251
0 120
345 374
109 158
142 376
49 238
55 179
128 242
131 213
7 344
126 137
157 295
41 386
107 368
201 353
152 341
60 156
214 352
3 181
35 93
92 186
245 296
150 216
273 343
0 353
21 171
199 370
73 319
170 326
254 354
184 342
191 329
111 253
243 247
45 293
103 222
26 282
191 325
213 250
202 260
133 242
60 316
41 201
221 227
225 337
165 282
15 189
209 354
68 168
50 51
105 138
33 188
28 110
16 168
201 253
342 376
53 167
24 292
17 101
7 32
20 48
54 244
200 220
1 385
225 280
111 249
294 320
50 78
187 316
76 125
128 293
36 118
131 190
277 384
171 323
112 238
52 264
198 255
244 271
320 343
130 166
66 84
184 355
260 322
112 380
168 300
81 263
235 385
204 297
54 262
193 350
79 223
160 176
282 377
243 300
130 240
36 152
14 31
148 251
153 366
31 80
233 358
109 238
276 310
36 259
36 176
6 117
105 211
100 190
171 174
113 271
136 267
41 100
171 193
233 370
202 328
212 376
350 377
89 141
8 335
78 147
150 298
202 235
73 187
44 219
44 138
27 275
153 238
134 351
51 269
39 202
303 344
245 304
277 322
25 270
229 367
123 279
40 374
266 335
86 372
12 94
48 227
233 342
192 196
111 353
213 230
265 291
112 316
186 206
341 358
25 383
257 377
114 182
102 283
68 203
69 385
61 113
57 348
27 75
312 329
123 226
43 61
246 381
310 379
177 365
111 268
200 376
281 286
67 275
150 364
259 324
129 380
55 132
236 293
261 282
70 322
81 256
165 191
56 250
120 384
128 310
10 380
251 360
0 5
159 282
20 51
11 225
174 379
133 266
194 248
335 381
72 184
5 167
86 111
201 255
185 218
101 219
88 319
155 349
43 152
169 367
331 366
53 242
152 200
92 209
108 198
87 286
133 292
38 284
47 211
244 317
81 383
53 363
108 302
126 265
208 319
14 61
32 335
171 184
346 358
130 323
151 363
25 269
10 120
192 345
50 325
88 108
204 344
245 299
87 164
239 255
263 265
187 300
193 303
173 200
62 200
266 384
82 307
79 316
78 323
168 201
89 284
159 184
75 126
8 92
190 324
48 169
70 167
8 248
212 336
116 216
12 375
234 374
128 155
125 135
171 181
55 248
8 281
34 167
121 144
111 310
54 203
32 219
73 136
170 333
84 355
87 257
46 157
83 360
127 281
12 354
221 383
81 99
94 253
27 79
70 323
0 87
223 304
22 319
32 108
203 207
39 287
82 236
34 351
121 136
99 356
27 252
115 307
19 287
106 139
77 349
67 162
135 345
20 28
208 286
43 255
87 163
124 228
165 296
182 259
280 285
86 385
10 213
150 289
174 283
37 373
107 206
66 361
328 336
47 208
302 379
128 358
64 183
161 220
197 256
123 125
78 321
244 295
45 247
206 286
182 251
210 335
9 375
232 280
283 307
103 137
46 183
170 262
77 252
203 363
109 172
151 197
150 182
80 96
251 255
6 51
63 153
8 11
32 230
60 129
6 339
178 201
44 184
82 306
219 230
200 263
126 189
41 364
151 243
30 191
67 109
124 244
250 385
83 151
226 323
160 322
183 370
60 364
150 248
92 324
247 350
66 381
62 237
3 291
80 138
138 201
65 291
251 352
81 118
32 337
110 373
61 216
4 53
337 361
61 178
141 156
48 329
32 241
278 351
67 266
7 303
160 213
16 375
89 196
81 127
141 218
104 266
168 288
72 233
146 177
91 282
152 207
208 213
6 365
53 323
181 226
20 349
47 290
96 352
202 303
214 359
84 248
86 341
61 175
99 376
58 314
321 371
98 195
197 356
116 357
319 332
234 246
91 193
202 383
21 23
139 277
104 279
45 192
19 330
291 339
18 172
21 53
202 349
27 104
26 276
171 333
351 361
230 243
43 120
250 356
148 365
43 311
60 210
78 213
26 92
110 152
70 294
66 123
306 381
167 208
124 199
195 321
9 252
346 356
130 329
147 161
19 272
125 262
5 323
72 93
37 288
73 244
65 152
40 211
63 326
23 46
9 324
103 260
236 256
209 327
201 303
28 117
77 160
17 353
21 154
70 334
29 275
235 277
40 47
236 331
223 365
201 208
28 38
248 361
104 341
69 142
54 348
118 372
124 343
21 345
30 149
205 339
279 372
166 218
91 273
44 112
34 174
44 114
21 82
113 147
50 263
337 355
32 307
66 148
212 219
211 262
82 94
96 233
162 193
33 280
240 295
236 276
58 274
46 103
108 274
4 212
156 373
65 73
108 162
132 210
43 245
3 274
333 371
35 75
312 350
241 328
74 315
237 321
37 52
151 219
182 229
304 354
28 175
246 267
183 352
38 288
66 190
134 166
244 364
73 190
58 114
187 337
46 334
124 290
171 351
116 119
100 138
53 159
268 274
227 364
165 290
110 211
307 356
263 343
72 361
21 258
308 386
282 339
81 336
227 279
303 371
116 220
308 355
116 173
40 76
127 249
58 362
157 188
48 119
78 217
182 358
80 337
20 239
46 284
47 213
26 104
11 379
189 197
140 241
23 24
183 267
12 374
267 361
110 310
22 254
170 350
125 282
138 382
17 85
222 298
185 201
229 300
47 78
44 362
63 108
45 103
80 383
54 357
175 355
29 63
154 351
133 253
256 327
76 285
223 321
215 350
2 289
26 109
150 255
105 333
1 315
27 248
122 286
212 324
3 266
31 107
161 331
314 318
93 168
55 103
139 173
104 243
94 102
83 334
37 89
51 212
137 233
218 312
175 222
23 182
37 286
55 273
126 252
140 154
180 264
123 249
95 183
48 321
158 299
115 179
53 131
32 379
261 316
50 134
53 261
55 192
11 216
119 302
62 105
150 192
105 119
196 322
178 180
201 337
220 368
188 299
54 358
38 256
149 309
74 111
72 384
277 341
10 283
73 282
143 299
134 158
143 200
82 318
36 217
336 366
200 364
138 346
74 215
93 278
21 184
139 375
21 213
199 273
84 97
112 315
96 381
28 83
47 336
318 328
94 129
321 347
6 235
203 222
30 232
138 248
254 288
169 179
59 73
227 358
184 316
107 254
10 52
163 365
201 323
10 123
323 334
111 345
207 365
307 376
51 236
26 143
40 314
99 368
51 214
58 366
188 304
244 299
90 379
4 234
21 166
103 208
66 346
123 188
114 151
71 372
5 134
63 249
129 224
85 249
237 371
130 384
113 247
80 379
141 241
251 326
85 109
66 214
70 274
264 348
169 354
44 273
89 302
127 363
7 30
151 375
155 370
36 139
221 335
205 335
68 247
208 296
259 332
215 330
145 165
10 262
129 156
33 48
359 377
141 275
9 120
72 228
61 286
12 64
127 161
104 302
22 37
91 232
55 222
95 231
301 358
84 275
113 186
3 53
9 296
137 226
98 151
11 14
126 350
349 367
243 386
211 221
256 384
247 253
101 375
47 234
62 147
154 374
56 174
42 291
68 288
83 325
168 332
119 288
178 353
51 100
56 122
16 239
123 300
84 109
86 104
30 140
188 377
7 199
335 340
53 125
182 295
76 109
222 365
196 296
117 344
9 12
29 93
206 249
108 245
4 171
59 306
51 179
63 139
65 100
329 365
169 188
200 216
58 181
4 123
196 306
37 131
249 271
264 361
54 257
100 329
258 291
31 343
316 369
55 87
114 340
156 234
90 219
335 343
106 250
101 131
197 378
283 322
293 345
43 163
35 273
160 328
155 315
149 277
261 380
142 263
139 316
21 381
150 283
60 228
106 353
137 331
4 355
100 279
124 186
230 292
378 384
78 364
215 323
163 318
289 320
227 326
35 360
145 307
107 362
76 81
217 273
219 259
238 308
161 287
191 310
382 386
315 344
143 182
17 147
134 162
229 272
110 264
10 212
100 148
203 293
20 242
30 60
65 362
293 365
176 223
83 246
214 343
33 241
132 385
127 293
216 345
3 147
131 238
128 262
155 246
312 337
113 258
93 347
137 235
142 307
41 198
51 92
9 153
202 369
123 167
220 367
164 236
142 238
33 339
0 365
120 212
12 186
104 160
70 101
187 239
126 145
202 246
36 113
74 82
69 107
146 355
120 327
25 332
27 161
126 312
256 307
70 204
72 370
147 376
18 76
34 75
279 347
32 204
141 233
10 55
74 362
215 316
106 128
63 223
188 352
153 274
264 352
0 167
147 241
133 307
109 268
5 132
247 353
247 356
160 330
8 134
142 211
109 195
135 161
264 381
29 258
105 142
130 219
139 201
126 337
311 325
172 280
293 334
30 136
328 362
319 369
169 265
18 127
213 316
79 244
149 297
16 280
211 321
76 345
7 243
68 87
216 366
142 216
207 278
37 267
62 174
137 170
227 352
23 77
14 98
10 185
180 287
88 276
244 304
55 329
58 242
242 327
88 386
33 159
79 90
246 345
227 362
145 166
90 99
91 278
120 352
44 183
72 98
228 265
166 238
36 162
1 223
129 263
91 380
8 215
262 271
186 246
86 100
31 118
6 124
166 182
32 222
312 385
46 188
65 335
113 140
78 184
96 244
180 243
92 321
74 258
63 209
167 315
126 385
67 136
45 305
182 305
272 316
335 370
37 186
214 268
250 278
26 324
122 208
55 209
185 348
195 198
257 355
30 212
233 374
153 197
163 240
112 329
262 275
315 338
215 385
8 52
212 299
137 372
94 110
57 148
56 211
64 325
50 265
173 371
8 88
33 124
154 363
60 216
276 297
35 110
194 284
146 272
176 186
225 334
54 255
35 91
114 220
175 324
74 75
81 113
158 201
79 327
64 76
77 115
234 383
48 340
248 360
9 137
233 287
177 314
140 354
270 358
156 355
191 337
264 312
23 130
13 81
146 338
61 299
102 310
179 357
78 280
144 373
284 291
117 123
34 58
190 288
211 337
87 350
127 172
135 184
52 310
174 237
45 209
40 272
347 349
104 128
53 380
51 217
198 244
18 269
4 197
131 162
131 174
217 344
81 340
330 375
104 217
68 81
97 200
57 312
3 219
109 361
124 288
229 383
252 269
10 110
1 113
80 256
146 323
265 336
138 282
315 375
155 231
117 306
6 249
200 354
164 181
168 247
64 270
147 202
35 268
238 249
28 40
277 316
102 386
33 317
131 361
319 375
82 92
278 375
37 205
290 313
60 120
185 273
347 352
203 282
159 230
82 266
58 318
89 249
216 232
333 346
2 37
72 126
247 377
345 373
60 227
51 384
143 317
163 181
158 328
15 139
102 131
155 340
153 252
157 163
29 89
20 311
336 346
119 223
69 248
170 183
236 268
356 376
107 352
3 303
246 372
24 247
144 265
248 331
93 300
310 386
184 285
23 66
88 281
47 329
164 242
25 99
52 207
337 369
147 232
50 299
17 351
79 183
252 318
127 197
157 222
155 264
42 157
47 319
110 173
271 308
46 372
243 303
160 224
21 357
257 272
226 344
91 145
170 327
311 384
79 279
151 279
32 168
47 121
143 380
37 266
37 364
29 58
162 349
244 379
185 226
48 293
297 307
47 242
26 155
159 210
43 128
119 279
110 178
108 259
137 339
36 61
44 275
111 148
3 180
235 243
30 201
131 381
110 251
30 336
261 301
271 348
7 161
126 300
19 275
112 181
156 321
239 365
162 228
161 260
359 368
153 335
21 52
153 199
288 315
84 316
155 165
239 289
140 150
73 370
52 286
35 251
274 381
2 358
179 381
113 333
247 266
7 313
282 386
125 247
0 259
202 233
73 357
8 307
295 380
12 130
151 171
101 344
228 362
72 147
37 227
10 137
103 309
35 90
178 376
8 144
109 327
85 167
170 379
220 353
87 329
34 342
12 288
74 234
36 223
32 309
30 219
52 186
51 65
94 145
230 375
189 332
186 271
54 228
103 228
101 251
71 87
235 368
50 368
138 329
128 342
146 199
173 338
79 358
151 259
30 267
269 293
18 154
168 370
85 311
144 293
251 353
126 168
49 152
152 317
163 326
226 327
153 288
162 328
202 226
140 366
162 256
182 293
76 121
195 276
168 277
235 257
172 332
282 296
149 188
55 254
295 323
213 289
47 110
175 278
26 326
118 340
60 203
233 329
20 119
5 115
48 123
54 168
345 356
55 120
165 299
53 386
27 93
133 286
64 66
98 286
205 379
30 351
219 258
2 132
1 80
18 29
252 276
134 257
62 355
61 134
2 238
198 371
275 351
103 321
355 381
168 177
21 81
0 60
283 372
35 53
131 384
135 310
109 282
34 367
151 174
34 227
219 307
150 291
83 213
26 339
9 303
155 260
49 272
7 31
256 321
20 326
43 208
124 196
299 373
87 300
177 229
170 202
211 269
171 316
76 267
47 207
180 332
32 93
113 114
45 80
248 367
156 277
239 381
29 73
264 280
246 348
86 108
96 257
92 348
62 99
79 109
122 217
71 258
45 185
76 181
362 379
195 265
52 312
104 265
152 357
242 369
355 380
23 308
81 165
248 310
5 284
22 246
208 266
184 339
29 330
293 386
29 334
97 189
160 234
145 316
142 325
208 295
200 300
128 201
48 275
62 352
69 114
131 262
33 57
46 118
49 298
18 360
35 261
23 83
15 171
23 38
103 351
276 376
126 212
22 370
69 260
0 148
14 92
11 92
38 215
274 351
225 313
132 282
26 65
179 353
68 282
53 354
250 345
202 234
175 293
99 365
130 171
18 195
63 165
342 373
210 305
196 268
73 141
197 383
3 284
53 257
9 255
120 248
89 185
31 239
279 308
42 365
213 350
341 360
73 197
25 175
59 159
175 300
7 384
69 128
76 199
131 277
235 314
112 249
64 258
110 289
169 220
85 154
322 357
180 308
269 317
51 312
56 76
51 336
97 107
90 287
131 280
227 371
203 226
58 141
113 243
14 373
106 328
9 23
269 361
74 143
152 373
50 283
100 202
12 198
24 333
141 291
123 139
323 385
5 369
363 381
82 139
113 276
2 152
202 293
229 310
173 220
193 365
78 79
195 364
25 118
27 94
33 108
46 356
21 220
104 130
34 98
185 197
73 85
193 383
133 306
126 171
310 333
162 181
105 217
293 299
93 321
58 120
10 263
38 265
182 279
224 275
74 313
19 90
115 238
47 85
91 229
57 102
151 320
85 292
196 353
66 372
125 337
185 214
55 348
127 303
86 125
93 156
25 263
132 160
105 374
16 218
219 384
104 385
127 247
279 295
265 282
98 219
5 304
172 311
108 226
182 369
113 321
37 109
2 257
170 369
193 308
49 284
69 253
67 299
160 283
175 232
67 347
138 159
0 222
300 362
171 196
58 308
169 350
135 226
9 340
109 169
94 308
40 115
225 385
1 290
102 176
9 233
312 336
129 195
42 113
33 316
20 64
137 203
96 364
277 358
178 205
162 332
42 68
107 310
20 366
251 369
79 184
72 305
201 272
150 268
228 275
25 275
193 353
87 284
38 240
94 236
221 337
109 368
75 152
183 321
123 253
168 173
136 256
139 166
168 242
14 25
310 338
104 276
163 303
48 370
256 288
38 272
123 357
8 94
185 290
149 195
23 273
214 261
243 360
17 360
54 74
283 318
26 167
32 177
290 297
122 127
49 356
20 233
25 146
46 155
46 302
0 326
301 385
25 46
107 287
91 175
49 69
238 345
191 246
93 375
138 352
210 321
193 381
106 337
180 237
200 269
344 381
125 334
330 357
144 286
94 274
124 249
232 321
205 210
136 356
254 347
36 124
220 278
97 286
32 115
101 256
111 150
18 231
247 256
4 309
45 328
128 209
89 313
26 212
186 325
123 363
14 189
26 198
123 205
81 331
185 230
254 365
93 246
0 90
33 195
215 274
35 191
236 239
8 194
177 308
51 277
175 325
158 266
57 74
231 382
131 138
57 373
219 298
321 327
52 352
0 373
169 280
45 106
47 350
309 348
12 227
36 265
88 255
185 343
21 378
78 255
203 210
104 133
125 342
95 215
96 253
64 355
120 361
262 289
7 374
266 281
117 326
109 385
208 351
157 183
85 365
29 303
26 70
287 327
7 367
277 323
160 289
121 214
166 330
104 115
175 282
112 160
138 379
45 275
42 255
11 151
94 227
159 346
205 378
166 286
206 252
48 172
59 111
311 363
338 344
211 290
109 251
61 362
7 366
249 318
289 331
36 181
110 250
60 267
173 256
176 297
30 310
12 330
101 176
7 207
57 182
251 264
90 179
123 192
148 341
167 339
286 311
18 272
143 266
13 159
175 192
277 340
64 222
74 334
75 267
156 368
7 103
290 325
110 156
14 260
45 377
261 371
92 230
95 172
116 338
67 114
91 274
245 251
127 295
159 213
28 344
118 133
127 128
84 130
221 369
292 335
140 195
12 35
270 354
78 355
79 153
223 252
95 356
42 371
17 356
41 176
259 326
109 287
227 384
297 312
8 302
129 288
164 215
243 334
308 358
6 260
250 264
140 292
11 35
267 332
52 229
40 139
310 326
34 133
273 348
131 194
164 359
161 170
121 125
11 262
152 334
107 185
188 202
54 352
61 112
31 65
39 306
77 267
19 120
62 171
268 333
228 285
211 250
44 124
185 326
107 337
14 93
100 343
244 293
9 348
3 31
112 278
188 262
69 151
134 157
148 249
1 287
60 152
258 363
319 321
281 351
20 256
235 292
98 294
164 330
140 289
86 162
185 312
313 346
87 152
69 165
73 286
3 61
207 210
57 161
269 382
