536 6249
187 283
78 282
248 509
90 511
208 257
102 330
144 300
168 197
364 461
132 483
65 208
361 422
234 304
67 166
301 358
45 89
207 211
143 489
27 233
382 421
206 267
305 395
343 417
35 76
56 442
154 472
397 521
171 373
4 244
157 198
212 236
87 446
203 335
6 308
187 342
43 437
27 54
89 273
13 486
44 200
175 529
387 516
335 504
70 460
316 386
22 444
75 274
100 372
233 405
147 535
432 436
8 438
330 502
289 488
18 251
156 364
235 334
294 314
131 395
19 153
188 384
34 458
3 531
308 340
368 454
79 343
85 205
324 445
47 509
87 404
273 296
63 75
62 424
288 357
460 500
150 172
31 420
98 225
82 146
66 325
345 508
127 521
270 333
249 363
12 25
48 489
129 272
268 517
111 361
159 439
120 496
224 251
221 316
244 334
457 472
104 141
12 108
77 313
368 459
157 344
115 512
281 482
77 426
0 335
92 182
54 388
177 329
13 480
196 505
365 485
244 422
269 460
158 392
126 277
37 369
19 389
304 451
51 265
109 206
462 505
125 137
41 322
255 453
150 275
250 352
164 288
9 436
231 291
231 280
30 135
107 411
219 394
301 408
259 283
301 506
32 353
382 508
259 264
126 158
46 222
298 330
194 305
198 271
45 139
58 363
360 464
340 454
73 87
41 284
223 447
171 535
80 140
21 300
132 133
170 495
431 486
170 456
62 252
164 195
162 180
19 189
175 287
94 535
150 340
376 477
154 241
127 441
293 487
4 374
402 473
284 510
79 500
164 233
123 334
153 274
134 436
46 60
34 176
158 333
12 17
188 389
101 334
40 82
151 514
177 364
1 62
97 414
199 334
347 517
352 495
196 407
80 177
173 443
365 514
206 456
370 525
186 300
90 200
19 401
62 193
212 444
203 221
312 375
330 453
73 217
1 394
263 493
33 353
35 217
419 485
188 357
49 359
494 505
405 431
352 502
182 186
17 402
21 35
68 211
253 530
121 265
17 163
288 331
245 421
94 284
339 516
39 445
35 188
276 519
479 532
239 368
152 365
85 188
66 246
121 424
307 312
298 389
28 37
55 533
453 504
83 206
56 331
307 503
159 491
96 319
82 404
178 277
121 476
89 129
399 529
217 350
73 105
412 520
67 126
36 286
414 499
200 257
171 330
69 527
342 451
84 268
179 499
422 430
25 180
143 377
105 241
164 335
365 511
206 250
308 415
35 323
140 438
167 292
305 500
393 473
73 380
66 466
59 353
194 343
167 212
214 363
338 359
191 412
405 427
41 68
42 482
240 268
119 382
116 170
31 445
270 444
348 445
195 382
174 443
299 422
359 445
261 317
42 256
14 26
105 163
122 191
61 413
268 390
271 529
119 156
242 329
375 506
384 529
90 372
114 507
34 420
163 291
433 442
42 118
332 445
96 112
19 431
120 277
118 320
287 501
286 475
14 24
362 420
81 191
526 534
329 492
202 261
144 452
0 494
84 401
34 438
47 497
197 381
142 151
385 437
166 458
362 515
340 458
21 129
132 201
83 371
250 346
388 529
31 467
292 420
341 358
77 130
106 264
69 471
258 268
4 37
274 357
15 428
356 533
157 474
102 478
16 509
192 200
77 302
14 533
225 246
184 470
399 441
24 175
191 312
157 322
97 459
258 526
19 150
13 274
348 374
346 532
372 391
40 103
209 527
141 377
52 192
6 36
337 350
41 218
177 408
0 265
355 489
41 241
41 356
268 321
218 414
54 245
252 350
308 514
148 333
116 426
420 491
48 466
80 369
58 311
77 81
235 362
29 177
249 348
222 477
118 251
286 359
67 155
25 244
106 131
88 108
110 342
155 351
116 450
53 509
292 449
299 449
230 507
17 65
173 282
44 153
181 512
40 315
313 472
67 269
141 342
288 443
117 331
81 471
33 521
19 378
399 403
11 210
143 356
149 208
326 504
225 296
261 373
448 455
142 439
330 526
123 485
187 456
29 31
228 256
102 350
319 419
111 383
339 407
57 423
308 529
350 362
108 236
180 360
52 273
90 103
161 335
140 322
16 392
55 396
251 323
273 525
416 479
205 339
345 421
319 490
19 106
266 468
240 473
183 302
267 373
223 237
386 451
37 373
232 423
181 394
118 424
90 529
268 497
135 162
138 484
29 407
45 315
176 270
18 375
190 342
188 501
378 476
217 504
253 396
144 322
321 412
88 307
155 490
156 423
372 448
78 533
47 340
269 368
59 488
260 351
172 322
193 373
184 400
134 304
108 338
342 441
280 480
355 362
252 338
254 344
21 355
407 507
162 270
392 433
211 458
136 224
309 442
209 480
147 362
112 369
28 489
276 425
6 483
4 61
291 514
163 262
363 459
73 532
28 176
232 510
32 90
42 74
211 322
45 470
198 451
72 490
253 526
22 104
360 446
513 532
42 137
16 496
75 462
138 453
447 464
234 415
249 413
334 408
180 222
14 384
63 136
13 381
170 239
259 534
174 272
243 444
284 487
291 495
325 520
237 382
9 449
218 372
488 516
132 191
281 535
301 510
103 184
424 457
31 351
175 338
425 523
287 353
219 407
319 379
151 385
118 302
124 151
140 286
211 221
190 416
324 457
297 419
374 509
312 500
21 51
251 461
237 290
149 154
131 220
214 420
132 372
344 391
75 231
201 477
387 429
162 449
102 203
35 132
47 103
85 236
326 406
3 17
31 350
76 357
390 391
173 292
475 503
276 502
119 266
346 417
12 534
350 414
275 362
146 333
121 150
463 476
251 493
66 160
422 457
169 519
42 500
120 298
26 299
118 512
360 410
349 434
146 475
270 297
26 67
354 375
31 176
268 462
115 138
104 372
35 344
376 498
152 362
505 516
306 530
487 515
10 373
450 530
55 177
241 465
305 415
239 338
306 484
28 129
265 352
116 331
246 295
294 391
199 261
323 403
250 430
8 349
248 386
309 326
265 535
27 49
94 377
141 518
60 412
71 327
480 525
75 425
13 40
17 452
213 376
160 352
99 356
128 429
138 193
412 431
226 269
218 269
114 226
313 451
469 494
24 386
88 122
213 457
441 523
27 53
155 244
98 395
109 444
206 222
28 181
102 283
414 467
274 402
13 26
56 459
260 383
223 242
44 287
20 280
46 150
412 529
399 475
265 371
121 278
188 249
160 203
218 432
82 249
16 455
347 353
268 422
287 469
188 410
398 431
489 533
268 491
113 429
0 313
243 526
169 463
47 303
315 371
202 439
275 492
318 509
160 524
220 329
270 504
104 261
163 362
25 459
330 379
80 355
87 436
46 96
277 407
196 203
0 205
13 155
363 507
203 349
312 505
342 361
223 369
69 354
133 440
400 460
148 171
195 447
188 210
1 347
323 471
15 130
9 359
391 461
8 92
6 465
226 322
84 244
364 444
341 415
303 533
111 238
183 471
69 154
201 499
276 282
305 373
340 410
12 278
201 328
21 30
360 433
248 429
135 178
113 491
400 531
431 481
75 272
105 321
137 177
248 414
171 250
63 199
52 445
79 235
135 517
275 349
191 333
93 114
228 301
269 315
203 305
51 474
244 265
4 414
283 483
341 372
141 503
263 413
331 349
63 116
384 386
246 349
21 506
452 487
108 171
113 333
156 337
203 395
3 357
181 412
44 501
41 44
301 338
292 460
429 473
249 380
53 89
357 368
48 507
57 315
247 418
447 468
205 507
170 284
320 336
284 500
279 404
219 230
86 305
214 526
5 465
35 305
364 531
97 345
135 530
50 271
29 178
122 124
42 406
210 461
199 473
173 455
141 166
279 489
87 416
199 504
52 296
350 474
62 314
227 435
36 235
23 426
3 390
82 338
82 173
234 343
218 356
156 282
111 300
22 494
188 491
337 522
520 531
18 129
122 396
189 284
444 520
11 140
219 285
259 330
107 177
25 187
245 414
310 521
148 296
43 226
125 433
405 422
186 429
12 159
24 168
46 332
350 515
59 74
417 518
165 235
429 489
160 422
123 376
462 508
349 403
344 447
95 322
0 524
203 418
52 456
379 493
189 263
214 246
253 359
5 515
300 430
288 365
327 394
1 416
19 118
369 526
150 360
92 264
275 453
58 337
99 451
328 452
99 226
45 324
19 70
112 244
272 506
30 129
29 472
178 491
298 311
18 335
157 457
187 459
42 180
190 213
57 378
95 481
106 334
166 312
253 348
418 514
107 507
71 299
66 146
4 161
186 328
52 290
37 533
101 410
273 534
1 207
210 295
45 208
129 528
365 416
174 463
292 462
82 390
320 411
185 200
52 357
8 496
36 73
44 104
60 171
128 464
85 409
143 384
26 59
421 460
376 535
345 362
117 180
21 153
269 310
56 309
60 390
305 504
207 270
338 393
27 76
81 424
132 485
273 364
59 360
94 280
41 119
324 429
257 389
218 412
391 431
280 339
295 358
109 261
94 505
349 523
126 308
356 472
163 211
5 525
302 491
236 312
36 202
279 423
27 218
132 465
238 410
30 285
174 212
38 466
218 294
13 46
68 254
55 527
40 471
279 325
41 49
182 473
165 332
105 242
460 464
115 291
136 438
196 308
332 487
105 430
385 497
205 385
203 258
417 430
3 134
163 168
59 285
228 488
47 338
169 439
135 316
207 517
15 325
4 470
206 477
250 350
71 124
47 348
135 460
210 399
12 147
375 448
59 183
116 479
167 243
256 280
409 526
201 208
28 259
177 404
61 62
139 511
83 326
33 443
54 343
495 520
115 504
101 154
458 525
379 443
82 480
221 280
64 295
39 344
171 286
56 290
178 320
306 353
246 378
330 512
432 525
293 399
201 531
318 389
406 532
171 271
7 125
69 227
295 359
67 321
50 504
274 530
166 265
415 452
280 456
214 256
103 466
77 502
49 72
403 406
360 468
99 334
156 162
106 125
284 312
222 438
53 423
115 250
457 535
196 361
287 346
132 434
344 415
64 333
27 69
287 375
62 157
320 501
240 466
53 191
345 445
260 359
60 189
193 435
109 164
20 506
292 431
141 410
30 174
297 314
135 240
79 305
196 422
116 419
250 284
9 60
297 493
296 518
115 141
34 129
154 496
104 477
190 306
63 108
378 400
164 167
304 358
88 450
379 385
152 218
319 370
133 367
99 159
91 480
193 345
20 433
189 332
159 448
35 314
320 461
294 459
112 191
63 72
59 154
41 325
94 145
13 193
300 339
397 428
363 534
253 282
171 342
26 414
344 519
9 184
360 478
175 479
37 270
79 358
34 415
383 387
124 433
37 316
140 387
162 319
326 399
258 344
53 64
70 523
118 449
318 394
236 466
470 485
139 311
152 208
70 381
67 134
288 297
111 129
67 230
324 460
213 233
183 404
324 438
152 276
157 516
419 478
99 432
379 515
315 343
392 469
238 318
111 187
284 518
54 210
115 397
238 525
140 410
42 182
169 481
404 492
218 406
204 450
309 439
5 327
299 515
315 398
351 431
182 482
445 489
0 331
439 490
181 236
229 315
185 207
344 491
189 362
402 486
315 336
126 451
1 40
250 344
401 501
356 403
265 448
141 454
127 130
65 343
54 183
163 460
328 363
61 274
356 372
21 354
194 204
77 142
44 235
29 128
72 468
50 352
105 415
205 239
165 233
288 462
111 372
168 493
335 438
183 375
11 180
85 308
202 477
67 343
410 482
25 379
114 181
39 454
355 367
81 181
287 383
38 95
161 381
93 470
173 396
29 395
286 460
206 317
205 476
3 427
59 380
61 328
171 276
85 279
119 457
69 290
73 397
28 505
5 334
204 424
132 253
28 262
434 458
92 294
344 428
255 489
245 278
228 518
36 225
158 363
18 191
487 521
68 303
175 445
337 395
461 522
18 492
180 207
81 535
16 518
138 426
74 94
80 216
8 470
408 514
256 531
455 469
359 386
144 166
54 92
44 414
313 415
431 438
344 375
89 418
230 424
197 481
114 143
245 403
6 208
110 431
313 496
10 464
52 374
67 268
170 380
136 313
193 329
45 97
257 510
157 185
427 463
88 455
309 429
51 327
216 285
35 130
296 513
196 265
109 145
19 434
324 483
57 115
341 476
20 385
249 335
147 427
164 214
245 442
256 381
93 349
81 323
35 89
154 489
191 261
247 409
86 409
318 442
278 447
401 525
140 415
362 493
298 307
75 345
88 358
34 178
396 438
46 446
80 174
190 340
52 515
146 524
102 435
46 292
351 410
304 430
166 367
218 419
368 395
214 247
277 431
150 436
289 401
265 286
69 119
304 493
169 375
46 251
393 485
37 57
108 282
362 403
83 443
46 280
3 272
59 266
11 123
148 461
178 227
264 439
168 420
109 157
190 285
294 343
236 489
235 259
301 494
407 519
169 213
290 535
104 341
252 331
287 360
118 243
252 430
218 421
412 484
29 87
18 347
350 418
119 120
225 518
145 354
110 157
60 191
4 300
96 347
226 350
306 487
312 345
97 303
66 335
332 459
102 428
116 311
268 489
67 261
215 448
189 200
258 436
100 199
4 240
477 488
229 515
292 314
98 124
147 314
395 467
125 298
168 287
207 414
89 456
361 409
51 352
120 253
150 474
12 183
145 401
165 288
50 191
219 269
407 533
398 497
340 357
224 419
210 371
249 415
118 395
338 391
68 457
381 465
220 301
354 459
131 489
4 461
30 362
5 474
363 472
231 458
95 452
86 168
244 436
11 89
137 221
291 364
195 424
225 293
187 427
183 275
158 275
242 461
48 159
67 526
23 215
27 275
425 505
231 398
179 245
394 473
153 367
130 154
60 344
215 511
335 453
27 241
308 350
162 318
61 304
122 324
297 299
127 314
473 480
42 221
171 304
94 129
118 259
0 61
290 494
154 492
34 452
247 303
255 401
217 347
335 526
230 239
125 497
157 265
352 403
230 330
216 394
142 491
1 48
189 479
402 449
49 356
392 448
167 499
289 472
191 458
382 442
44 185
232 530
135 197
510 519
65 174
156 299
311 374
220 447
333 535
265 335
71 235
219 476
335 525
452 462
86 426
308 466
0 447
173 249
126 384
3 203
156 206
65 524
279 321
5 182
215 532
103 264
183 439
12 303
388 485
280 521
141 290
119 142
44 524
295 421
329 415
162 378
232 356
61 269
9 155
37 56
133 400
100 235
47 238
78 186
277 429
210 309
169 262
14 325
93 357
79 182
22 357
121 248
197 303
154 168
437 449
265 322
263 535
245 519
218 402
7 412
299 398
45 200
116 508
220 232
354 378
37 141
174 439
87 308
424 456
81 434
158 303
2 17
18 350
140 165
336 507
317 526
55 158
394 403
450 507
330 357
78 393
235 288
1 199
197 265
144 220
63 471
271 474
70 149
335 507
116 183
33 329
325 506
183 451
155 473
73 89
264 290
4 84
49 419
153 214
74 175
62 303
418 450
318 441
83 224
285 513
120 451
187 205
67 389
104 132
46 269
138 416
23 375
327 450
275 361
75 296
48 274
65 227
105 383
417 498
433 446
258 515
19 109
140 321
128 187
57 508
221 357
317 500
48 480
483 486
93 415
49 394
156 469
176 396
99 406
5 120
116 361
308 416
96 152
259 343
399 483
119 370
437 498
292 386
373 480
165 386
86 507
1 483
296 329
317 336
168 315
196 209
381 451
322 459
375 496
325 405
366 488
128 138
366 532
21 449
55 239
384 481
206 513
238 412
453 464
446 509
192 413
55 217
141 370
282 326
441 461
65 67
207 288
170 231
4 237
84 524
349 400
33 428
381 496
28 298
150 241
88 140
387 499
63 389
166 512
274 396
106 501
165 187
7 31
84 523
51 418
355 425
94 137
366 436
27 348
75 493
256 337
193 414
199 483
25 151
264 462
360 502
338 502
309 521
203 456
122 253
38 470
232 299
44 417
24 496
213 516
180 414
77 407
29 384
215 403
77 186
388 420
4 195
3 175
13 148
147 260
143 193
331 454
7 40
86 92
326 502
225 328
356 483
61 481
75 494
228 290
84 314
153 173
44 436
295 345
392 504
221 341
125 184
201 289
282 492
87 499
103 516
55 253
95 457
354 527
22 196
73 428
458 489
185 282
1 44
125 283
277 444
9 246
96 505
227 233
200 426
130 432
194 207
169 431
379 432
98 171
387 524
9 183
62 244
47 384
115 182
146 403
230 320
228 403
304 469
122 414
296 348
56 350
34 265
44 527
96 413
53 365
149 351
95 269
104 302
184 366
323 475
144 304
45 223
122 416
34 224
180 262
56 439
196 506
158 218
36 222
103 309
176 366
102 385
407 456
243 387
12 89
3 336
330 372
100 511
173 268
79 326
175 296
241 450
76 104
93 112
245 323
148 332
41 224
112 510
230 514
225 315
175 444
164 199
54 522
20 273
282 463
140 493
387 501
232 376
70 114
493 528
491 514
282 416
100 367
11 224
41 95
44 494
249 533
25 163
67 372
76 308
466 500
19 61
317 503
350 509
162 440
309 404
76 400
108 407
280 392
159 195
104 414
1 159
42 167
189 436
214 244
328 381
68 317
136 468
250 331
206 329
56 433
132 152
212 316
519 535
80 264
61 358
27 337
111 478
248 472
126 395
118 132
128 153
175 317
25 430
356 392
115 272
102 394
272 428
33 383
167 527
162 228
201 385
204 446
66 127
437 497
245 288
348 518
128 135
340 400
316 364
191 252
242 474
281 362
70 225
439 469
373 505
252 266
379 497
250 518
20 128
81 205
84 420
285 502
185 394
63 370
63 205
54 311
275 456
204 327
0 115
347 359
290 507
99 153
34 101
442 514
18 207
48 170
49 241
204 330
56 455
224 478
185 403
41 380
262 411
61 530
106 402
47 228
264 440
195 534
280 294
38 163
64 429
61 214
381 389
178 444
47 79
410 523
26 469
265 334
160 343
156 428
80 391
238 335
304 437
104 454
149 393
70 493
24 454
14 486
47 516
17 308
6 314
5 380
31 271
153 291
202 329
32 534
196 323
325 353
73 208
107 427
199 532
150 422
2 49
134 407
168 525
286 473
206 532
183 411
213 483
233 444
138 378
374 527
246 332
93 225
64 138
58 283
32 431
77 372
180 307
378 418
200 448
219 463
254 456
15 391
261 535
200 510
69 352
298 531
53 351
320 430
78 509
250 265
137 318
340 371
369 503
31 281
45 80
243 262
326 520
42 54
187 200
397 527
25 142
51 85
356 456
240 455
111 513
291 451
280 368
51 275
54 66
86 503
250 429
171 516
275 450
243 432
275 348
388 432
296 356
76 425
375 507
134 341
155 299
14 349
39 469
0 288
29 484
77 206
288 495
108 512
317 323
29 387
58 422
289 297
293 327
28 164
89 187
221 308
449 469
161 406
265 325
38 273
42 529
79 216
103 461
27 299
79 186
167 320
328 507
180 277
67 161
72 244
98 487
360 392
41 204
47 212
146 281
361 421
341 441
109 439
213 380
55 348
379 403
262 379
144 437
130 496
38 151
134 509
145 428
30 119
326 514
4 321
460 483
266 275
74 467
417 515
228 430
43 291
235 488
123 303
168 292
94 211
208 433
22 140
19 483
426 436
46 297
3 420
317 474
316 425
183 455
23 290
103 175
117 460
193 423
314 387
235 404
87 304
275 490
126 531
148 460
36 524
49 437
395 471
59 174
105 484
319 341
182 403
103 219
6 330
12 455
120 502
452 500
85 386
93 308
78 377
274 277
373 490
222 454
161 410
50 455
19 534
32 49
78 90
60 517
5 158
57 151
208 506
423 528
92 417
12 55
287 332
157 476
24 142
491 504
101 317
3 167
7 317
181 195
21 70
14 260
95 233
76 136
202 452
86 514
385 442
300 382
37 202
271 380
103 439
243 378
119 366
510 512
156 283
141 277
38 284
12 253
223 274
482 503
81 491
157 323
16 24
193 255
232 459
354 447
274 434
398 458
400 512
70 271
7 441
327 366
436 494
72 339
427 469
66 154
137 471
100 222
273 486
64 186
151 388
50 249
170 521
437 486
350 516
117 424
153 474
173 438
348 433
180 260
263 290
52 469
88 97
146 418
187 376
206 439
295 486
89 513
201 309
4 458
35 339
359 450
486 509
30 286
32 93
147 495
8 500
176 389
337 497
8 170
8 532
7 197
76 145
6 248
72 256
253 338
361 423
16 477
232 235
109 325
297 465
49 263
108 141
286 437
350 427
375 528
77 319
237 415
20 153
218 219
55 100
68 250
44 199
19 35
51 106
7 87
20 338
415 418
222 355
86 188
30 196
383 479
354 452
354 427
196 398
288 381
307 334
17 310
283 351
244 337
206 461
464 470
333 426
166 392
86 93
74 170
61 192
466 469
337 488
109 489
205 439
132 268
258 421
10 173
66 433
144 159
104 147
280 376
126 259
220 276
274 403
110 120
246 426
59 469
43 463
183 445
393 440
220 263
348 404
7 305
101 304
26 61
232 331
188 348
324 502
13 390
254 499
251 287
83 225
135 269
155 456
39 154
167 232
136 209
404 407
361 413
124 133
81 423
240 320
356 480
97 143
256 416
220 310
208 210
247 495
328 336
385 401
99 124
379 475
157 263
140 197
73 505
58 155
376 529
27 405
269 418
72 377
194 356
47 221
256 411
116 258
196 482
137 199
209 250
210 322
105 137
188 202
7 286
163 273
0 100
108 526
190 500
279 304
466 487
143 221
82 217
117 358
148 411
212 383
518 534
130 358
18 73
49 516
148 425
12 227
146 450
81 197
6 450
39 166
113 339
26 72
24 97
91 182
16 382
159 463
16 362
63 361
136 401
471 499
0 479
434 482
86 99
98 110
32 81
191 369
277 501
16 309
23 326
210 269
32 407
248 443
494 509
347 405
275 354
373 402
129 289
464 530
34 270
86 384
431 435
68 121
17 352
300 345
152 412
184 253
47 111
42 353
378 522
190 286
320 512
9 199
88 289
179 448
480 517
20 437
119 385
115 338
411 530
203 294
472 508
214 297
6 370
202 431
143 179
112 433
140 411
300 510
304 462
484 497
223 368
108 453
19 31
365 369
232 246
70 367
152 264
83 98
241 402
93 518
362 416
12 280
166 263
53 328
177 315
35 296
120 426
61 209
290 357
7 471
104 387
278 474
218 453
86 146
209 330
55 213
25 351
125 243
358 450
3 500
178 469
132 334
106 120
158 399
38 342
30 216
268 332
139 142
84 225
416 511
369 420
293 434
214 219
183 407
110 246
14 30
71 239
18 519
164 229
448 474
156 267
40 260
252 284
247 530
217 268
404 514
214 415
397 435
113 300
343 358
304 508
294 383
308 409
230 460
73 111
69 238
108 277
76 173
343 531
53 141
187 517
387 444
45 197
0 236
396 451
8 362
106 266
268 376
43 297
272 354
59 456
121 532
86 369
24 235
233 442
253 415
461 493
85 339
93 419
102 406
19 393
84 491
378 481
108 258
24 103
30 215
218 246
400 511
17 262
82 386
24 474
84 428
289 317
24 491
43 188
284 423
146 237
348 407
331 407
131 474
344 354
233 286
466 479
89 320
407 411
346 526
185 273
227 261
218 276
199 254
94 198
256 449
37 100
294 409
229 305
0 443
342 429
265 454
8 65
212 520
214 303
521 533
86 255
111 275
77 496
86 382
207 235
134 238
306 425
203 309
368 414
318 476
61 174
175 528
181 470
15 72
144 231
5 499
83 160
79 334
16 450
88 118
58 395
44 77
182 239
74 115
7 123
336 385
349 528
474 532
7 193
271 455
167 516
231 518
110 331
98 161
257 340
132 406
154 338
128 335
263 495
297 393
255 260
313 450
115 370
153 251
239 435
51 73
191 335
88 471
10 69
434 443
491 526
233 529
241 525
8 400
201 274
282 437
127 201
13 195
71 454
59 92
31 146
101 418
192 403
271 517
316 336
17 301
304 317
103 356
109 149
111 116
159 496
202 504
303 430
447 515
415 470
100 198
292 408
13 70
87 460
43 530
174 444
225 343
217 224
20 261
273 415
345 401
215 422
82 270
302 403
157 289
351 488
189 349
135 287
150 438
27 393
433 480
357 411
416 505
135 245
172 200
336 524
56 278
300 425
286 314
231 235
22 128
216 219
177 460
157 517
158 352
454 461
129 400
399 489
53 457
12 306
160 256
81 404
69 366
10 335
426 497
241 504
79 421
343 468
205 208
268 342
36 242
203 293
370 373
124 386
43 177
338 526
123 443
72 319
309 370
348 490
163 235
118 235
378 430
464 471
306 436
27 136
127 278
189 505
74 524
60 61
193 517
103 308
11 421
239 412
19 266
135 247
463 504
150 473
299 430
21 39
198 374
51 132
81 286
2 494
45 320
65 451
148 307
31 323
70 322
367 426
119 321
23 374
55 58
48 273
15 351
361 365
1 401
490 532
43 376
85 415
120 198
333 470
497 525
143 151
94 140
66 142
388 503
100 359
185 305
5 444
21 471
74 417
234 310
83 337
204 261
186 469
2 63
79 123
147 448
235 442
13 384
184 515
262 268
149 231
50 215
180 468
352 366
148 532
378 530
103 387
197 228
11 359
167 221
231 424
433 439
66 315
348 473
73 459
140 341
132 517
250 326
193 431
247 524
253 369
431 451
44 422
200 214
70 73
57 348
281 283
149 367
106 209
59 532
389 534
24 316
198 332
263 448
355 452
0 390
347 412
462 481
217 345
132 432
17 256
46 384
98 138
446 488
154 431
263 297
124 321
373 443
56 61
50 340
133 396
101 409
140 392
79 385
184 201
47 202
26 231
226 494
431 432
300 311
469 514
28 133
435 504
24 503
77 202
34 305
261 406
135 356
72 241
49 426
103 350
126 398
228 238
6 391
0 471
238 417
143 175
307 341
269 533
90 340
17 397
235 422
79 364
263 416
416 498
55 518
100 406
127 313
324 339
27 503
100 477
111 493
430 504
50 360
203 247
70 343
168 509
122 213
156 370
284 306
9 364
14 360
36 85
121 368
227 496
181 235
1 179
39 386
244 405
18 399
130 488
351 420
118 213
149 210
73 252
115 254
145 462
215 417
106 171
197 403
56 172
187 337
66 132
324 433
92 200
50 394
44 299
373 535
68 111
96 166
153 353
110 459
461 526
472 529
499 528
40 286
130 303
260 310
459 489
240 488
54 463
175 301
109 531
98 372
2 56
56 422
213 535
88 359
370 384
175 195
70 108
148 328
256 406
79 298
106 383
16 186
131 397
188 375
348 458
134 372
128 308
208 262
194 488
114 505
497 499
12 262
98 168
81 185
203 271
269 348
112 397
151 381
420 528
200 369
122 163
378 526
58 238
210 258
44 442
55 84
443 520
296 498
63 212
0 247
87 323
335 451
117 401
212 495
438 479
124 456
502 510
193 242
172 297
289 459
295 467
160 202
159 498
110 131
46 381
225 360
128 444
234 340
17 476
73 372
1 286
214 308
193 375
18 527
137 237
76 199
154 465
484 514
36 194
243 451
23 510
89 96
98 441
137 198
53 406
421 520
429 500
53 430
491 502
328 358
154 423
94 205
14 423
197 365
41 472
69 522
116 375
355 526
70 477
46 199
219 353
96 327
16 215
15 501
223 366
97 300
364 388
52 502
346 467
58 186
373 401
36 441
366 444
9 157
237 322
170 337
186 376
496 512
139 365
50 222
194 268
177 248
75 465
66 178
58 242
251 312
506 532
132 494
173 208
242 293
141 517
234 463
210 481
2 12
274 418
112 365
432 509
63 303
191 454
195 258
12 116
168 397
37 398
196 292
7 163
160 273
46 295
76 519
440 470
147 264
76 271
36 170
245 256
154 357
102 190
11 315
4 533
97 377
224 327
234 398
357 388
370 475
127 158
18 389
178 200
189 503
261 365
103 314
4 522
382 420
17 210
190 455
396 480
243 483
23 483
219 429
226 459
223 436
77 338
420 518
284 400
467 525
171 393
287 485
375 440
119 475
277 497
33 366
85 298
239 462
17 338
287 333
421 482
87 102
146 314
292 471
329 529
32 434
192 267
364 535
159 387
53 524
147 440
201 383
250 367
121 202
246 264
72 357
82 126
358 515
16 344
135 442
178 489
14 86
60 368
113 167
25 81
1 316
403 512
192 488
349 512
161 493
7 488
125 516
307 437
374 404
359 528
265 406
177 275
171 514
74 395
141 257
234 533
22 228
8 261
22 199
332 413
33 216
51 295
88 350
219 502
282 420
230 262
361 383
6 192
65 446
237 368
253 467
67 272
154 311
107 497
40 164
124 455
97 118
326 484
44 167
75 520
358 459
93 120
89 350
70 290
243 313
103 291
218 368
57 225
25 55
178 328
440 532
354 419
59 252
45 367
109 242
44 512
150 277
163 359
30 490
10 279
65 229
60 205
84 357
436 464
362 516
14 219
363 372
260 307
80 97
57 105
375 388
211 509
153 329
311 402
189 500
304 517
73 443
223 398
23 489
2 315
127 515
19 507
109 507
389 453
113 474
197 509
60 435
300 396
83 316
315 485
307 314
234 236
55 221
142 462
383 449
298 422
114 191
59 124
1 97
55 78
143 323
51 270
317 427
30 375
58 288
103 422
203 391
196 459
48 525
158 420
168 371
227 241
53 224
195 458
260 461
206 318
346 524
65 515
460 489
141 371
290 504
61 378
99 182
94 95
39 368
127 397
25 446
50 267
17 113
245 386
61 306
189 279
69 181
376 385
3 130
133 174
17 33
96 396
367 430
128 453
7 112
217 473
505 527
85 419
240 260
183 320
143 286
2 231
46 442
266 490
28 94
136 462
122 235
33 121
5 316
256 467
148 395
278 460
137 140
103 162
20 127
366 420
218 345
12 483
261 450
436 468
378 445
183 304
250 517
281 323
247 447
91 475
184 458
254 324
265 267
188 243
527 533
324 409
137 312
168 247
225 460
189 227
10 120
84 131
268 282
2 114
101 270
90 177
38 76
118 231
72 478
283 440
112 328
171 492
30 339
140 244
131 423
331 441
233 424
226 441
1 214
235 379
297 438
137 341
182 439
232 382
13 200
3 202
57 531
109 285
91 349
27 192
156 449
322 435
23 473
140 276
43 288
345 441
141 389
17 247
73 266
74 161
219 515
96 198
77 457
388 473
25 249
10 523
36 288
127 287
432 447
322 526
213 392
212 513
27 106
240 398
401 407
430 492
106 260
255 339
78 286
161 491
73 445
150 164
37 310
145 470
271 346
205 495
252 511
236 278
28 305
10 390
250 466
125 154
79 411
134 363
201 408
11 206
360 451
92 535
88 529
194 438
426 501
130 514
331 351
304 345
268 379
420 441
181 223
68 199
220 408
341 407
34 493
56 81
52 91
170 488
327 434
372 512
111 362
377 479
8 297
176 504
254 392
123 392
98 279
339 408
182 249
20 237
150 463
215 379
194 361
73 243
33 296
374 462
65 440
55 144
30 263
124 333
84 121
141 409
5 290
207 254
137 293
201 529
321 368
125 128
113 507
25 44
213 308
70 101
250 364
12 390
72 533
302 525
252 384
195 513
14 91
0 361
243 289
415 515
11 256
102 413
238 312
104 237
105 251
264 442
76 149
22 418
208 341
334 414
295 309
87 168
68 468
247 387
321 351
228 258
252 507
436 501
357 511
248 316
219 348
183 529
62 482
356 387
10 226
4 317
247 400
386 414
68 145
179 267
48 115
370 391
86 373
114 162
63 304
457 495
229 306
332 501
69 158
213 502
130 460
170 508
40 211
272 471
148 406
148 405
182 372
245 334
284 314
486 494
36 388
27 419
68 498
199 249
409 451
10 162
57 276
91 341
295 449
131 297
31 534
323 366
204 321
166 207
1 22
35 205
229 440
33 437
309 491
291 359
5 362
360 448
4 79
155 289
130 247
17 279
6 167
208 410
362 391
233 410
277 328
137 509
208 343
39 232
156 392
257 311
284 448
28 85
190 277
162 401
208 297
136 246
369 500
237 340
366 370
66 346
1 307
345 370
125 306
227 492
395 502
346 425
10 333
340 390
325 385
201 510
23 173
218 478
26 353
16 43
68 482
110 186
45 179
219 234
46 59
141 214
44 290
190 431
304 320
430 498
347 473
42 280
208 435
147 269
9 331
364 480
232 406
155 277
198 434
405 468
324 469
47 464
71 206
98 296
89 95
21 79
120 324
77 367
169 522
389 502
124 460
78 359
260 459
14 420
19 258
67 358
251 379
39 67
261 349
232 378
23 56
30 231
18 189
334 371
136 230
187 254
1 145
162 421
365 457
303 316
294 327
245 523
195 207
127 487
280 327
11 474
121 404
100 369
85 131
277 369
349 532
96 238
107 170
186 358
61 162
10 395
433 444
36 414
287 519
138 304
68 75
113 189
201 325
305 362
28 188
37 329
130 449
39 278
256 323
291 365
344 443
167 371
222 368
216 495
23 392
151 438
66 248
199 214
58 138
30 204
122 426
291 470
296 483
111 186
255 455
386 396
360 518
300 395
83 171
95 172
280 440
427 534
64 284
43 357
51 369
213 503
13 414
307 524
203 357
67 473
129 392
122 513
318 507
258 305
165 234
28 219
278 436
186 256
285 419
30 269
42 107
158 371
177 280
202 508
90 324
74 371
224 232
165 498
211 481
33 262
95 455
47 230
415 492
317 391
308 337
288 336
294 422
318 324
363 386
22 490
29 279
140 168
327 487
234 244
322 464
3 250
150 281
153 476
47 281
87 222
11 98
57 511
189 207
289 477
178 337
32 96
132 260
129 412
153 277
86 485
115 406
94 399
81 113
62 310
68 167
318 440
198 219
292 294
232 454
37 189
79 268
445 514
286 312
13 435
107 475
159 306
255 466
221 232
126 227
109 429
73 220
33 495
190 253
288 388
360 503
342 355
298 359
110 384
143 515
34 115
320 440
304 429
88 162
39 187
101 365
147 449
317 449
212 308
196 204
180 457
228 363
46 341
156 328
243 533
242 273
7 75
191 210
361 527
166 469
43 526
246 464
125 514
105 120
111 330
29 175
379 448
348 394
5 14
485 498
109 433
188 427
434 531
77 483
290 481
132 278
390 503
174 185
351 477
169 204
212 411
78 507
323 506
223 434
51 135
163 330
37 362
414 494
73 190
138 207
168 377
44 451
412 439
197 476
311 314
36 353
186 333
14 174
143 451
100 522
139 180
299 338
304 474
26 386
443 509
115 451
42 236
133 207
118 202
191 358
279 332
365 497
87 509
329 443
29 80
258 496
226 515
229 497
110 122
204 304
90 448
232 426
74 249
40 417
287 518
72 298
365 420
277 488
43 311
48 519
227 444
91 108
261 507
29 209
266 407
108 151
51 255
22 290
84 365
419 470
366 423
147 328
220 311
271 393
14 292
113 441
134 220
126 166
483 505
102 399
305 364
186 382
108 155
132 292
192 514
316 487
45 318
402 407
4 339
68 328
159 352
18 116
76 124
56 334
238 430
167 521
284 393
81 399
76 528
316 514
232 527
246 511
9 310
348 421
284 466
212 523
156 441
164 268
229 234
219 412
111 490
74 454
193 442
127 310
53 76
43 386
57 299
160 270
325 371
130 284
84 495
57 254
90 156
460 533
145 528
151 171
49 493
126 351
2 52
188 506
46 147
139 423
42 476
99 471
144 347
217 265
254 284
233 367
71 193
236 337
380 391
77 259
94 159
338 488
61 199
461 467
74 531
325 441
112 198
276 410
229 230
203 329
0 180
161 366
433 515
156 511
182 340
405 469
395 414
116 234
136 505
385 521
120 192
160 421
37 120
225 349
85 119
122 515
185 316
183 495
35 202
95 212
102 180
173 190
211 396
371 495
147 375
44 373
35 441
211 397
470 472
63 489
120 495
235 236
252 497
152 159
124 294
296 496
346 530
137 357
8 424
367 444
31 435
313 493
76 299
162 380
156 490
301 322
269 476
138 459
73 431
228 315
121 171
327 455
460 478
26 162
245 535
34 150
103 494
198 511
412 508
275 350
132 203
208 409
18 253
84 305
228 248
377 462
81 173
244 272
477 514
278 348
72 368
150 315
115 197
325 392
102 291
212 223
53 474
231 445
407 524
16 252
24 234
205 414
72 295
106 164
51 407
89 303
98 360
244 527
162 268
12 488
219 344
94 405
22 260
269 289
179 531
155 252
225 253
57 313
81 265
312 399
134 409
164 232
181 419
309 452
268 329
272 332
53 507
21 396
127 247
80 164
5 342
231 490
143 245
111 370
85 207
422 428
446 522
20 384
37 116
10 122
40 326
33 436
36 105
81 244
3 404
234 524
46 311
363 481
233 454
221 486
34 66
161 435
282 397
147 176
330 439
384 519
90 395
257 266
75 481
76 167
177 428
125 349
358 524
255 405
49 183
423 532
45 79
142 161
41 297
30 238
204 532
336 448
280 311
399 515
68 503
365 516
125 485
65 390
69 236
55 246
203 481
171 328
322 358
2 266
133 183
125 226
186 496
69 378
68 404
186 329
342 402
196 382
467 502
453 512
346 439
5 429
273 305
68 347
164 277
0 414
389 443
425 518
112 171
54 95
197 388
419 433
70 103
433 504
346 349
168 169
248 512
240 428
441 490
211 341
162 508
320 482
150 162
260 408
466 471
254 353
136 408
181 472
131 376
108 499
175 532
30 356
116 432
128 432
175 227
202 397
261 426
39 127
296 354
161 441
48 503
170 246
146 325
48 479
63 438
12 18
403 421
30 173
194 312
3 480
287 386
78 311
32 143
121 458
79 513
60 144
272 441
51 489
56 80
175 388
179 463
102 351
126 171
83 233
63 447
99 106
47 292
318 417
51 329
423 516
23 226
100 290
402 477
153 236
21 268
25 401
347 425
303 468
107 326
251 451
332 397
120 184
94 312
77 449
314 516
299 379
239 252
85 109
165 166
204 299
24 186
378 379
201 446
94 199
290 462
240 451
28 400
16 325
6 327
322 391
242 249
69 460
135 512
302 332
115 119
28 358
92 472
45 310
47 107
418 518
423 434
13 338
80 215
102 361
80 330
85 264
364 503
328 399
337 406
264 517
119 138
136 252
244 438
18 198
48 493
266 473
19 348
22 472
136 328
51 456
211 442
44 387
253 389
133 389
501 529
38 422
57 158
165 520
205 457
35 224
126 167
180 474
330 495
293 370
208 346
278 507
195 347
42 190
91 338
17 469
331 461
140 473
291 381
338 451
167 333
113 372
194 383
393 394
296 425
281 361
426 528
286 494
189 403
389 434
9 448
314 332
188 496
417 508
43 218
339 450
177 229
132 505
47 73
60 372
260 334
79 340
6 176
242 274
80 154
371 501
39 313
169 484
7 41
495 513
58 128
177 426
33 355
91 497
240 390
304 518
45 274
85 186
73 258
123 127
203 363
37 412
324 468
51 482
137 155
44 430
302 342
57 258
32 132
91 177
160 511
185 517
186 491
146 225
108 319
198 417
272 424
153 425
155 168
315 437
40 518
258 318
345 460
286 457
0 114
63 171
127 517
280 467
169 283
92 502
45 64
305 366
157 417
285 498
98 175
159 311
245 473
111 167
338 431
191 431
226 385
101 115
142 487
322 480
42 415
10 422
193 505
34 347
46 265
434 493
280 532
203 489
11 471
251 501
192 218
157 171
232 425
136 501
211 479
115 508
103 482
217 307
12 333
522 531
31 172
287 452
136 456
267 375
305 372
23 106
189 532
210 434
268 527
333 439
92 533
334 439
134 271
257 380
115 159
93 142
130 527
129 517
217 471
130 165
279 428
246 319
192 438
45 299
351 500
83 138
69 111
294 510
94 125
51 52
404 485
28 491
31 446
514 530
315 490
13 517
67 335
53 282
32 67
504 513
94 200
1 185
290 423
148 167
348 373
102 454
56 89
412 437
29 502
143 420
417 418
150 382
67 452
34 169
460 517
138 408
225 495
43 45
269 455
176 317
149 263
42 129
36 365
38 187
362 525
347 400
170 388
105 329
61 77
433 527
333 456
185 253
22 395
125 328
192 249
115 123
165 331
289 355
262 308
334 399
5 229
49 129
82 312
308 339
256 472
222 479
225 306
132 209
144 411
245 509
424 505
381 421
6 374
8 416
376 499
29 317
218 303
447 534
397 430
301 395
67 500
162 282
271 288
183 342
148 303
50 378
451 511
290 435
44 258
107 477
190 388
179 374
61 237
85 321
496 530
256 400
261 401
148 424
165 228
216 310
33 48
457 509
131 440
156 485
112 159
4 308
10 214
34 531
238 381
81 479
26 236
151 231
30 321
21 171
145 172
58 340
104 221
50 319
195 517
159 174
115 377
33 433
260 485
52 165
262 399
308 412
116 270
74 276
93 379
43 509
9 100
265 438
127 470
158 189
187 514
372 515
180 504
267 282
1 78
117 235
294 524
415 431
457 461
363 498
13 41
42 87
197 347
84 154
181 474
179 322
50 411
42 515
135 248
25 530
191 518
45 497
145 196
5 242
178 278
93 498
371 406
431 505
349 497
463 500
198 200
471 485
212 480
394 525
128 248
240 508
205 452
182 469
326 405
38 306
327 470
206 296
260 263
2 127
49 191
403 522
48 246
216 229
72 101
420 430
179 226
26 58
50 532
204 407
77 228
104 475
214 296
262 414
365 505
218 393
223 370
0 428
217 235
68 452
92 414
84 236
101 530
448 531
194 410
273 301
167 345
43 368
188 409
167 351
183 264
74 453
289 505
361 420
215 330
291 355
291 336
9 395
119 484
200 378
113 342
271 407
254 369
449 510
202 355
194 388
464 508
259 517
71 534
185 518
123 527
243 423
126 400
323 361
235 438
287 385
220 295
5 87
262 395
34 490
276 332
105 428
281 284
186 403
84 209
224 484
111 385
98 232
140 516
138 382
363 435
295 355
39 59
177 429
372 491
0 532
124 324
105 367
11 424
275 404
168 314
381 393
258 290
165 459
2 303
114 456
166 466
207 238
227 514
28 518
6 427
206 475
156 347
312 499
230 481
265 296
87 419
182 388
132 408
25 59
23 307
186 500
213 389
34 329
52 417
14 306
15 364
22 106
37 53
88 437
307 462
275 440
245 261
54 280
469 522
63 66
118 224
390 433
3 383
8 234
166 493
148 255
443 523
28 283
316 348
418 459
111 269
169 259
340 383
231 506
434 517
54 456
62 232
12 179
372 416
297 449
28 51
148 517
189 443
115 471
370 386
314 353
238 433
90 98
137 219
514 528
25 388
324 442
12 185
41 294
331 514
303 511
100 208
471 515
292 323
278 316
248 416
271 377
259 265
68 285
118 375
99 248
90 312
288 387
393 513
374 503
43 319
78 157
20 87
29 88
112 276
88 473
330 344
113 172
445 491
25 224
201 297
87 151
242 354
132 391
430 508
171 172
365 442
17 471
174 245
79 142
282 413
181 327
339 457
168 374
200 367
119 467
73 183
14 410
156 412
9 476
14 34
16 121
322 467
316 338
15 21
223 349
419 472
9 210
290 402
112 400
441 463
166 270
52 182
200 307
30 516
79 471
13 69
162 331
387 450
0 78
272 365
57 494
176 496
224 483
125 390
130 157
32 212
236 365
118 232
5 75
332 350
303 510
332 394
191 265
66 477
69 393
58 526
149 278
176 495
35 358
312 417
62 222
432 435
195 331
16 90
39 99
27 238
265 510
164 514
104 404
404 450
183 367
207 447
346 419
446 465
247 410
4 256
212 329
28 39
292 504
11 501
280 361
230 490
424 511
19 425
303 332
95 146
66 498
254 370
45 330
175 229
511 534
211 335
346 508
133 442
116 180
3 319
120 523
91 238
31 519
172 313
115 365
331 352
291 535
37 472
161 486
32 288
349 491
66 240
50 239
59 65
93 464
8 331
274 465
199 223
85 187
234 279
427 440
2 327
183 491
244 252
342 519
210 512
272 455
106 174
258 408
334 358
441 465
21 293
244 447
371 430
173 293
186 377
88 526
262 494
200 246
154 257
126 514
10 71
399 501
27 209
123 438
382 385
78 391
135 200
325 331
103 182
431 467
111 476
166 413
293 395
83 172
2 59
210 507
148 514
198 373
242 507
347 528
315 486
293 311
1 451
54 81
33 233
37 467
248 356
272 348
448 507
157 418
148 529
158 171
154 214
50 186
40 213
86 161
100 525
17 36
6 95
126 176
141 341
65 471
91 217
84 416
27 37
266 456
220 316
81 379
54 400
72 85
205 284
177 420
171 205
89 455
125 347
399 430
389 423
7 362
202 235
75 460
158 331
9 485
430 479
282 527
358 525
238 481
467 485
6 280
22 65
27 73
70 125
130 224
321 507
18 413
166 279
1 208
341 451
213 253
274 404
68 334
257 366
385 523
246 518
28 465
14 68
299 371
208 216
4 473
332 340
90 397
3 348
308 433
113 227
113 411
307 389
30 150
60 418
26 410
215 291
138 373
126 352
187 379
410 437
224 360
168 226
327 355
159 360
62 102
228 336
46 338
448 485
401 415
94 498
25 193
298 501
193 460
6 476
300 434
118 386
65 141
42 125
73 182
80 489
273 510
234 434
212 307
1 41
92 430
126 477
284 476
340 431
410 469
233 422
68 81
137 319
217 272
136 146
210 442
192 453
113 389
453 454
69 194
191 217
173 363
309 398
133 153
420 512
88 323
445 507
81 420
220 400
60 243
194 224
164 515
428 445
131 349
385 471
144 150
278 367
172 415
304 390
118 273
226 403
71 147
66 275
53 220
236 342
320 527
282 468
148 193
339 346
237 521
79 90
182 394
202 375
258 302
178 416
128 374
15 262
426 489
347 361
64 183
283 327
450 474
13 369
17 363
217 306
158 280
46 367
92 360
22 244
331 469
151 320
79 381
185 382
267 302
130 195
174 485
52 221
306 442
30 110
505 518
146 290
96 162
271 374
310 479
45 372
104 151
176 182
15 517
464 507
103 298
74 518
87 527
123 431
53 107
2 210
357 415
180 188
494 497
10 132
253 257
145 327
421 487
77 224
52 304
155 400
154 296
117 224
20 44
17 423
7 534
148 235
20 335
59 121
206 403
255 432
82 104
9 451
184 493
119 449
266 441
86 254
352 458
0 375
442 488
210 462
9 346
101 438
92 267
299 323
83 165
75 233
74 465
248 329
64 288
29 299
36 158
126 275
191 288
338 369
69 320
425 507
182 501
195 352
232 279
232 523
20 143
342 525
287 394
336 384
457 516
125 492
38 497
46 385
28 318
393 481
77 292
43 525
18 281
100 120
137 340
221 275
243 279
222 440
346 464
73 261
24 513
345 455
133 299
7 65
9 85
31 521
412 481
99 208
211 212
308 411
126 375
360 425
11 204
3 55
100 463
27 167
277 481
23 181
87 521
52 156
334 480
79 370
165 377
177 199
93 128
77 410
58 353
41 107
62 136
29 386
23 400
443 444
285 425
307 386
467 532
227 305
243 376
55 269
75 376
109 473
183 465
374 421
165 311
100 218
373 475
92 171
74 90
178 529
484 534
104 359
96 159
20 247
445 527
198 531
201 440
233 371
226 412
27 433
179 338
76 148
44 229
32 483
26 300
63 418
229 532
190 495
40 240
183 315
13 337
200 306
70 260
57 470
239 419
319 526
106 172
147 370
149 471
292 467
148 365
77 348
272 307
35 235
29 216
126 170
33 182
214 274
149 217
109 205
28 493
37 73
266 373
172 478
15 410
90 489
166 416
5 344
111 468
111 181
215 268
365 399
57 89
304 414
123 399
52 278
92 218
142 360
86 325
89 469
252 413
205 240
155 170
424 514
175 494
58 178
126 332
56 468
172 180
84 283
467 531
72 358
148 433
195 490
2 67
272 510
49 422
336 374
130 495
85 274
149 535
4 171
121 513
339 501
40 488
299 337
200 474
316 441
302 492
247 345
181 513
137 159
10 24
274 478
405 511
187 210
249 531
45 211
47 165
259 361
37 520
230 345
39 354
27 278
305 501
96 496
201 442
293 492
134 204
12 42
324 447
344 353
192 240
97 254
371 447
121 188
182 356
192 487
241 263
89 171
80 198
107 398
132 425
22 210
120 480
419 521
28 461
194 345
485 496
313 491
165 371
177 297
303 343
294 530
164 231
304 535
237 288
207 234
240 429
113 314
383 426
183 516
205 231
500 515
254 520
152 177
36 449
381 512
104 331
188 251
98 231
481 524
429 445
481 490
3 451
42 55
4 363
259 426
323 399
446 473
83 496
330 359
9 68
79 100
220 495
183 447
199 451
369 505
397 484
236 355
379 454
157 494
193 366
264 420
252 362
76 242
322 424
248 532
112 263
80 280
94 524
134 362
292 469
196 489
49 342
230 339
439 449
8 236
51 64
101 153
234 421
12 274
171 309
438 473
251 532
120 379
11 52
55 306
120 190
174 308
42 430
119 387
36 146
87 104
159 456
161 277
63 259
274 462
179 379
3 517
404 439
145 450
389 506
30 93
302 378
32 398
338 387
95 166
159 402
391 506
205 335
56 366
32 145
368 450
107 113
223 359
54 365
64 83
299 501
81 522
161 420
453 499
43 263
75 224
384 390
429 525
4 535
85 320
174 192
48 235
33 317
94 445
299 529
138 430
264 523
104 457
267 349
72 285
299 330
150 492
321 453
349 396
6 459
328 379
84 344
163 505
150 477
380 447
113 299
71 490
19 39
251 502
91 507
28 149
123 306
185 220
346 478
134 401
281 374
283 486
207 534
66 283
20 327
3 481
106 419
232 252
165 392
118 179
11 324
193 458
366 496
438 486
96 367
59 107
220 420
65 305
206 490
197 477
91 145
66 312
101 498
46 266
181 366
116 522
261 389
86 234
131 340
63 87
0 146
249 360
235 386
380 443
154 237
146 326
303 401
451 502
128 358
345 399
247 358
147 420
402 534
379 395
216 268
278 333
152 481
132 139
328 368
87 355
276 534
110 325
382 460
30 406
182 216
382 528
199 215
374 444
71 88
213 338
440 524
404 437
322 369
279 290
398 414
314 461
156 409
172 176
206 245
30 450
217 388
120 158
263 527
229 419
151 273
324 419
56 530
118 173
386 393
182 247
210 389
164 256
137 244
29 350
125 406
39 514
40 414
271 505
131 510
163 259
427 510
452 468
169 198
154 181
310 375
163 418
151 222
45 377
323 494
164 353
236 345
71 83
219 334
279 298
434 527
26 54
21 271
132 489
22 71
278 484
27 520
228 404
254 408
181 357
23 388
108 297
67 246
342 427
461 527
55 98
206 263
38 424
141 245
343 382
467 480
196 421
80 255
150 217
196 417
500 528
2 432
204 427
185 421
67 139
27 418
210 298
44 388
55 371
13 330
366 440
194 267
192 323
143 532
49 343
79 275
385 454
19 512
39 217
424 479
410 443
344 390
69 223
221 513
115 342
17 281
34 161
192 227
275 392
244 460
160 311
147 472
174 341
39 172
316 415
74 433
399 472
324 443
34 288
97 404
158 495
220 300
258 273
231 307
204 345
304 400
79 166
92 133
339 414
181 361
275 387
158 508
30 240
358 361
202 402
49 522
206 528
239 344
125 288
48 58
74 348
128 235
189 468
229 424
186 307
123 170
52 241
70 284
58 105
259 314
24 251
173 395
261 533
65 487
57 460
290 526
301 414
373 426
124 298
384 491
205 401
239 311
73 316
11 290
115 462
29 144
398 403
73 191
281 530
258 351
234 417
141 211
329 522
280 510
301 463
100 368
505 526
397 461
202 362
48 386
132 377
202 386
193 341
204 205
115 273
100 180
44 130
257 315
42 78
394 490
112 463
139 301
428 475
27 59
218 284
139 383
133 437
379 455
65 377
470 493
431 436
331 432
81 233
151 264
274 479
45 534
238 291
270 362
257 318
409 417
13 219
136 354
219 478
168 478
98 467
436 458
13 535
40 93
381 450
205 216
53 346
39 230
270 400
115 160
295 331
337 438
216 471
353 485
75 282
280 472
429 514
332 457
138 349
69 387
364 399
191 269
156 514
196 392
375 419
258 296
255 277
113 282
295 413
174 470
291 433
118 433
2 439
246 449
321 376
24 308
277 380
332 448
418 484
389 481
151 435
10 534
77 227
219 479
384 513
109 167
213 344
46 507
134 249
0 329
44 99
13 245
243 442
142 418
348 478
24 215
250 295
94 394
64 91
373 405
409 501
206 322
90 276
291 391
310 459
4 164
255 467
115 349
403 469
364 389
130 272
406 432
114 502
445 508
302 322
165 503
148 372
277 389
250 252
203 268
240 325
23 217
63 372
300 352
60 408
10 165
227 505
393 528
84 114
281 461
389 428
44 317
172 314
5 395
343 438
130 343
28 425
471 507
6 329
255 351
268 372
44 339
236 419
183 413
424 452
219 294
167 259
391 425
185 309
130 163
36 412
367 460
78 155
114 461
445 461
175 358
157 462
0 434
82 414
369 472
68 161
406 507
112 411
263 525
283 353
31 75
249 340
144 160
188 468
425 515
165 282
84 439
356 412
71 75
460 516
325 394
207 513
34 152
195 449
18 387
216 335
53 294
252 346
39 114
221 412
107 378
129 320
126 138
235 504
102 433
43 501
13 444
290 486
408 413
179 263
215 354
138 452
166 494
12 409
340 495
223 255
218 530
180 476
130 221
261 356
132 525
146 246
198 388
18 487
83 278
263 316
319 436
167 348
102 118
241 268
348 416
145 532
287 497
179 404
27 325
386 473
375 487
131 527
319 372
257 274
336 409
364 448
148 234
104 448
206 420
117 229
461 508
236 251
150 358
129 415
35 524
212 487
218 226
69 478
4 331
134 519
165 337
189 255
2 426
91 181
99 219
216 397
144 350
222 475
67 171
23 128
19 424
469 497
360 533
362 409
166 468
49 333
166 259
61 492
259 316
459 526
335 498
149 528
302 352
43 522
348 443
216 377
195 476
63 207
105 115
460 471
81 329
141 186
106 454
372 389
81 294
253 271
89 334
150 425
293 477
293 316
152 244
366 473
105 200
44 73
10 416
247 382
1 230
225 433
289 357
254 372
183 194
413 430
257 512
161 246
194 357
59 323
5 137
69 168
113 194
198 371
34 79
283 365
125 523
210 440
14 205
263 323
87 132
159 180
438 463
448 527
208 378
0 324
37 523
459 475
197 487
246 340
64 420
317 504
106 326
198 466
208 241
237 325
219 329
354 406
363 530
27 451
319 524
303 489
66 362
19 420
75 290
219 277
221 225
226 280
303 323
71 312
40 423
23 119
13 436
191 325
220 294
496 499
188 423
72 162
172 341
153 343
90 527
361 465
18 149
345 364
51 60
152 342
250 309
0 504
327 383
467 475
324 437
110 465
293 514
127 376
63 462
349 463
352 353
279 474
59 73
360 383
234 487
262 314
31 440
280 491
2 331
426 521
4 455
384 505
201 241
262 375
136 296
311 413
90 310
324 333
60 80
253 401
79 151
319 451
334 517
203 406
3 256
70 423
43 176
9 276
57 222
89 392
9 526
75 180
194 466
319 353
75 148
239 334
68 495
255 359
153 193
7 36
216 230
128 501
203 509
72 135
241 475
337 412
136 304
36 134
236 418
155 361
335 357
183 479
57 102
4 407
294 395
201 260
123 201
155 175
161 452
222 316
180 329
401 471
60 346
120 382
100 278
56 249
186 258
52 289
259 489
237 393
226 445
336 353
373 465
14 367
264 283
36 443
162 276
258 438
197 529
59 273
55 277
109 194
339 459
107 520
404 459
103 211
200 269
35 499
211 298
338 440
50 503
164 356
48 281
44 392
63 197
157 159
79 522
49 403
154 407
173 529
248 266
268 534
127 338
168 438
18 210
112 501
209 386
133 295
394 496
24 177
86 509
312 512
348 391
101 155
55 216
64 473
123 446
364 447
202 340
25 47
54 291
318 382
119 401
21 442
182 228
313 456
383 429
30 374
267 275
34 99
517 533
5 63
38 193
203 227
1 383
258 509
331 392
221 240
316 508
256 270
186 380
0 58
53 466
205 417
295 400
185 423
98 402
16 378
396 509
24 464
339 387
333 419
105 529
52 86
433 520
129 189
142 479
356 506
233 273
29 171
70 394
38 467
151 518
236 385
373 444
64 509
65 274
345 535
2 3
154 176
332 436
108 287
79 299
65 255
375 422
407 486
252 486
312 472
45 476
151 469
46 52
249 444
102 348
246 441
32 370
270 325
3 235
320 349
185 287
407 457
