476 4443
212 215
104 249
256 271
193 197
32 355
320 442
233 238
228 435
95 242
210 362
171 350
268 344
135 324
316 424
267 467
11 473
66 250
50 385
107 204
75 259
318 412
187 262
392 463
0 21
5 405
95 226
51 222
115 439
159 297
59 310
14 415
11 315
54 164
22 62
134 175
120 411
30 69
79 223
212 470
36 216
256 457
26 123
229 461
63 263
351 376
227 283
313 399
58 69
288 317
163 288
411 413
226 422
149 275
95 280
123 328
31 183
177 342
123 384
93 191
146 449
143 251
332 347
63 429
127 413
24 453
273 389
55 453
347 474
177 194
160 374
91 239
80 202
396 411
25 451
51 380
138 339
135 373
113 166
21 223
74 433
188 368
15 167
123 281
283 389
222 420
80 328
321 472
137 295
43 52
308 333
6 340
224 363
368 390
231 354
23 222
47 103
406 456
267 465
242 473
247 284
118 313
264 295
247 308
177 187
132 399
16 332
44 416
408 430
162 363
121 469
52 425
89 342
142 289
250 333
246 345
276 404
41 83
170 194
158 389
147 341
88 248
170 264
178 239
292 314
96 121
5 340
231 439
439 474
67 115
271 399
119 200
201 377
383 462
107 315
149 404
13 420
163 331
50 141
124 224
87 474
161 178
348 437
95 207
92 135
283 475
50 69
387 435
55 444
49 457
25 409
353 417
117 430
75 84
146 231
304 380
247 291
129 250
198 403
324 395
40 160
23 104
228 394
51 381
258 444
158 185
168 249
90 161
55 273
357 371
161 463
181 194
66 438
23 72
155 226
122 462
167 418
153 247
6 193
201 350
37 197
87 409
20 131
219 394
128 368
225 403
307 391
8 376
377 471
234 470
341 358
53 96
287 444
129 426
10 310
205 383
90 133
165 270
15 261
125 418
61 307
155 223
142 378
112 269
153 285
105 180
157 244
172 213
376 464
361 449
281 334
336 442
2 377
350 456
208 350
164 473
178 202
53 222
173 245
227 415
339 471
47 330
334 464
182 314
31 182
223 470
136 442
171 182
84 399
334 420
134 283
28 333
27 325
35 441
67 238
172 315
63 149
354 401
134 200
59 349
233 251
11 397
41 449
15 335
50 253
46 182
165 201
5 327
8 114
46 196
41 79
284 353
305 453
337 356
128 151
424 472
26 395
69 398
131 246
332 384
7 92
14 355
0 330
64 353
111 439
136 449
174 395
203 472
72 470
35 191
217 352
145 389
103 277
69 382
352 444
200 392
132 349
118 427
61 234
93 435
3 106
230 376
112 372
187 241
36 332
273 313
166 317
69 425
289 298
118 298
49 100
79 316
22 64
344 397
8 412
38 413
33 69
471 474
124 251
352 365
303 464
139 169
7 36
11 52
230 403
264 391
281 320
73 275
62 359
142 439
257 264
113 206
431 468
130 180
65 125
209 223
165 327
13 294
24 95
62 162
163 451
203 255
377 412
228 392
21 362
3 324
18 188
53 396
333 355
103 331
235 420
4 281
46 342
330 412
310 383
23 352
214 252
140 360
179 227
237 258
268 432
87 468
11 38
93 362
254 391
219 415
56 348
355 452
226 247
355 382
58 264
215 395
259 294
185 301
388 412
192 303
157 240
14 92
226 290
47 471
224 318
94 234
139 340
265 310
197 404
142 390
104 459
173 342
213 381
317 452
84 145
174 425
205 460
357 398
85 120
240 437
326 400
440 442
124 349
252 424
4 474
103 185
12 441
270 279
41 147
23 209
37 172
166 392
31 48
69 80
73 474
256 410
24 458
280 406
70 185
99 217
82 214
55 383
77 467
122 141
206 464
110 320
368 458
75 472
225 288
212 285
356 471
360 411
367 454
224 393
168 203
68 312
53 317
250 471
29 113
270 334
31 191
253 456
202 323
259 368
345 439
221 290
22 376
356 374
167 341
89 330
47 53
29 413
331 475
179 189
198 268
161 260
76 367
22 347
80 298
27 84
271 365
8 85
71 306
64 385
35 52
245 464
354 402
115 406
70 364
139 206
137 288
251 426
239 456
59 383
220 227
161 412
73 400
202 361
89 377
10 440
84 416
285 403
124 257
116 234
95 110
340 403
227 463
77 329
2 412
316 369
256 315
141 318
249 356
389 452
64 144
196 285
40 401
186 246
92 337
82 416
270 377
105 107
170 398
374 410
384 469
272 336
266 291
132 365
152 370
334 445
371 372
392 401
363 449
369 456
342 431
317 429
82 306
41 196
82 341
90 362
209 468
220 347
323 340
17 466
34 79
247 340
37 84
8 168
111 212
18 432
64 191
16 340
131 418
170 418
4 314
240 259
97 377
48 437
53 428
373 430
117 142
350 475
97 325
233 393
141 242
235 273
129 201
59 306
180 266
87 385
167 336
36 403
28 394
47 198
105 288
205 343
108 351
262 378
0 154
113 400
70 184
65 256
294 426
19 386
81 188
274 376
84 357
211 391
338 422
220 279
63 259
344 348
17 210
169 215
76 272
55 174
18 314
275 305
206 336
269 417
52 367
63 451
372 424
34 315
60 286
208 215
385 410
63 335
193 288
29 326
22 83
157 398
156 379
176 183
33 195
107 233
244 264
150 281
159 286
59 222
426 474
45 145
111 414
57 91
14 122
163 207
266 437
70 169
214 216
342 453
392 410
37 473
77 421
103 115
69 191
1 119
324 349
322 452
194 196
6 447
276 402
113 474
38 130
254 425
215 238
334 366
200 363
281 340
25 116
253 375
81 133
56 338
283 334
319 323
37 248
296 344
125 351
28 77
127 226
86 270
285 330
300 385
233 427
256 286
54 318
67 419
158 385
121 234
122 135
155 434
139 157
27 235
102 349
137 216
53 454
9 289
3 99
153 372
356 396
191 318
55 108
52 376
110 427
51 340
375 410
253 287
63 207
348 387
171 324
97 422
149 338
77 359
333 427
10 72
17 425
13 260
354 439
67 343
359 387
51 271
263 391
80 207
42 297
6 286
299 382
31 455
195 325
126 433
121 189
164 475
246 351
215 438
398 420
53 405
41 76
209 416
61 218
307 378
263 400
262 289
99 284
138 264
304 373
54 443
129 323
98 218
134 211
362 384
52 422
319 416
290 408
244 364
54 458
120 124
270 318
262 472
23 327
32 260
288 291
309 436
19 446
42 219
263 398
67 432
116 380
94 446
259 321
172 330
42 449
210 433
145 461
22 42
75 342
232 393
0 184
230 381
236 263
128 324
72 386
177 376
271 428
308 366
129 391
111 175
266 461
39 110
85 452
192 215
76 355
97 106
351 356
308 339
356 398
77 443
201 238
411 448
193 381
357 403
375 464
61 212
90 243
353 373
9 106
43 94
193 401
223 327
220 336
235 466
22 45
6 55
49 439
66 143
398 429
145 173
359 462
197 413
112 182
267 408
68 446
157 192
114 191
293 295
172 180
328 361
275 455
417 435
221 316
13 290
167 419
206 468
44 389
226 407
17 168
224 457
82 319
240 361
225 369
83 91
196 380
464 473
79 217
180 355
13 190
167 176
91 396
206 305
11 291
284 390
11 217
31 401
271 463
80 416
47 327
45 288
128 305
215 246
205 282
12 63
93 379
69 460
372 415
45 48
174 274
63 67
210 331
129 249
30 92
275 320
266 298
111 465
196 302
18 153
52 446
61 447
30 171
142 365
17 435
43 147
71 267
94 258
444 462
5 108
84 346
73 323
218 434
7 285
76 208
52 362
43 273
138 375
71 166
136 164
158 335
92 145
10 233
67 195
267 433
10 116
219 472
58 445
101 417
54 329
423 455
201 215
377 466
3 394
22 324
323 458
176 409
236 423
141 381
60 445
35 338
32 162
53 455
8 456
260 351
91 173
16 39
128 394
78 348
161 337
234 382
172 352
115 259
305 320
44 274
94 280
85 462
89 105
312 437
79 179
125 424
24 210
9 96
21 113
388 465
110 448
58 140
59 256
44 226
191 451
194 258
220 333
225 232
108 163
98 114
237 368
183 451
151 363
65 349
296 386
80 400
141 402
57 209
211 350
135 347
255 368
209 375
438 467
242 426
61 92
33 329
19 51
180 314
88 463
141 198
12 98
98 371
77 291
44 314
52 345
44 275
126 185
166 359
3 389
209 302
321 415
23 347
45 76
125 464
175 242
360 461
195 404
93 286
16 335
234 438
63 70
13 337
0 200
322 453
2 134
400 420
413 440
43 226
4 373
78 154
172 249
290 404
70 297
429 435
76 454
26 470
33 87
48 245
152 271
4 441
48 265
16 100
243 329
182 453
204 313
320 376
110 440
216 281
67 429
159 332
263 376
270 452
23 196
217 288
193 458
127 290
46 454
144 469
146 364
325 458
73 159
233 300
64 175
2 366
174 465
155 466
0 104
130 269
15 361
141 289
220 379
188 394
415 472
17 280
61 305
184 350
4 96
390 397
45 387
232 250
162 408
159 325
28 275
21 288
369 454
146 198
136 153
142 237
333 459
335 396
257 466
109 168
192 333
67 204
70 388
151 228
151 206
117 158
109 349
20 140
203 278
255 305
134 267
239 318
55 210
19 154
57 87
37 370
59 295
72 91
232 432
7 475
113 375
5 179
276 435
34 406
49 243
29 433
41 170
94 235
31 313
53 237
146 251
11 14
28 67
106 235
176 355
116 319
158 187
172 394
183 278
156 210
263 368
162 453
253 294
169 418
24 64
203 390
214 320
244 328
317 359
202 312
148 222
104 108
125 345
180 353
106 318
132 155
355 374
100 463
44 258
97 161
173 355
57 327
250 264
381 426
320 413
70 314
233 428
96 333
12 104
17 443
1 72
289 403
144 164
105 114
107 210
229 392
238 306
84 310
55 308
219 276
173 375
126 205
128 388
371 431
33 169
114 334
198 201
38 344
331 447
186 344
247 404
286 335
125 380
141 405
98 163
185 219
19 460
41 343
47 420
247 320
250 429
200 344
86 271
254 382
81 470
105 423
211 435
220 416
115 427
21 221
26 425
222 372
68 301
54 449
152 250
68 76
47 52
21 107
90 339
14 228
44 397
155 258
160 453
41 66
69 104
58 102
247 406
140 270
243 266
376 448
34 242
256 423
67 252
187 395
242 324
216 338
120 270
124 335
128 204
88 132
110 136
295 422
194 336
64 189
51 313
264 341
194 419
70 125
175 241
190 310
87 446
13 222
322 448
359 382
140 391
333 463
13 86
247 421
345 395
76 231
147 208
121 358
96 411
262 283
17 123
265 412
147 423
101 144
133 385
48 319
117 223
122 309
438 469
38 306
5 467
10 192
84 224
51 454
86 339
32 231
59 264
12 235
213 435
78 81
332 373
187 304
81 258
11 26
68 370
153 323
324 404
132 259
40 115
3 124
252 402
309 325
41 186
185 341
0 149
305 458
186 196
154 190
122 269
149 217
45 401
27 222
129 351
177 432
91 92
59 218
315 419
198 286
139 456
244 421
343 402
285 360
196 314
198 248
210 251
17 37
34 212
201 319
238 398
227 303
288 453
127 258
104 242
133 378
40 211
164 394
105 451
152 452
364 405
24 401
352 398
32 188
60 154
140 357
30 304
27 386
218 283
318 345
62 360
51 321
91 208
186 413
206 421
393 421
118 165
143 396
52 349
148 161
251 387
0 273
160 403
91 93
16 88
136 384
301 415
128 349
106 157
149 447
342 422
66 300
25 45
187 413
101 301
272 455
18 229
57 107
35 334
178 250
24 322
145 472
328 402
68 463
61 318
157 181
252 381
167 183
171 240
27 142
160 219
181 221
444 455
225 419
49 196
161 287
221 307
122 184
19 329
103 374
117 321
300 356
35 239
108 462
155 284
137 367
374 413
118 129
11 102
75 441
196 371
40 367
131 330
305 312
48 416
36 459
281 395
401 432
152 345
348 380
134 219
209 261
127 285
54 446
338 407
189 235
255 433
351 454
110 462
178 255
286 450
88 228
286 381
199 375
141 275
249 312
10 381
151 176
286 392
31 320
138 367
40 175
287 304
62 291
143 177
136 273
24 395
43 267
126 359
146 299
33 188
245 312
162 423
119 315
63 153
372 396
227 280
132 421
262 362
167 288
66 169
36 142
103 104
15 24
343 382
259 305
103 347
387 469
426 442
58 465
170 377
211 286
131 337
342 439
8 99
73 434
28 93
85 260
319 459
69 309
411 420
234 420
149 381
187 390
62 347
11 358
5 120
85 208
35 384
77 242
118 269
49 304
104 356
260 416
50 389
362 383
26 81
150 462
217 281
386 445
99 355
44 62
158 189
52 382
181 368
88 140
42 121
213 219
125 408
99 201
82 293
84 243
251 291
39 243
127 233
59 166
165 412
153 398
87 243
355 447
166 323
156 434
70 327
52 101
259 460
306 428
150 389
73 379
235 345
144 378
189 230
356 376
393 424
140 157
27 319
117 146
234 279
337 451
319 391
395 431
96 191
284 385
27 239
76 230
131 471
92 328
42 440
8 331
184 248
248 394
102 357
103 436
210 378
270 433
98 254
162 282
69 419
4 223
159 198
194 217
20 324
183 391
26 188
27 42
23 399
85 233
66 422
239 334
436 453
353 362
409 421
29 310
204 353
252 438
336 421
71 177
196 334
236 300
358 452
186 262
378 381
122 322
242 392
261 395
347 443
208 396
77 204
23 234
466 468
125 163
390 404
15 122
129 150
254 453
266 425
158 400
19 93
38 356
21 337
323 424
158 238
97 164
110 206
218 401
61 290
223 362
85 277
408 441
131 432
85 169
303 356
150 358
93 393
125 134
95 348
80 296
101 338
26 116
100 401
296 335
29 172
74 211
20 269
16 342
255 453
230 449
290 463
372 433
278 297
431 449
138 409
212 440
195 228
260 283
96 418
7 355
188 266
107 284
3 270
77 192
100 297
11 373
41 434
149 234
114 273
132 230
106 375
87 436
75 218
383 384
207 301
36 447
218 363
150 271
193 382
404 413
175 288
284 408
128 178
127 318
76 315
73 380
110 207
51 384
43 286
97 460
47 107
137 168
92 301
65 275
13 457
175 392
11 329
274 315
49 195
352 416
244 318
3 242
47 252
7 408
29 391
106 389
4 175
186 279
44 295
41 206
188 444
161 468
275 399
228 475
349 428
66 366
47 178
81 288
32 205
32 174
295 411
107 239
4 356
157 388
153 307
255 308
212 429
310 326
95 423
32 98
258 438
218 471
226 435
391 395
221 354
97 464
120 326
15 263
123 168
131 414
49 329
64 163
80 423
376 441
403 405
87 377
302 393
26 316
51 234
138 239
23 85
93 289
201 452
291 320
40 61
214 332
24 172
22 220
230 408
211 358
117 305
216 392
38 210
30 437
28 145
240 425
73 417
328 346
63 276
153 444
271 403
198 314
24 257
326 391
149 156
114 415
167 170
113 146
35 132
33 208
336 395
235 368
93 212
267 369
414 438
18 43
291 394
159 228
150 330
264 429
286 423
204 408
4 297
21 135
4 418
53 229
136 467
8 353
258 340
177 178
40 120
186 228
363 443
111 396
19 301
102 312
99 181
11 238
28 129
174 361
194 331
96 322
254 325
72 389
41 174
407 457
129 451
34 334
259 310
126 468
33 425
379 393
295 413
147 395
50 185
167 217
236 387
381 437
33 37
144 371
199 405
162 283
35 287
64 284
110 275
169 395
6 167
81 468
44 406
40 299
96 453
91 203
128 401
62 181
47 173
20 321
63 140
160 250
301 325
215 232
1 82
19 463
264 401
120 280
84 269
153 387
47 434
17 75
10 176
79 277
50 415
67 410
30 102
106 400
310 404
34 430
411 440
210 297
69 174
53 75
32 424
180 399
52 172
24 29
75 372
127 192
60 351
119 221
25 239
72 221
174 325
252 272
144 331
249 372
4 8
239 354
198 313
9 263
7 155
69 304
114 188
191 233
186 470
109 383
172 305
390 394
142 145
82 469
86 386
140 465
126 168
184 192
97 414
112 413
122 466
362 398
306 453
252 346
75 448
77 142
363 422
143 343
305 311
176 407
397 440
376 392
65 220
277 340
218 247
439 463
31 266
337 453
336 373
148 256
170 327
202 213
81 159
346 422
350 376
354 425
192 237
148 335
277 358
318 369
219 385
288 351
45 63
403 422
271 427
148 403
397 472
188 366
219 379
92 180
97 300
25 246
202 398
181 451
402 417
180 420
53 275
137 472
284 455
325 431
169 465
62 464
1 384
52 160
46 156
35 417
117 423
263 409
240 342
154 259
192 422
279 300
187 260
10 431
283 336
377 474
209 323
267 471
46 316
150 320
345 452
119 259
207 241
279 394
85 122
54 94
273 420
130 362
391 392
372 435
347 377
308 320
108 399
98 175
234 282
301 436
25 342
45 384
49 317
184 351
170 370
152 461
97 232
65 124
230 459
149 244
155 234
356 404
83 423
117 375
303 435
97 328
269 281
47 449
8 471
95 166
130 218
235 347
149 204
143 337
448 463
281 335
63 197
20 141
3 232
84 109
36 68
23 117
55 76
96 296
144 435
216 441
68 134
59 224
4 185
245 336
62 224
301 448
160 271
76 212
72 448
311 335
391 393
330 469
260 379
272 456
336 342
413 455
246 323
8 52
337 403
49 361
210 434
5 454
14 304
20 469
176 339
191 396
215 294
125 305
345 364
246 254
123 189
164 430
20 201
105 162
42 253
217 414
125 277
435 464
288 381
35 468
66 273
107 220
355 412
6 472
99 245
14 245
321 463
51 442
106 144
322 323
369 433
155 276
245 357
112 259
9 66
256 439
188 240
347 351
200 313
89 285
42 108
285 472
40 88
43 347
27 162
43 92
137 284
20 440
239 301
175 346
3 220
168 229
0 97
59 420
93 396
240 403
4 433
360 451
50 203
45 154
19 177
79 463
37 205
63 291
339 340
109 344
262 303
15 40
173 208
231 414
233 264
270 393
292 385
254 434
193 457
208 330
263 431
23 413
17 25
254 260
33 148
218 258
130 361
49 433
191 461
37 348
4 410
213 456
94 160
415 452
27 301
61 125
71 214
71 304
46 142
330 473
274 318
39 427
357 465
3 229
300 330
144 320
164 262
183 212
378 456
78 377
24 333
119 299
55 345
207 263
238 466
30 292
134 157
51 98
238 246
74 262
197 253
58 135
152 207
29 345
41 109
201 351
141 224
112 233
102 280
94 214
327 387
288 358
84 319
210 241
448 459
196 448
84 151
35 242
225 371
154 421
87 402
85 343
171 395
352 430
138 378
285 431
10 408
48 288
34 383
348 354
10 198
26 268
100 380
243 467
7 158
150 272
82 162
212 274
41 428
0 61
66 110
337 435
152 180
33 451
71 432
41 405
258 449
109 144
47 81
429 438
319 344
410 411
23 410
26 441
85 338
75 452
51 251
234 321
187 462
218 302
249 398
52 375
405 468
346 369
56 310
6 344
122 474
334 385
26 436
30 188
131 372
61 475
98 297
424 446
277 326
297 416
59 93
15 349
77 466
293 365
10 305
336 475
152 168
15 297
291 400
181 437
173 402
22 114
82 142
199 406
109 244
299 305
118 175
14 266
11 193
197 264
56 357
177 459
64 107
136 441
117 195
62 99
299 388
114 263
42 118
78 339
143 357
109 381
261 312
27 457
82 431
264 377
184 437
291 334
395 402
39 345
69 407
300 309
232 326
128 303
374 394
305 347
251 334
112 434
40 379
173 416
188 235
176 448
232 420
41 247
264 461
26 444
18 178
291 417
11 338
105 190
235 421
128 316
42 267
122 379
6 341
194 470
99 261
70 334
343 405
9 166
191 354
249 315
94 210
381 453
266 450
334 450
386 443
76 435
248 448
155 173
304 371
78 200
189 452
209 332
136 256
133 244
181 334
358 415
90 278
248 310
58 162
25 168
6 240
69 260
267 419
274 377
223 320
378 448
69 166
230 398
9 361
120 317
281 371
175 179
36 410
238 280
36 145
37 138
152 227
92 277
214 368
4 141
245 423
208 379
236 377
18 96
138 247
206 349
301 305
218 231
121 146
264 468
152 162
310 313
193 460
31 74
121 142
55 107
402 410
118 293
0 355
314 420
243 431
332 444
165 426
251 354
64 212
190 294
233 413
51 349
199 211
346 385
92 279
43 305
37 254
171 451
251 335
87 294
365 373
141 254
198 388
203 238
299 427
222 390
79 303
103 355
293 430
210 425
13 306
52 181
386 472
82 407
12 294
397 402
227 360
329 373
237 280
230 426
62 466
134 380
78 321
114 465
92 177
404 461
211 306
207 348
310 393
60 300
400 443
231 461
180 252
364 373
76 385
372 441
367 403
186 407
210 358
90 433
31 96
265 332
72 207
49 300
76 373
46 310
94 391
120 319
346 454
273 474
220 284
160 334
237 334
180 417
81 218
90 273
71 79
127 201
67 165
350 418
440 455
38 142
354 431
59 187
305 385
285 448
135 207
1 283
8 239
218 399
26 227
223 392
5 209
60 204
213 347
59 340
51 230
209 409
3 17
111 333
207 333
109 215
83 173
314 445
217 258
313 360
26 407
242 270
65 136
154 197
30 434
188 216
278 293
18 103
79 109
337 414
167 442
144 190
49 153
360 379
68 188
193 353
110 321
207 293
350 453
306 397
246 327
315 375
50 260
96 410
298 467
62 366
33 299
393 431
230 359
359 436
116 298
159 238
111 202
94 293
24 55
73 132
92 256
29 452
271 300
255 287
150 291
45 254
163 387
13 37
117 353
80 257
80 332
174 281
252 299
220 432
143 388
354 429
119 321
297 305
245 347
165 465
237 419
163 380
210 252
104 157
362 382
43 312
51 325
210 328
164 313
146 347
140 232
418 457
17 114
345 354
380 381
49 232
303 354
240 416
27 341
156 293
83 201
161 173
17 412
243 408
39 252
250 469
9 51
178 311
80 118
245 343
275 282
193 275
21 326
15 465
204 432
239 332
118 397
37 337
23 422
86 322
84 103
149 322
383 430
83 407
315 416
110 434
22 179
58 126
91 344
441 469
202 287
281 412
55 279
306 457
243 428
105 397
117 283
138 369
128 236
229 438
216 433
64 458
32 352
40 369
197 346
67 454
178 322
50 77
262 357
299 337
322 346
2 390
177 308
360 420
205 242
103 303
434 446
400 472
282 323
97 185
41 315
57 255
117 360
116 220
108 156
75 469
5 66
15 41
43 422
97 112
231 462
389 419
19 147
102 473
20 466
92 299
370 422
100 304
38 337
12 470
125 333
14 475
103 276
381 430
420 441
206 395
242 475
129 225
149 466
65 368
175 223
20 188
97 339
93 400
139 396
375 445
393 442
363 365
244 367
144 369
231 236
316 399
21 143
53 152
2 475
35 136
24 184
379 394
31 241
176 354
55 130
209 266
319 466
15 320
154 365
12 306
94 309
71 391
37 178
239 463
378 472
67 285
53 438
6 360
27 272
34 245
217 474
100 317
169 204
20 114
49 150
108 276
211 313
73 180
188 470
65 139
210 288
245 387
22 71
24 352
10 280
291 292
91 386
121 463
141 349
134 275
116 140
295 447
50 353
23 293
14 160
6 128
100 291
143 413
9 238
154 232
23 266
129 198
373 410
55 358
124 228
0 130
149 248
45 461
171 364
34 137
123 170
195 341
275 423
218 260
80 194
221 233
157 290
107 459
116 468
203 241
192 220
310 339
260 359
293 334
268 300
17 457
292 382
116 144
43 121
341 409
164 287
160 308
139 219
96 447
21 244
80 421
26 95
58 419
287 391
91 402
290 416
158 433
268 313
138 410
24 405
237 315
38 377
5 45
95 447
44 370
34 454
73 365
156 276
187 430
137 475
37 60
75 354
11 268
278 281
167 348
62 91
12 122
392 414
194 462
64 126
120 349
241 310
46 197
112 228
65 229
148 280
439 471
144 427
110 430
308 361
83 110
88 419
259 322
371 394
97 359
129 289
92 310
62 85
397 407
148 216
119 213
189 247
255 395
43 372
209 396
69 328
99 100
290 442
145 459
14 418
79 399
67 73
113 142
21 105
176 308
206 272
96 179
297 433
173 432
394 442
220 459
263 265
73 104
127 355
104 202
97 173
404 432
54 95
266 365
62 456
58 161
176 361
20 250
76 220
170 442
0 116
378 418
28 127
22 456
210 470
122 152
201 305
137 240
43 384
12 259
347 435
16 138
3 440
328 452
3 81
20 79
58 334
211 406
156 368
109 237
90 260
104 421
5 75
45 116
118 424
111 363
198 206
289 425
103 141
67 68
31 97
361 454
275 383
201 295
63 73
38 181
182 357
189 385
162 205
316 427
10 190
7 380
226 253
98 115
162 277
6 264
31 408
184 340
172 258
61 425
129 466
91 428
29 380
269 442
11 68
133 268
23 235
381 468
207 329
42 234
29 411
239 294
162 467
282 467
314 368
211 273
45 310
198 207
185 466
92 300
262 379
37 403
27 358
242 378
79 474
55 231
108 242
290 410
146 356
112 216
304 456
113 399
240 369
156 287
224 331
426 448
128 365
15 457
386 456
135 159
167 471
158 218
332 466
261 344
115 212
2 56
367 463
146 159
91 221
258 356
34 96
249 386
182 259
18 378
439 470
214 288
206 436
49 158
84 395
189 335
44 369
181 256
320 379
40 414
63 119
18 142
256 324
347 354
223 419
194 244
264 276
417 441
98 415
51 374
193 402
46 85
68 403
37 419
90 409
75 175
12 258
171 434
407 462
346 351
257 298
130 471
66 180
119 459
324 427
118 316
188 363
380 422
97 246
438 447
300 419
262 449
192 291
249 383
104 388
105 436
7 420
167 468
185 380
385 418
89 259
294 404
219 442
107 167
293 330
69 92
174 232
177 439
124 215
156 303
26 125
103 328
60 372
388 423
60 232
2 457
291 315
16 77
77 102
137 305
7 322
71 134
70 85
177 462
320 386
237 313
319 475
91 220
311 420
112 132
188 344
8 51
253 430
14 395
201 399
97 115
252 369
64 474
274 415
37 410
106 285
362 364
150 444
122 315
365 418
416 447
66 118
240 251
59 365
234 311
53 378
37 301
177 404
51 129
210 321
18 302
47 407
119 190
259 452
208 290
29 331
272 474
160 169
131 216
85 153
142 171
250 472
97 417
104 209
298 359
282 448
225 307
170 217
226 311
249 382
110 170
31 68
89 98
54 83
161 283
84 138
27 234
48 376
272 326
92 94
43 348
89 140
351 414
237 302
132 436
184 470
15 364
387 463
134 268
358 375
231 244
115 131
373 393
36 77
1 422
176 400
180 285
36 408
209 330
62 415
207 456
301 460
31 310
309 441
125 226
51 114
58 475
348 456
210 399
385 448
133 180
3 287
387 466
35 416
4 368
223 421
220 240
19 156
417 447
97 219
277 448
198 307
7 209
209 461
218 462
394 473
163 253
73 300
53 450
88 244
114 196
233 255
58 171
153 328
192 206
362 423
92 214
200 266
85 396
151 320
34 278
226 318
205 376
232 404
118 475
388 440
153 422
397 454
43 74
8 66
264 348
118 368
369 370
64 127
396 422
108 302
131 286
18 135
176 336
28 159
245 411
107 303
0 146
117 197
183 444
47 157
311 323
78 155
140 350
32 229
5 212
32 370
13 24
272 350
417 448
371 418
265 458
100 217
104 165
81 238
15 449
122 432
10 281
40 338
283 328
108 449
88 278
250 351
252 336
307 324
3 161
164 222
26 181
158 405
10 128
187 342
375 473
352 440
191 450
73 79
63 446
395 433
394 395
365 417
88 466
257 314
214 337
225 459
90 363
67 373
64 203
104 207
85 231
250 445
242 442
284 449
44 204
159 414
131 260
201 218
16 423
24 290
60 119
54 272
169 420
156 291
312 340
106 344
381 458
48 240
392 448
285 386
54 141
154 245
199 467
291 351
242 420
357 361
373 475
149 261
8 385
51 96
217 302
315 318
137 293
148 203
69 406
13 143
236 422
237 473
394 433
39 405
63 99
28 198
258 307
16 456
313 414
83 123
393 413
61 150
189 420
25 316
194 232
47 317
14 273
141 376
90 474
136 302
267 366
207 294
172 215
67 99
405 437
36 463
113 121
46 459
84 468
14 397
11 86
156 386
28 162
49 355
27 147
32 116
188 347
292 310
75 282
32 153
141 201
19 438
89 465
98 410
106 152
48 87
353 402
48 316
365 457
98 209
197 444
157 187
62 334
218 414
132 222
55 188
253 334
219 446
57 271
3 335
124 272
175 472
245 415
143 158
95 419
337 367
40 472
115 158
325 436
127 415
122 436
287 406
124 129
298 475
321 338
241 297
189 446
357 431
219 444
80 317
149 247
23 376
205 284
1 400
48 213
42 428
405 414
337 382
275 419
137 434
45 457
8 373
92 151
232 329
208 466
12 383
290 474
188 320
191 248
206 296
49 322
46 90
193 400
298 331
46 59
178 285
115 235
24 107
93 186
317 470
233 302
31 419
15 417
27 210
2 369
120 415
100 371
154 233
189 238
164 389
217 460
86 398
198 412
108 229
47 460
123 297
156 376
225 434
27 327
35 161
119 196
203 405
313 471
51 337
116 316
16 436
63 373
64 229
94 379
151 259
25 126
246 459
172 313
127 301
158 316
211 393
18 254
222 431
2 454
250 464
64 233
154 217
268 409
49 187
256 384
71 322
299 310
130 340
319 473
151 165
37 240
151 211
207 465
288 417
44 231
122 204
266 467
109 470
90 301
3 62
214 393
168 377
72 87
258 349
54 161
176 451
119 406
180 296
41 230
263 373
28 123
103 237
146 448
190 446
215 353
79 454
189 215
50 377
206 420
237 469
28 456
246 393
96 156
129 137
9 170
101 165
161 389
138 146
123 324
62 231
144 202
175 429
36 385
166 230
26 235
146 250
169 267
267 321
253 298
118 254
73 411
111 114
29 216
416 433
51 112
122 303
364 438
258 292
252 339
298 425
41 271
442 465
135 454
215 315
148 417
294 459
11 180
56 451
121 278
2 65
72 474
110 359
10 160
271 414
86 176
58 163
50 59
173 414
92 378
109 278
315 360
243 440
197 211
292 408
327 394
277 463
27 71
210 238
130 239
395 456
74 304
183 282
85 88
233 406
134 142
230 464
137 270
359 376
99 326
20 338
67 444
267 397
151 234
109 417
67 465
155 393
5 28
242 341
71 413
357 363
15 294
105 191
106 467
52 429
202 242
242 345
315 380
173 315
38 150
194 366
301 347
402 442
93 421
210 404
192 255
213 230
162 281
239 475
8 453
373 433
20 369
84 139
136 452
42 120
14 370
17 239
41 62
36 282
91 342
61 147
0 264
113 382
415 448
152 304
191 352
162 249
386 442
184 399
46 423
202 473
381 436
369 416
245 268
284 369
153 325
305 425
99 293
2 99
88 240
6 139
40 155
172 254
412 446
322 417
109 324
30 124
187 355
145 449
70 381
76 83
219 254
116 433
18 28
3 299
207 355
60 402
26 230
1 389
240 460
23 261
60 429
258 412
167 231
271 420
24 128
196 306
201 417
156 297
184 464
48 387
201 221
181 310
171 250
344 440
334 391
329 450
272 441
235 434
86 392
109 118
332 387
180 188
252 404
202 380
57 466
94 469
23 172
219 235
146 337
193 230
21 374
32 120
15 241
31 276
234 255
286 394
382 405
254 305
305 403
1 299
115 193
334 426
208 426
29 337
41 100
150 178
389 399
224 269
50 197
274 352
162 292
140 449
28 475
19 461
215 337
85 420
71 404
167 307
3 76
36 450
25 389
75 405
214 469
148 412
120 240
73 475
194 374
34 163
71 315
197 295
7 167
30 126
70 124
72 302
127 156
37 134
9 62
89 127
102 223
64 240
122 205
44 86
34 151
141 207
330 443
362 367
126 355
140 346
397 467
117 274
16 285
123 145
346 367
148 306
17 84
37 335
185 349
23 31
63 212
64 473
383 450
223 351
250 407
97 186
361 412
22 199
128 462
49 72
227 251
236 428
36 426
55 115
173 364
39 52
303 358
273 451
54 202
18 272
290 296
116 288
81 436
17 45
157 307
67 392
29 159
125 259
61 107
99 195
288 393
96 225
98 294
146 424
39 275
30 363
122 389
219 454
121 441
11 199
329 465
184 415
447 466
96 382
278 370
157 223
256 320
372 423
52 370
179 288
283 434
114 221
461 472
174 268
315 369
46 232
102 153
197 313
166 183
122 409
14 213
338 387
310 315
48 251
219 373
2 361
326 348
343 390
201 245
29 218
79 306
185 187
41 151
172 327
222 263
213 233
145 391
321 376
281 432
198 422
30 426
34 57
21 470
277 294
204 449
57 319
147 380
83 101
272 347
48 161
436 449
72 279
234 347
196 471
196 352
268 434
45 416
49 170
54 429
63 449
403 449
195 473
114 446
313 368
40 149
40 290
61 243
220 395
174 389
60 331
22 126
10 306
65 323
69 171
46 72
4 57
12 356
67 341
120 169
280 360
85 117
124 345
127 431
263 332
178 209
61 323
18 164
371 385
104 371
38 418
206 372
60 126
151 253
163 213
17 159
12 434
276 335
87 365
120 174
257 319
121 223
155 261
229 324
196 248
248 414
446 465
129 411
299 367
68 447
326 346
192 233
422 435
61 239
222 247
100 403
93 301
13 381
289 471
197 257
56 394
243 301
81 399
183 224
24 376
13 144
100 437
78 475
55 344
243 380
442 468
156 334
19 199
50 233
99 196
41 352
248 321
39 332
61 203
217 328
335 412
191 286
70 80
39 360
295 350
80 208
17 126
17 383
186 294
5 450
89 138
269 473
157 169
26 59
3 435
6 316
110 470
376 414
76 89
70 375
224 243
131 177
154 283
222 315
93 337
95 463
8 169
221 457
151 168
88 131
397 449
36 194
71 217
222 460
77 169
27 473
239 454
47 378
149 388
110 202
140 464
48 467
215 237
71 279
138 190
292 440
144 241
184 310
37 196
102 106
370 393
182 349
38 403
226 309
68 426
131 446
221 346
154 375
187 277
62 206
228 401
56 450
256 373
58 82
437 438
177 182
109 399
199 217
209 434
151 460
54 224
30 198
120 348
222 371
21 211
55 173
77 370
7 148
145 396
261 376
28 78
13 102
148 352
22 222
208 214
388 450
84 451
157 348
239 406
134 424
274 326
80 150
361 423
152 161
109 445
13 135
269 344
196 362
17 307
38 359
209 322
342 358
150 315
24 337
387 429
94 105
144 379
206 455
413 459
136 322
371 426
121 301
253 442
112 184
47 149
401 457
108 398
301 386
44 128
251 260
119 127
167 379
70 401
68 363
277 461
15 248
134 422
113 150
35 61
36 259
85 290
23 325
236 277
321 437
296 411
62 225
14 401
399 400
420 452
185 256
445 473
127 309
107 134
30 360
71 440
88 401
230 411
133 335
281 380
209 411
143 397
303 399
306 439
103 130
49 236
204 443
7 273
122 220
433 448
12 17
308 363
77 317
46 178
324 330
404 419
42 81
253 434
245 363
147 382
190 439
27 182
302 452
173 314
232 237
96 241
159 465
96 377
90 259
22 122
13 226
208 405
159 244
9 407
299 351
290 349
8 263
127 218
99 473
250 331
101 138
219 220
31 154
168 256
290 308
138 203
38 318
159 298
211 454
190 213
145 419
113 133
206 373
89 386
206 284
219 440
175 222
34 183
46 79
276 388
242 447
128 211
251 255
227 455
178 332
290 458
65 351
379 435
308 380
144 392
108 397
106 314
33 464
285 471
34 306
265 290
28 368
100 122
308 346
290 299
226 288
20 416
114 266
120 383
244 402
110 386
140 413
58 345
35 331
308 408
237 382
142 354
362 419
13 470
82 105
19 195
15 458
137 452
183 408
86 294
161 446
43 234
204 376
61 245
113 267
223 437
158 468
158 432
151 348
206 337
104 437
109 257
315 405
3 263
262 330
80 457
49 420
392 415
101 227
100 273
111 344
4 211
82 422
221 377
35 37
12 444
271 443
149 239
61 157
324 409
388 395
82 343
117 275
124 422
73 312
170 435
12 75
177 347
44 123
30 323
259 316
150 240
372 421
168 302
97 249
97 317
355 457
328 450
290 346
247 446
161 333
13 286
330 424
69 389
316 345
216 377
147 445
150 376
140 459
45 418
218 225
43 368
37 400
102 368
66 468
179 292
105 184
149 343
47 63
88 455
26 344
331 414
341 386
34 118
145 288
103 244
149 224
88 405
235 401
47 384
147 274
109 372
284 458
318 427
386 416
95 313
16 462
101 374
58 268
222 306
193 249
257 353
218 222
38 436
48 120
288 293
180 423
158 193
128 252
231 361
59 233
139 317
93 449
422 455
36 475
175 440
154 182
349 406
337 384
274 311
191 402
85 423
23 30
12 102
105 381
96 232
45 261
133 306
133 328
250 280
120 397
0 265
75 231
90 224
232 300
272 358
84 420
171 207
42 189
102 232
101 214
57 205
0 321
151 319
265 284
229 249
416 466
199 398
364 389
112 241
363 457
168 295
220 345
76 186
119 456
454 470
325 375
377 428
78 128
29 71
87 181
36 159
20 88
121 387
178 373
141 236
101 140
267 307
285 318
166 237
285 444
123 321
73 340
381 451
48 382
152 247
100 142
30 65
24 461
128 269
216 284
84 368
21 310
178 212
263 269
198 453
23 200
31 341
92 465
222 228
346 443
131 474
77 131
348 399
121 191
142 425
317 398
27 59
93 355
18 293
358 362
78 279
117 372
236 471
6 35
57 455
107 285
124 414
173 406
267 342
140 392
131 159
114 442
96 361
169 454
27 237
138 145
276 283
196 319
87 108
153 304
4 197
98 194
156 320
233 426
151 286
8 399
222 279
130 345
144 300
153 355
130 398
165 209
290 334
201 349
217 335
253 300
4 450
61 409
31 108
126 209
193 251
172 432
83 94
46 289
227 473
159 281
49 239
264 352
283 378
56 349
84 467
142 343
284 461
194 333
381 410
114 239
270 423
6 206
155 229
87 146
225 313
206 473
235 380
133 415
98 330
212 454
38 320
250 267
387 443
38 278
30 248
58 81
42 328
50 270
9 307
12 317
273 442
160 431
75 248
80 223
46 169
40 239
54 405
11 62
26 88
4 435
63 372
105 292
261 392
51 187
227 276
256 340
180 449
246 337
235 253
321 466
72 413
132 255
131 306
66 340
352 369
122 380
132 247
169 296
199 245
57 88
173 230
19 145
285 465
286 325
211 441
156 308
146 219
32 440
92 159
205 436
232 235
338 472
307 375
297 366
158 273
348 356
0 72
57 186
32 83
218 226
153 347
62 320
64 251
278 439
300 337
78 290
314 391
66 440
212 384
154 203
75 280
61 411
308 399
193 238
126 462
33 135
121 206
30 72
284 334
131 181
6 47
384 443
243 298
79 381
31 44
198 462
99 259
175 415
191 208
245 319
317 453
40 164
410 433
92 422
417 466
120 339
172 455
199 288
25 86
145 397
34 279
433 473
118 332
168 398
269 317
26 64
85 317
372 450
234 429
272 472
106 404
110 112
9 27
58 317
178 449
16 42
12 241
44 222
86 203
234 449
148 367
93 316
22 345
46 444
204 272
51 308
60 175
365 397
77 81
31 249
183 432
293 376
84 105
150 245
238 393
160 275
268 407
263 424
45 363
83 132
159 384
240 338
134 462
134 418
78 184
44 176
218 318
316 325
75 301
201 304
24 177
152 422
147 180
9 430
178 282
42 83
72 416
276 349
331 343
75 343
12 153
87 349
47 62
20 355
330 392
248 416
258 334
358 394
91 267
378 405
384 460
387 419
84 379
341 422
74 284
107 276
297 398
148 307
203 387
66 101
135 238
54 238
114 209
111 403
31 269
255 437
374 400
65 132
190 209
121 220
237 410
407 412
70 411
58 88
151 368
3 391
145 158
67 347
212 339
202 342
262 441
443 461
91 293
65 82
209 279
224 296
135 191
193 346
112 234
182 332
324 472
288 322
246 339
78 91
78 272
115 433
314 372
199 299
157 174
121 392
259 475
104 272
41 101
403 432
167 388
87 401
279 317
