541 6309
382 425
210 371
436 475
111 230
9 218
352 508
68 169
5 236
170 489
116 469
19 440
96 128
85 408
334 479
334 391
255 371
4 252
38 231
230 351
333 416
304 443
267 514
56 318
440 453
279 488
31 289
182 200
78 461
141 367
212 358
24 481
348 365
287 308
173 299
19 342
75 203
65 514
274 284
30 265
242 516
317 490
123 299
83 419
68 167
263 365
16 174
292 375
300 473
65 307
169 502
167 454
301 483
178 430
22 100
20 420
455 470
381 477
107 236
14 342
40 308
151 327
130 477
202 250
271 355
80 468
202 323
237 366
269 288
232 253
312 447
11 252
184 222
41 164
129 189
207 371
228 245
177 183
365 438
171 490
191 508
120 329
2 402
341 535
122 459
360 517
260 412
13 389
0 378
185 437
156 377
128 249
406 451
104 134
258 349
78 396
461 538
16 125
126 445
188 503
29 178
30 455
7 112
102 454
144 514
91 456
159 336
36 481
196 376
101 272
349 496
47 133
245 371
285 376
202 402
27 399
45 400
277 533
256 391
129 408
20 99
153 229
200 450
44 394
447 494
417 427
241 446
306 350
328 530
311 512
424 516
349 529
136 298
159 377
112 497
136 426
403 455
3 199
470 525
79 433
170 397
36 377
35 184
51 190
307 417
143 457
519 524
118 218
106 303
233 264
264 337
36 281
36 322
182 383
193 396
103 151
132 401
25 506
199 458
38 44
440 496
498 509
245 465
178 470
20 191
72 288
309 451
66 318
163 487
9 235
408 489
158 331
230 262
414 469
16 248
69 461
73 185
241 242
192 446
394 422
77 474
223 511
66 235
147 320
181 222
38 41
118 469
330 392
70 371
128 360
151 535
428 539
142 371
8 115
8 335
68 303
162 479
27 115
93 179
8 145
225 381
292 352
80 281
17 494
13 144
182 256
156 487
298 503
366 465
184 406
246 261
2 505
83 258
183 229
436 497
174 414
5 18
283 354
311 448
22 383
1 394
462 471
321 416
206 428
285 404
208 293
221 446
85 103
31 534
252 498
134 462
184 383
308 433
98 190
163 317
25 436
59 102
149 157
457 473
47 347
501 523
52 248
108 136
106 348
94 105
332 500
51 89
500 518
221 248
210 399
173 183
87 507
118 138
26 391
19 62
85 423
319 433
74 105
209 502
474 515
128 203
61 261
338 414
163 320
276 503
175 423
329 442
117 405
109 181
73 107
87 249
41 73
432 491
233 272
160 448
149 424
254 341
372 526
174 391
428 448
394 443
363 378
363 438
233 469
111 286
273 513
243 407
37 480
161 195
87 224
185 530
206 451
50 289
227 408
148 311
192 357
21 522
108 498
318 375
449 471
156 272
245 489
63 357
34 430
87 425
68 103
377 447
291 485
459 502
241 511
44 252
329 461
93 190
262 388
90 458
95 157
201 392
59 452
173 219
232 376
224 299
86 292
14 381
197 508
363 536
304 516
203 331
164 272
227 295
101 394
66 445
97 209
79 190
254 291
240 497
70 75
0 131
24 401
2 216
290 352
355 470
254 414
196 520
155 232
42 469
93 163
72 292
273 389
82 158
365 432
237 490
69 211
144 171
62 252
114 204
28 248
280 307
9 23
100 394
167 398
173 207
159 404
163 253
454 489
359 445
455 535
219 303
66 497
177 364
256 393
59 493
98 284
160 234
370 424
296 302
81 191
91 185
231 457
116 382
132 179
208 334
168 285
63 230
67 298
149 257
40 460
38 177
387 442
166 367
122 311
36 505
209 372
38 508
99 222
18 95
76 314
7 376
23 84
209 283
54 250
25 480
26 350
131 342
228 334
209 517
226 415
1 498
89 538
155 255
112 351
336 392
157 303
40 146
167 341
23 358
256 361
198 510
258 426
160 292
346 395
170 486
47 318
53 81
147 390
367 510
90 292
104 384
139 328
191 452
14 355
303 386
31 395
255 417
65 417
82 87
165 375
134 241
91 379
81 364
148 474
61 372
4 121
281 351
126 275
84 261
154 360
204 296
191 219
200 320
193 441
91 96
53 234
162 220
188 457
133 506
88 340
336 454
0 180
24 155
146 285
150 261
335 364
183 488
389 536
123 182
192 256
171 261
101 400
117 529
59 427
36 395
49 324
1 346
26 415
112 441
60 444
245 454
6 121
205 413
95 354
282 474
39 366
66 324
126 496
375 495
253 500
119 125
32 356
32 336
313 318
66 286
248 446
343 345
323 335
156 510
407 469
150 384
274 465
6 146
316 474
147 534
327 481
37 468
17 519
118 270
222 515
12 99
186 259
58 62
319 385
110 267
14 145
345 529
493 496
423 479
33 42
185 361
78 258
78 412
36 508
43 323
111 209
345 461
245 343
361 397
109 532
49 118
23 246
464 480
165 339
9 67
200 275
10 210
56 231
13 448
11 338
16 215
27 477
315 324
6 14
297 333
8 507
87 539
122 511
151 342
222 484
210 310
60 485
5 223
95 152
123 261
104 502
143 185
368 385
237 297
347 377
356 534
104 212
195 366
62 282
248 300
347 504
317 484
94 239
432 450
321 373
500 534
458 534
212 216
59 215
54 95
164 517
7 350
28 42
121 538
71 100
414 480
117 173
295 515
356 405
226 535
352 442
118 283
49 348
317 384
312 531
14 318
419 530
379 410
96 225
92 158
283 321
56 327
144 231
172 411
97 115
127 389
271 525
270 511
359 385
230 256
111 221
360 513
6 530
55 470
106 428
97 255
351 507
239 311
56 126
40 396
323 325
299 526
207 301
319 437
323 458
404 435
132 311
264 402
50 392
203 457
196 315
13 491
10 524
139 451
104 308
354 421
198 306
126 227
14 465
291 410
248 367
215 427
75 478
130 309
101 265
210 271
196 293
278 376
70 243
122 468
6 117
51 535
200 478
277 297
4 228
237 388
264 339
61 413
194 514
124 190
311 401
116 275
164 478
44 522
494 509
27 182
112 117
409 490
117 240
5 115
154 248
108 239
282 458
261 332
13 56
210 256
12 94
60 297
65 353
21 526
431 451
269 475
31 349
121 131
136 480
66 403
276 481
189 323
254 363
30 281
138 326
262 305
143 490
56 308
31 253
149 503
276 521
161 539
101 117
283 491
467 532
11 434
177 408
153 531
387 481
149 248
148 293
78 255
349 409
145 435
173 222
104 456
328 373
177 283
236 320
112 466
150 469
246 248
66 379
162 451
473 520
123 355
35 500
154 492
118 154
264 333
164 476
425 467
11 53
259 512
213 441
451 512
105 278
132 163
39 318
366 519
497 511
163 165
41 281
36 389
238 458
171 489
150 344
52 146
168 499
165 392
173 516
89 325
382 510
44 210
143 419
275 377
25 505
207 364
53 375
15 393
241 519
44 73
338 443
19 149
157 385
68 225
311 392
219 499
119 517
25 362
502 505
116 355
114 418
227 360
173 231
58 368
212 530
36 376
155 195
209 425
13 145
172 196
133 212
156 452
239 377
393 417
100 348
109 272
223 493
188 299
104 389
31 223
283 468
172 442
58 398
146 318
135 415
1 232
151 508
156 471
232 348
1 516
449 535
189 304
43 166
92 123
108 157
197 219
227 487
306 315
380 419
313 346
217 251
488 508
172 465
127 218
58 530
209 289
5 361
507 515
182 192
150 332
77 82
406 443
345 535
391 400
444 510
20 141
208 377
14 84
74 187
33 337
110 239
293 466
161 513
339 536
30 205
347 424
89 137
79 502
332 440
150 185
357 464
511 537
282 283
106 418
39 446
9 201
403 410
48 302
64 480
5 428
130 228
109 423
415 481
108 150
277 423
109 244
308 508
23 308
66 534
138 363
277 361
14 30
105 537
316 348
172 257
147 268
445 499
333 381
144 212
215 396
82 328
145 305
131 366
212 393
352 477
64 269
363 457
149 220
335 391
44 315
299 423
362 504
214 303
327 492
128 438
23 452
69 406
261 538
175 459
414 430
340 456
368 386
98 409
97 118
263 352
61 392
197 199
65 163
340 462
342 360
213 400
413 523
148 504
195 485
175 335
267 394
11 154
192 287
203 517
173 419
327 425
107 180
71 174
42 370
133 317
359 485
323 451
372 535
240 359
233 257
18 128
22 211
161 369
5 282
150 390
30 224
12 366
42 367
35 510
252 488
44 284
98 205
190 268
244 339
309 423
45 412
316 480
207 398
66 224
158 181
34 73
394 519
174 199
211 251
94 132
70 241
85 129
13 347
104 218
174 305
237 350
390 443
368 458
338 439
33 200
150 424
20 346
73 132
392 417
409 461
24 73
297 350
145 154
324 458
308 480
489 516
3 350
56 481
117 371
119 252
159 430
239 354
138 401
120 528
11 360
423 516
295 390
83 338
98 413
179 236
86 394
79 447
65 399
130 379
79 96
28 84
279 364
415 507
210 351
56 507
250 293
89 201
0 522
423 490
138 403
225 395
376 532
34 214
92 504
87 368
36 342
369 505
421 461
47 513
222 383
75 479
319 446
112 347
425 474
88 444
212 222
56 107
104 247
145 326
405 425
37 86
78 111
465 533
127 219
254 365
63 237
158 369
251 384
381 432
28 52
155 444
112 369
25 119
218 281
286 443
307 400
373 388
301 345
64 289
144 211
140 402
86 268
24 34
7 144
56 527
423 466
298 423
331 439
365 473
514 533
9 394
284 372
108 293
8 405
171 372
196 201
46 132
52 189
407 466
155 284
206 447
88 433
83 283
324 415
58 446
229 370
38 249
8 461
227 407
57 138
77 199
62 254
270 521
449 537
472 485
79 192
464 509
37 427
215 233
465 528
329 382
227 507
144 397
191 443
56 418
109 255
273 283
138 219
219 251
41 381
159 293
68 335
272 513
289 445
360 395
99 422
53 510
60 89
65 253
14 489
126 303
342 538
66 527
273 344
166 455
86 344
35 257
346 351
13 68
235 337
106 400
275 471
122 334
14 349
460 528
186 443
226 306
37 47
502 528
387 521
48 204
83 422
141 238
47 202
278 489
4 532
316 454
156 521
151 436
60 76
105 308
143 353
216 266
24 531
80 333
329 443
35 502
55 415
249 260
218 531
448 505
113 346
43 213
220 376
247 398
219 274
65 536
64 66
331 472
192 475
13 459
58 145
15 518
121 128
72 464
118 165
321 509
40 208
329 524
396 448
380 467
220 233
77 100
337 405
295 428
526 535
283 400
137 345
0 367
230 328
321 523
249 468
29 197
116 353
95 536
303 424
251 409
209 503
210 450
72 407
151 155
86 321
256 496
339 394
75 525
17 289
48 182
176 370
241 455
104 149
24 453
220 340
116 337
216 234
497 539
112 290
267 473
292 518
137 503
477 488
196 445
218 525
130 280
206 273
63 151
139 266
206 353
204 356
270 425
341 475
113 331
199 493
34 357
10 523
241 520
115 356
188 246
288 506
195 346
19 320
286 301
45 256
380 533
315 520
69 479
269 341
211 468
506 527
287 396
22 325
101 227
24 152
174 466
246 373
30 80
428 480
30 241
89 107
77 505
491 501
301 534
423 481
99 128
128 526
133 327
21 418
209 224
15 363
71 406
30 125
79 374
461 539
103 447
211 351
64 243
244 395
36 392
106 269
13 452
109 208
190 502
247 441
168 528
329 526
309 334
13 287
35 504
114 200
34 295
204 324
237 510
170 296
387 482
144 306
40 81
309 350
271 426
155 470
295 448
135 378
400 464
350 409
454 518
83 534
392 465
236 255
403 414
87 288
102 316
118 122
46 460
74 339
250 255
39 186
338 456
88 437
151 205
126 398
78 281
259 354
281 503
266 273
373 463
194 510
157 202
202 279
98 298
126 318
33 394
1 455
338 427
464 536
191 390
97 308
263 481
156 459
67 460
100 255
119 424
13 313
235 439
2 6
396 538
90 367
145 221
213 519
65 116
319 414
120 506
396 400
311 511
251 387
140 414
33 290
293 416
121 367
181 378
274 374
314 540
105 460
48 231
1 352
218 225
146 359
215 493
111 406
76 151
196 380
248 263
149 161
70 469
34 135
81 143
215 538
198 278
415 514
42 452
40 279
33 224
194 261
214 391
110 310
21 506
11 354
436 477
278 482
319 358
262 535
134 266
151 212
12 351
295 442
176 305
224 245
183 461
126 360
280 451
151 227
343 444
39 52
108 238
184 296
326 359
396 534
344 467
114 433
83 331
135 325
52 161
436 446
156 478
71 217
120 509
71 101
444 471
234 485
51 148
366 445
295 400
154 474
255 459
243 346
188 318
95 507
226 328
25 492
97 219
255 464
62 226
419 475
50 107
50 255
243 432
453 480
162 515
213 458
106 520
81 263
0 248
310 526
278 331
313 340
193 290
198 292
448 474
192 486
420 509
195 365
194 212
247 343
266 514
241 515
177 476
30 109
113 288
67 303
100 341
2 139
255 484
154 532
94 482
166 373
336 450
121 394
407 501
80 505
13 531
176 488
65 467
8 83
107 477
83 215
390 402
42 280
167 349
316 460
425 446
131 369
258 452
368 433
287 361
17 320
261 505
4 317
107 343
13 271
81 337
185 200
72 466
9 529
138 353
53 395
51 220
395 527
11 245
117 450
318 523
314 515
131 319
4 34
215 531
282 508
331 365
128 247
26 67
445 518
270 346
99 163
89 429
87 407
244 450
248 334
36 152
204 509
43 258
309 356
167 527
40 62
373 512
133 166
92 537
0 497
56 101
96 312
318 504
74 230
17 89
377 468
291 319
278 327
399 494
132 197
2 474
228 434
221 408
61 275
65 303
109 183
269 324
191 437
93 193
136 482
258 483
79 309
13 193
221 462
306 448
228 332
167 465
113 115
364 496
247 470
450 495
144 341
332 498
11 412
41 58
161 436
97 141
382 451
211 473
0 309
198 390
90 286
44 493
32 403
15 438
4 422
242 382
101 236
249 512
110 389
203 482
48 148
289 431
10 257
220 395
488 492
28 125
232 301
155 432
214 361
323 430
35 243
108 477
149 504
227 382
519 523
340 414
110 285
110 304
66 99
453 492
2 80
200 538
259 536
83 158
65 537
69 81
173 519
323 492
198 379
483 499
124 402
51 390
194 487
151 445
31 330
249 338
253 376
271 402
107 325
7 267
297 378
363 494
44 370
217 395
403 540
30 467
86 213
52 200
163 526
192 513
305 524
16 316
190 509
461 507
524 539
298 470
95 250
172 319
172 199
179 370
264 420
200 269
14 408
360 495
494 526
49 262
140 350
5 273
22 468
127 405
305 431
11 169
102 385
297 357
78 518
294 457
232 465
34 472
119 254
251 355
134 141
247 405
143 218
195 303
75 332
231 467
108 264
305 307
125 381
420 463
118 315
209 278
400 469
72 121
205 321
18 522
307 516
447 536
342 527
26 386
234 248
122 317
186 381
213 507
54 453
197 358
338 437
203 456
141 257
100 493
358 440
2 457
215 255
91 161
1 59
300 507
243 275
5 275
421 528
229 334
210 497
22 282
319 434
307 496
134 424
350 459
197 243
367 407
116 169
292 476
81 90
176 261
217 278
434 471
88 421
51 55
154 490
3 121
118 505
23 324
220 289
426 531
365 373
5 446
374 425
109 438
28 324
32 62
46 74
125 170
168 175
489 540
148 196
24 299
120 268
60 521
13 102
140 301
78 248
91 458
81 253
360 498
350 533
11 302
216 418
67 444
132 424
196 495
100 444
77 84
43 270
56 238
359 438
21 423
72 108
330 512
416 522
392 450
45 539
62 494
117 213
89 171
209 487
71 316
193 395
22 484
111 285
110 234
90 447
195 371
9 92
74 407
107 356
147 343
33 476
105 170
159 491
209 287
201 505
88 479
271 369
10 31
61 266
139 160
139 348
209 514
16 511
231 448
217 486
384 466
258 401
138 315
82 250
92 103
89 444
208 302
192 424
222 392
114 509
55 89
48 159
42 412
53 242
177 182
78 527
112 400
394 411
234 497
173 482
168 327
31 239
105 480
329 454
152 214
492 521
41 331
410 489
113 502
80 210
249 250
473 510
95 241
21 421
13 219
274 471
126 230
19 315
337 441
344 418
164 511
39 269
263 389
523 538
35 536
32 136
284 388
197 376
219 259
343 509
99 167
21 417
96 152
117 347
71 405
267 399
261 367
30 209
87 181
16 48
121 269
230 511
238 369
176 478
51 444
194 216
118 181
10 119
172 325
268 333
179 506
47 179
318 429
296 540
53 422
344 519
393 480
128 511
205 252
6 205
5 177
9 167
129 143
324 438
113 427
55 210
328 384
128 514
144 512
56 334
327 398
346 440
25 120
108 285
357 481
284 502
74 114
394 413
366 458
239 352
234 384
84 196
279 505
92 203
279 465
331 364
76 105
155 398
150 466
259 448
266 449
285 499
68 102
89 354
380 414
206 241
303 355
194 525
75 293
259 270
368 522
279 423
36 442
266 528
41 150
50 105
367 450
188 321
38 502
8 165
139 337
348 514
273 373
259 529
60 422
189 285
25 357
33 164
183 411
296 434
360 379
487 491
104 429
54 530
274 278
216 432
21 302
0 327
45 495
254 418
117 399
75 169
116 369
99 464
90 237
173 345
124 307
85 490
199 470
443 475
145 227
29 448
54 388
372 427
14 319
158 237
278 466
288 369
205 363
330 361
368 405
315 461
127 454
100 133
304 528
367 506
155 213
47 516
1 344
134 143
480 484
94 306
197 381
174 231
303 526
82 176
54 294
113 328
205 227
366 536
72 497
88 122
154 250
126 356
371 427
68 284
139 476
376 434
57 510
142 487
320 470
179 432
9 64
87 390
436 470
228 281
93 499
156 381
75 509
5 202
9 505
283 355
119 412
227 271
372 467
137 210
200 287
130 132
135 380
160 216
207 499
374 404
322 398
475 489
145 385
266 518
245 513
137 413
235 266
28 486
260 373
77 285
88 129
82 473
251 258
155 188
258 390
69 401
166 475
64 69
77 435
275 360
128 260
257 493
260 445
290 459
237 470
392 422
213 266
213 215
160 462
429 506
233 515
226 262
3 269
372 436
412 539
180 286
7 177
287 302
29 242
121 222
95 328
249 515
459 511
156 347
213 324
13 356
277 473
291 397
125 368
102 425
236 389
49 192
30 536
209 370
233 449
342 363
277 392
142 474
303 410
26 158
142 328
91 333
230 265
19 22
19 341
191 336
280 427
32 86
256 285
339 521
43 392
210 458
22 522
337 468
109 445
299 536
187 203
277 535
384 395
96 394
140 248
115 122
530 533
196 464
27 458
299 493
19 236
202 398
76 85
212 487
218 250
351 402
309 526
330 389
246 437
36 208
219 425
43 151
264 526
194 243
130 179
161 238
95 176
380 393
133 523
151 296
186 522
381 502
56 266
232 315
158 515
160 530
194 228
343 414
147 194
460 538
323 354
56 115
73 370
21 332
0 167
63 297
226 427
280 387
258 527
10 212
362 483
121 444
344 400
62 335
356 470
264 430
56 468
316 493
8 232
145 173
44 265
38 408
50 119
97 356
25 138
59 76
93 316
239 500
96 477
151 293
213 327
49 336
344 451
304 308
59 81
37 500
222 518
47 395
144 488
116 413
333 440
182 276
61 488
112 288
139 489
384 505
98 170
134 280
264 377
43 457
4 400
136 406
52 261
199 244
7 409
151 454
283 447
275 370
37 337
169 266
80 85
87 450
39 289
39 152
135 472
48 351
242 251
146 151
106 457
61 316
314 492
181 199
92 174
10 308
113 429
73 354
334 487
257 380
174 319
134 227
45 148
278 492
82 111
112 150
263 400
11 417
184 453
70 377
312 333
12 34
90 445
19 29
28 43
85 194
39 112
399 480
213 234
201 366
282 533
494 529
49 209
452 498
47 511
15 226
85 401
82 116
41 127
308 379
82 205
355 533
194 289
403 417
215 535
397 418
256 325
74 281
393 434
383 387
82 460
99 217
418 488
200 395
269 346
127 305
314 390
91 535
7 96
170 193
101 313
247 407
368 387
106 254
262 333
40 414
316 498
342 400
199 388
199 427
146 412
479 495
33 389
211 435
46 457
186 234
161 329
390 489
403 500
50 231
7 379
267 486
426 427
211 469
158 361
19 468
50 284
156 265
13 469
242 328
290 384
52 518
5 461
73 422
186 516
208 256
259 364
341 496
69 438
30 519
221 449
225 466
82 371
207 308
367 412
454 455
122 520
191 513
97 360
9 283
405 467
115 514
37 402
297 413
162 442
136 517
152 243
220 496
81 126
222 382
301 355
514 526
2 322
188 265
60 279
90 293
281 539
140 529
348 534
79 142
95 488
165 492
159 312
16 448
152 157
8 348
87 377
121 135
121 273
123 256
21 30
99 455
215 395
159 349
109 414
161 337
487 510
163 512
209 470
297 371
40 121
286 315
103 521
95 255
267 364
400 487
178 288
55 343
277 369
190 519
151 424
66 301
437 483
185 188
170 222
268 287
48 524
244 316
73 386
248 478
154 455
24 270
375 426
257 522
118 247
143 313
205 517
164 313
455 473
6 276
44 217
144 151
83 366
293 339
128 358
356 416
196 271
203 534
123 503
1 483
146 250
321 443
149 285
356 407
120 505
1 473
2 403
99 160
93 278
145 399
390 506
248 385
397 518
487 498
277 363
209 326
15 25
379 444
207 510
196 311
51 509
40 390
32 145
99 418
19 80
345 512
27 459
198 495
75 202
128 484
153 434
439 506
161 213
84 311
117 331
71 298
336 539
83 475
31 133
35 245
308 368
164 447
2 434
124 474
189 345
433 468
3 279
88 174
317 452
71 346
75 102
440 534
72 99
105 482
304 411
203 455
193 450
129 185
279 320
136 341
102 415
113 448
340 500
171 231
229 249
27 268
97 331
171 422
218 335
423 448
412 528
39 64
39 469
436 535
166 199
339 412
104 338
36 123
71 99
5 25
463 501
68 537
251 338
206 440
151 534
455 539
141 448
179 468
141 432
105 441
119 408
26 153
205 267
215 373
250 371
48 297
141 433
273 461
130 482
7 429
399 411
23 350
497 519
214 263
424 455
442 443
136 238
311 383
45 209
319 452
13 404
267 271
68 528
325 459
340 471
152 166
262 404
450 521
241 415
79 133
211 301
138 168
164 271
201 496
107 126
241 522
379 469
59 129
371 384
288 406
31 452
298 449
29 110
411 457
79 317
287 345
44 519
359 496
162 422
24 110
328 447
9 192
115 498
27 266
348 442
72 351
51 257
302 346
265 445
21 457
155 233
183 538
239 254
143 268
142 420
90 421
380 486
205 478
226 531
216 453
86 405
364 425
253 292
153 398
344 385
239 280
200 464
450 499
73 161
21 493
208 469
301 306
81 209
145 432
1 239
300 427
271 441
39 511
519 528
290 451
74 146
186 437
163 399
84 434
319 441
273 540
272 469
63 75
324 493
14 530
337 458
74 204
8 44
67 264
36 348
248 435
37 233
56 503
265 414
22 127
146 396
204 372
143 396
37 481
335 387
97 266
229 516
116 485
20 528
112 408
47 356
453 470
35 314
10 300
218 366
67 516
225 354
89 456
111 345
96 270
58 475
37 382
18 279
260 459
120 266
256 474
513 527
200 416
104 521
69 490
61 342
484 490
128 292
409 436
2 164
408 454
245 500
48 320
47 314
131 286
341 477
110 459
165 491
171 341
533 539
120 352
61 288
49 132
278 330
148 260
39 380
473 476
103 436
18 249
381 504
233 438
249 255
253 313
389 518
314 399
11 85
302 329
192 355
216 411
330 510
53 75
24 524
254 343
73 200
44 101
190 459
335 450
348 355
106 410
147 203
414 435
217 319
203 363
250 491
187 394
93 456
398 493
32 246
268 272
88 519
389 437
6 298
262 464
211 499
369 467
90 194
135 528
36 263
76 470
50 100
136 224
82 443
61 514
223 291
250 325
26 262
88 431
231 243
293 488
120 234
12 164
353 360
21 286
23 414
312 393
87 494
130 489
165 488
3 337
151 462
299 395
21 169
117 518
174 437
191 227
43 340
345 424
452 528
378 471
237 268
51 371
165 304
314 323
458 470
26 440
99 218
308 349
367 396
227 268
8 429
321 325
10 530
330 342
303 463
67 522
344 454
20 85
54 502
146 235
55 360
436 445
411 535
58 149
54 493
264 336
364 492
265 271
219 317
222 415
90 529
126 288
63 455
314 449
283 512
328 451
131 132
219 378
127 278
125 410
89 493
390 498
9 31
348 380
442 446
216 269
15 458
460 465
330 470
408 492
157 252
228 431
355 490
472 511
9 483
185 263
232 409
293 521
174 536
167 332
373 408
246 514
365 509
9 375
29 65
218 338
241 335
64 427
137 458
94 232
243 383
490 506
100 132
88 114
21 342
502 512
81 448
107 485
173 336
370 460
62 384
57 540
202 315
205 236
427 485
183 478
90 465
60 178
487 492
57 330
128 319
333 500
103 406
309 524
104 124
154 439
11 259
7 8
449 526
417 441
350 470
102 429
185 414
187 296
126 383
277 352
193 452
110 387
336 474
47 400
243 409
254 519
226 423
416 428
349 460
350 386
185 524
68 159
35 515
135 138
264 533
180 522
135 279
349 387
154 376
180 470
10 166
109 470
143 189
86 278
59 394
244 432
356 477
175 429
347 391
93 333
38 85
241 279
53 380
227 304
220 262
199 383
373 524
240 283
218 386
40 432
258 472
257 272
35 358
88 424
193 488
129 301
470 538
152 320
154 513
33 157
235 351
38 320
170 445
342 498
208 275
215 335
27 251
287 319
350 419
314 534
228 506
25 435
269 313
188 239
163 212
124 278
2 125
209 222
258 499
72 321
316 382
248 416
121 397
34 50
332 341
64 141
286 373
199 462
19 430
69 527
279 482
18 283
410 530
158 490
345 473
96 142
366 422
393 496
16 257
221 337
491 506
292 475
427 517
53 62
344 364
201 470
223 415
78 313
82 451
425 488
230 331
43 162
382 484
0 527
500 535
14 271
60 511
336 523
304 378
280 465
314 350
234 276
10 87
437 525
373 500
68 319
391 418
389 395
257 511
25 302
245 292
192 202
161 390
323 360
53 68
78 155
119 495
463 473
420 499
328 369
52 183
435 510
143 452
90 480
21 77
3 241
119 427
331 459
148 169
275 298
54 474
125 382
173 359
420 428
144 365
339 525
82 219
68 424
173 468
253 359
159 294
259 419
57 288
180 439
237 377
220 425
222 287
241 377
246 277
417 512
179 197
117 383
159 248
143 387
295 502
78 390
115 369
210 263
374 424
198 267
471 496
147 410
197 440
178 403
208 440
184 375
368 511
122 125
385 443
317 476
171 444
117 119
234 306
25 411
159 401
239 531
141 213
96 540
69 353
124 266
194 424
191 347
211 247
414 456
183 364
17 236
124 242
92 282
358 416
194 508
320 425
8 27
139 155
76 412
45 228
42 189
11 427
110 347
88 259
229 528
137 180
51 298
410 445
157 276
28 278
14 115
381 435
64 486
44 189
434 524
251 347
12 337
332 359
128 194
201 538
120 163
286 355
1 51
257 316
196 370
255 539
68 526
173 227
194 445
106 493
36 188
172 201
77 456
156 465
17 96
147 539
347 462
318 464
335 517
331 450
245 516
352 538
46 527
302 491
188 444
190 386
268 389
57 350
14 201
129 251
52 56
373 391
104 411
22 91
132 182
69 404
13 167
24 196
56 398
145 457
210 221
19 83
16 294
280 401
238 438
293 489
16 490
141 288
225 425
114 169
30 335
218 291
319 447
192 534
72 297
476 526
17 97
93 229
330 496
310 495
174 254
12 357
490 520
395 422
131 380
129 436
63 516
213 260
62 265
312 499
131 346
194 204
290 482
284 362
249 349
24 85
291 371
412 474
403 470
246 341
146 461
279 531
93 244
445 459
291 456
217 257
197 236
258 536
290 531
289 399
220 398
2 363
65 216
259 287
103 236
268 508
346 485
134 513
55 223
249 530
62 166
186 472
274 478
400 483
12 292
63 521
109 285
162 307
90 212
24 529
211 477
247 259
260 387
271 382
61 358
8 153
252 310
325 427
198 476
39 108
27 393
310 330
71 448
140 159
112 474
167 456
289 301
331 527
75 350
163 387
149 488
13 80
32 87
12 506
181 336
381 529
40 150
145 404
140 462
90 497
71 520
31 297
23 349
169 432
75 445
37 332
397 402
52 410
94 324
190 440
40 132
436 515
236 394
101 110
91 105
60 284
328 413
227 493
39 188
161 505
197 310
247 310
146 507
461 480
331 505
325 509
228 433
64 367
253 344
18 103
160 200
376 441
2 18
178 393
168 517
378 447
382 444
78 169
84 216
70 166
145 283
44 234
43 222
227 238
292 365
98 474
267 342
216 353
48 111
330 480
173 309
304 334
100 354
346 393
361 410
45 517
306 498
471 538
127 388
47 114
146 490
228 468
60 355
206 422
226 304
40 348
44 434
329 422
123 298
219 287
257 453
403 521
80 271
66 506
172 461
196 253
118 237
220 349
194 370
94 188
15 533
53 305
365 446
162 490
177 263
319 469
186 327
165 223
251 450
283 285
334 527
63 407
199 370
272 415
100 398
324 328
156 254
450 457
291 355
94 114
284 345
30 173
138 294
173 188
186 498
35 192
87 246
56 86
128 318
3 43
60 228
421 437
80 287
485 519
235 253
247 402
174 208
55 422
315 538
4 248
470 540
263 326
41 188
287 301
139 409
73 425
94 468
71 188
139 505
148 491
3 59
0 540
125 203
418 481
95 368
183 383
178 206
67 373
34 207
83 487
301 364
335 351
80 456
366 427
153 508
15 178
211 335
348 515
58 324
130 142
193 301
103 498
67 535
53 186
445 510
128 317
1 447
82 305
67 258
171 520
197 497
342 413
13 392
142 257
366 378
3 100
92 332
108 527
41 294
79 186
170 374
262 352
192 206
10 359
97 362
259 474
137 280
71 134
59 389
61 537
26 539
461 523
352 449
335 540
314 483
214 374
149 219
173 286
45 467
24 25
127 281
139 460
11 270
48 254
127 317
67 328
200 317
103 404
279 303
76 221
378 452
10 268
311 500
378 477
25 158
42 99
147 407
346 441
45 312
12 271
328 386
162 424
241 500
188 480
201 475
23 404
68 287
233 431
201 453
502 526
2 43
307 501
299 530
56 283
235 335
385 437
192 347
132 338
0 299
353 358
3 445
182 455
206 521
6 55
41 443
340 451
182 308
228 256
106 235
62 481
151 531
71 429
110 235
0 348
161 254
39 337
284 288
401 446
326 439
224 464
116 518
353 379
28 106
21 91
9 268
94 419
232 489
19 246
209 244
247 440
415 535
27 48
142 532
31 451
206 323
103 163
322 526
83 416
39 374
85 172
204 530
359 430
37 354
458 532
517 527
316 419
261 470
301 385
152 177
377 523
36 244
84 231
315 441
122 416
49 174
132 519
456 509
401 407
34 508
452 534
216 278
136 304
110 490
177 505
67 503
310 423
84 511
250 313
194 529
22 410
110 530
143 454
356 421
33 159
442 494
40 301
88 458
163 318
1 160
254 300
146 190
10 153
35 248
4 123
113 293
94 251
106 452
86 93
107 375
494 507
45 532
137 428
161 351
232 293
128 282
166 416
244 510
183 213
34 528
363 490
93 131
310 373
97 287
100 234
240 426
437 510
428 526
407 486
7 202
272 477
102 451
208 224
129 513
359 494
106 141
71 441
1 143
295 480
195 344
1 295
207 440
311 332
217 316
165 424
78 245
63 191
255 266
192 330
160 389
167 295
262 417
32 243
265 412
79 516
180 454
46 151
169 237
122 447
10 492
365 369
390 418
58 534
10 194
162 438
164 230
218 504
101 237
230 400
353 509
398 406
249 288
182 195
227 380
30 167
189 373
171 464
43 117
164 385
0 117
248 506
158 531
101 140
375 492
219 422
308 533
57 149
227 311
214 216
14 185
488 494
34 201
160 267
25 145
225 235
159 177
2 208
75 133
205 435
288 337
441 528
25 91
95 154
65 138
299 417
261 347
30 145
213 360
198 451
2 206
84 449
212 254
333 478
106 113
126 273
122 429
122 255
2 313
207 374
18 378
138 486
132 140
157 432
302 347
15 341
523 539
87 464
47 423
128 316
162 436
53 471
96 217
225 531
273 276
500 536
184 297
76 421
166 333
62 195
406 440
114 537
389 505
145 353
400 481
199 479
176 205
444 482
97 341
158 422
213 461
252 268
282 331
46 508
239 269
265 486
312 403
17 376
222 347
47 185
179 425
80 491
80 241
135 532
211 534
412 448
261 461
337 437
147 470
146 336
202 460
156 469
117 519
201 341
110 221
11 311
281 360
167 193
345 474
112 453
133 363
151 163
2 365
470 515
226 498
4 485
187 268
248 304
119 309
399 512
31 62
181 233
74 106
155 439
433 454
134 168
64 244
351 506
310 421
310 320
151 470
377 411
176 226
410 414
114 480
18 422
53 515
79 461
184 187
436 460
67 235
161 354
271 459
380 388
243 280
21 63
32 497
200 383
188 486
19 379
93 235
448 493
250 520
193 422
124 204
151 199
184 399
231 250
22 506
135 267
70 526
11 206
25 370
24 311
207 336
457 478
93 204
106 453
87 175
83 232
45 496
71 124
182 510
176 529
341 394
107 133
181 194
395 529
184 515
201 533
146 429
122 129
336 507
179 286
64 70
303 321
230 392
105 189
338 368
127 435
354 366
424 475
235 345
113 142
396 495
220 475
386 505
327 344
183 378
211 293
0 133
214 272
236 332
163 395
114 214
367 519
152 311
241 316
92 536
148 336
62 523
89 143
57 213
3 176
140 434
429 446
70 288
159 234
207 240
280 310
334 437
22 502
179 463
116 261
340 464
112 317
39 84
147 453
183 456
140 207
114 274
122 133
270 292
299 332
66 503
173 435
0 450
54 248
114 376
84 223
198 312
140 388
9 186
215 283
142 145
183 210
103 127
32 218
230 531
169 403
356 367
35 124
202 207
376 476
306 308
352 459
72 359
184 261
8 353
363 511
302 354
189 414
351 497
280 502
135 437
279 510
123 507
139 382
163 315
92 401
258 383
289 414
29 441
67 124
122 327
142 262
299 445
26 118
231 406
201 318
12 210
56 82
310 325
406 414
96 486
140 417
50 450
449 532
197 367
396 528
99 527
279 475
9 263
226 444
322 467
380 415
336 440
166 252
69 277
239 498
49 480
426 446
295 336
227 416
112 333
341 538
72 376
147 195
167 380
279 311
61 480
374 457
20 406
392 474
47 88
379 539
494 506
225 409
267 272
173 371
73 155
31 499
136 521
25 46
70 202
21 22
165 539
47 461
63 274
14 51
50 387
79 93
239 440
155 201
13 294
216 364
81 196
259 404
349 438
274 455
115 220
127 341
277 321
392 493
288 432
237 327
119 362
149 323
11 130
203 432
272 533
192 302
4 17
201 398
124 341
309 502
10 102
80 428
59 347
446 482
149 416
3 138
34 402
168 252
55 218
6 422
14 538
76 532
38 533
17 346
40 326
169 281
42 49
443 461
407 538
447 489
98 369
75 231
180 352
75 402
136 237
129 533
206 450
289 516
353 536
85 442
329 519
70 78
163 216
364 434
284 527
89 120
157 401
65 509
3 430
282 375
38 431
369 468
292 382
292 532
272 507
27 470
86 437
72 140
43 540
26 523
156 425
51 296
104 410
246 295
455 482
198 388
405 431
243 459
45 372
226 446
484 540
31 105
58 86
489 522
111 227
216 277
252 400
157 421
194 329
463 528
18 203
233 462
182 401
85 321
78 335
148 339
268 443
132 281
9 422
51 103
272 525
97 316
119 413
81 163
46 369
44 529
14 486
176 391
12 520
66 322
202 224
32 409
373 445
447 540
284 294
32 331
90 402
60 361
102 336
86 448
54 313
359 473
10 180
113 480
351 527
191 321
116 210
349 524
55 166
233 312
38 56
37 452
199 436
141 145
322 521
230 261
18 351
207 289
303 399
403 464
100 123
53 208
88 119
345 467
225 455
214 280
517 518
341 405
425 478
149 430
77 477
128 141
353 425
2 169
136 290
188 506
82 234
104 105
228 504
131 147
181 306
49 195
227 450
3 341
103 458
41 537
60 329
111 539
57 528
481 515
36 512
87 524
58 485
273 318
328 490
74 418
94 421
155 338
224 316
163 329
106 401
332 388
354 472
361 421
82 297
239 441
269 369
225 314
90 130
135 470
56 337
192 505
40 175
72 125
57 305
61 290
390 491
150 455
182 422
279 491
25 304
0 77
248 269
37 331
96 211
119 285
172 378
408 435
405 452
71 165
43 44
134 295
7 121
217 425
11 254
354 453
447 500
193 263
517 532
60 128
167 384
101 315
61 196
29 115
333 427
3 268
72 279
142 409
101 168
74 381
197 379
200 249
385 492
44 437
67 352
5 230
155 446
20 482
66 326
232 470
105 286
305 351
323 337
123 365
1 60
352 532
56 197
13 57
408 455
72 468
308 472
211 228
259 338
76 201
136 403
49 418
44 70
43 154
170 248
516 527
208 337
104 363
27 97
192 375
364 448
68 524
135 274
143 211
40 134
336 390
260 428
273 493
83 185
254 301
131 350
289 407
92 421
34 188
118 366
18 325
94 154
49 266
52 294
126 460
36 134
244 345
49 405
17 441
112 146
120 446
138 329
253 518
8 202
349 469
198 456
23 125
101 448
216 217
1 185
159 441
221 343
208 383
191 360
176 332
87 486
97 184
237 290
458 475
274 446
35 80
131 477
170 174
235 274
36 107
150 223
157 395
262 414
65 348
109 148
290 487
36 129
369 407
143 195
46 347
371 447
149 272
219 426
211 521
65 137
202 429
5 180
18 67
161 256
156 292
364 416
32 300
38 69
108 320
6 460
75 327
27 109
452 455
300 440
119 223
274 365
115 186
302 427
122 300
213 531
25 301
44 528
92 495
429 510
155 317
347 384
202 230
149 436
82 520
257 261
433 460
45 242
198 461
149 533
228 355
100 165
149 511
427 515
304 493
83 301
35 168
13 282
398 519
30 165
32 323
173 306
30 217
55 427
387 423
259 284
128 393
61 64
197 229
122 223
288 368
16 317
198 307
143 194
252 333
363 433
29 422
347 381
356 371
404 498
87 231
44 427
30 130
58 469
113 323
20 30
202 316
105 363
441 478
87 242
244 507
143 395
73 315
45 432
130 227
325 539
448 528
120 285
9 366
302 506
339 413
51 365
210 483
98 153
378 466
51 249
90 463
96 254
3 202
179 259
31 309
198 392
138 413
10 126
268 536
98 376
334 367
269 423
168 523
147 424
227 394
144 453
45 96
257 277
85 296
308 350
24 271
41 291
138 530
250 539
111 145
207 530
252 463
16 178
320 385
312 441
346 408
214 505
190 460
114 434
75 526
99 148
233 274
194 357
180 191
173 535
191 295
1 55
116 331
144 428
335 478
23 318
61 281
476 519
70 499
80 364
141 536
294 459
52 123
202 438
74 472
37 509
70 510
23 406
398 449
104 264
315 400
36 266
62 502
78 236
293 453
135 334
137 297
52 473
222 253
337 533
116 349
182 310
211 216
436 473
253 414
317 338
264 465
84 212
300 328
109 473
8 515
91 118
65 525
12 24
289 520
275 341
16 277
361 473
149 269
3 304
80 228
66 469
163 300
326 358
158 370
350 452
205 424
429 476
98 374
18 323
7 358
211 376
74 84
1 74
348 464
192 417
50 461
159 480
27 66
27 499
125 365
354 357
94 145
257 384
12 327
71 243
111 537
76 109
322 384
139 322
139 500
143 521
208 296
364 530
261 430
465 478
341 360
119 284
235 487
142 483
118 162
363 366
127 461
20 183
56 112
295 522
235 276
52 241
84 137
141 358
15 267
205 339
62 250
185 462
381 427
87 504
35 72
462 494
104 418
45 435
450 480
137 400
177 353
31 538
377 419
147 443
215 229
342 467
127 493
235 363
30 397
52 445
90 537
130 259
355 526
198 480
339 421
20 243
138 497
311 352
164 338
270 283
366 481
185 305
275 491
195 307
39 512
32 407
77 464
152 334
195 394
138 227
396 527
24 77
175 286
44 213
235 294
171 239
125 393
244 385
34 338
141 373
50 164
231 390
88 218
185 417
325 538
166 193
126 371
246 465
2 303
99 230
286 535
185 242
329 532
81 108
7 223
27 450
168 187
296 424
356 437
213 371
365 481
435 449
246 453
204 478
120 239
480 498
168 335
387 512
83 105
259 344
222 377
268 434
251 319
191 361
8 246
240 427
101 374
218 384
354 450
124 501
0 472
107 132
83 330
4 528
32 197
199 385
368 499
251 471
253 352
202 393
75 490
350 427
62 411
474 516
81 320
284 299
98 445
138 192
184 221
397 536
231 522
12 119
77 452
147 375
45 367
389 491
213 233
135 408
335 446
201 456
51 368
56 459
128 447
275 509
317 442
380 437
262 447
85 112
263 324
263 266
243 484
116 295
179 536
64 429
393 513
106 404
403 406
328 402
61 321
129 381
216 359
132 422
20 472
87 104
77 281
201 272
96 525
126 380
92 283
33 309
11 35
18 234
240 449
0 494
316 385
387 494
105 461
147 345
92 136
51 316
158 322
125 434
116 357
84 521
154 438
118 223
230 470
6 501
317 431
441 475
36 292
231 302
111 233
144 520
153 534
7 385
160 233
51 430
271 467
73 426
20 535
136 399
108 519
275 392
133 297
281 308
479 537
17 235
27 250
18 190
141 397
51 71
128 155
193 454
43 96
15 501
21 29
167 226
86 247
112 508
42 399
77 453
416 458
162 450
257 512
351 392
23 190
370 376
422 459
9 269
245 477
234 348
260 477
256 482
172 513
152 270
278 445
238 344
295 408
8 226
10 15
200 479
252 464
102 489
245 252
177 198
107 461
334 353
489 527
8 424
273 443
61 492
31 298
397 457
80 233
484 497
81 270
177 417
296 527
54 126
259 273
187 329
117 368
184 455
431 490
47 479
285 538
15 64
343 349
120 393
202 441
101 153
388 399
150 199
178 478
253 403
437 533
79 404
322 488
18 252
226 473
82 263
314 384
205 446
278 530
176 405
289 347
17 474
13 148
115 477
328 505
416 511
111 348
204 300
178 401
62 192
78 93
102 200
60 115
129 522
146 442
180 387
226 349
126 408
101 390
39 53
340 496
66 424
258 382
298 314
385 494
459 479
446 464
68 84
353 431
58 372
346 449
35 46
141 159
198 203
482 489
32 379
442 471
100 408
270 303
47 237
123 291
77 184
360 403
391 399
288 343
8 50
298 525
28 391
100 235
121 304
141 390
252 338
263 495
49 204
35 77
182 478
209 437
16 523
46 126
168 189
478 511
150 319
58 453
3 197
99 510
307 538
19 471
214 278
284 334
148 525
285 468
64 472
271 316
52 113
262 263
211 403
437 489
102 390
37 296
198 338
22 426
174 279
28 160
106 264
241 523
11 87
62 136
190 209
118 494
195 469
137 487
219 270
119 273
102 265
362 478
275 317
305 387
192 482
401 494
373 529
285 531
25 294
2 504
261 525
151 496
43 488
14 103
517 525
143 401
115 138
440 444
352 443
371 396
260 359
191 225
132 328
345 405
56 87
246 406
287 411
38 384
147 386
107 363
119 486
319 498
41 55
91 93
340 346
240 376
137 439
116 282
76 404
8 501
26 392
179 207
277 290
97 220
21 252
200 457
2 52
15 193
167 445
27 308
60 64
219 453
231 336
36 380
87 184
215 536
471 482
24 212
175 488
103 531
481 518
13 321
213 325
67 233
148 530
133 469
300 469
76 240
442 458
88 305
254 296
317 478
82 452
178 446
187 494
252 423
128 368
84 106
39 183
203 330
158 277
163 345
24 114
217 520
63 324
3 133
403 525
115 164
304 320
56 282
309 501
293 505
179 185
272 292
300 408
175 227
73 229
101 477
374 437
10 521
52 461
398 465
263 514
82 207
28 445
112 137
290 483
0 308
73 197
47 488
17 204
30 99
39 117
20 159
42 233
314 347
186 518
34 502
160 483
169 532
216 486
101 118
42 96
167 420
72 524
148 193
99 189
323 535
195 216
375 438
97 382
111 397
290 359
161 173
30 214
385 495
348 540
194 369
448 500
378 485
16 429
199 267
507 531
109 298
275 428
95 117
458 529
176 446
50 293
131 189
25 188
424 530
133 139
474 529
63 194
11 346
208 511
31 138
104 428
94 429
172 464
115 479
302 513
193 268
34 421
256 439
350 411
353 381
210 455
99 485
39 413
160 538
315 404
355 506
90 268
305 445
47 354
191 503
304 344
117 388
62 162
19 167
66 479
53 314
38 179
138 288
215 403
69 117
59 302
161 410
284 535
400 449
6 11
161 517
195 442
239 248
305 528
107 353
201 284
266 416
405 510
35 443
249 258
31 85
377 521
122 391
280 284
366 526
106 371
50 518
219 373
252 518
388 442
43 247
135 468
211 419
32 249
3 249
105 538
60 426
150 236
134 231
246 339
143 505
282 304
361 434
214 349
6 347
339 399
23 243
34 200
117 207
183 524
273 536
232 317
103 481
128 329
360 528
365 499
152 188
114 360
112 159
252 258
65 345
198 454
5 199
0 433
4 80
86 217
69 149
310 403
278 413
92 476
171 221
185 435
331 451
34 52
336 514
228 399
321 365
203 490
385 409
149 194
406 427
12 283
33 440
98 484
57 190
142 174
54 117
150 348
431 523
437 508
10 253
88 342
86 374
11 519
278 477
46 519
85 138
35 93
8 369
140 193
164 540
309 473
124 140
69 80
303 314
272 475
287 439
173 509
85 307
204 383
158 307
285 387
43 217
219 506
286 418
207 275
5 21
165 484
190 318
67 224
68 308
18 442
354 441
18 291
59 155
413 417
311 372
388 488
124 262
63 325
271 327
127 135
297 397
423 535
379 457
166 233
4 362
76 460
4 502
127 363
418 451
54 407
123 249
25 265
351 447
18 111
126 153
258 340
115 419
330 422
120 500
269 473
183 523
349 537
454 484
34 126
64 299
7 527
72 169
299 357
228 291
58 227
294 305
334 409
197 488
21 292
127 199
45 514
183 224
118 420
445 502
8 418
50 185
142 352
49 297
70 176
23 330
145 256
409 518
103 479
58 428
138 159
138 200
86 462
104 249
110 358
308 493
450 516
247 397
95 237
234 415
35 438
4 470
7 526
372 455
195 223
58 246
63 173
149 292
40 399
270 480
78 82
419 539
317 531
211 331
198 268
195 412
111 307
311 467
503 527
105 262
100 307
87 201
92 399
46 434
182 298
332 494
18 233
74 183
108 437
231 460
66 71
7 454
165 348
150 241
154 336
24 315
17 427
74 345
232 354
133 539
54 160
267 444
111 396
356 384
105 518
192 247
88 495
395 510
510 521
348 412
284 450
77 205
338 459
91 363
6 219
285 497
289 451
29 473
37 438
32 189
62 430
134 472
75 89
279 484
273 334
115 432
101 142
261 382
55 215
26 85
134 142
74 473
65 251
176 202
283 358
315 406
463 469
502 524
49 477
137 468
200 408
116 159
61 119
335 489
92 133
325 532
142 317
65 351
97 511
188 399
121 312
36 259
59 295
3 293
164 424
116 488
373 435
168 441
198 295
302 470
113 271
61 225
124 183
7 185
83 535
400 407
140 531
102 409
159 239
363 522
177 309
185 404
71 508
206 460
76 129
48 213
221 355
1 187
33 472
85 279
183 368
181 427
88 325
103 345
65 516
337 343
353 469
170 412
150 285
173 514
139 302
58 387
159 367
39 229
74 313
205 222
419 525
38 131
269 448
175 346
244 380
255 374
112 308
144 206
228 271
106 533
111 174
131 284
271 492
166 288
220 374
26 163
66 126
392 432
194 521
81 404
58 329
53 170
262 392
391 538
151 184
19 325
146 274
130 438
150 410
276 472
190 366
17 352
144 501
285 518
148 270
225 287
115 350
321 455
410 449
91 298
23 355
92 440
46 173
449 468
51 518
150 259
191 344
14 434
249 285
143 372
438 529
30 496
102 220
151 426
103 194
204 537
90 315
16 399
187 382
58 81
52 313
114 268
141 354
2 291
258 492
27 326
177 425
130 401
107 458
6 252
342 458
46 414
21 126
158 334
315 433
224 491
179 373
24 64
261 309
204 496
201 435
61 123
394 449
99 170
47 228
44 91
297 483
193 484
91 371
187 427
26 478
375 428
199 444
121 162
419 498
282 525
167 170
333 507
31 146
329 390
52 540
248 313
100 206
48 250
245 533
55 498
127 422
206 274
156 408
20 170
116 164
441 497
232 513
391 409
262 403
207 399
84 427
108 249
321 369
79 347
216 423
98 475
241 497
319 471
109 494
272 326
359 506
117 247
337 491
78 377
93 211
52 154
162 242
363 465
26 160
266 290
272 429
488 536
53 190
370 408
91 359
13 40
2 379
55 275
349 441
275 435
0 62
229 537
422 524
30 48
114 132
306 522
164 169
270 441
208 365
351 460
25 52
98 296
186 279
106 125
382 528
331 394
156 462
453 484
262 436
156 268
30 457
55 457
409 419
481 482
163 288
48 301
285 522
6 151
119 409
327 469
228 361
332 492
328 331
361 379
165 431
180 349
40 459
155 185
414 512
220 424
32 219
343 458
23 62
366 435
201 362
277 372
260 333
120 180
54 292
173 349
91 487
115 208
284 359
190 500
258 374
179 442
417 467
374 480
256 521
75 252
25 53
330 376
269 361
375 506
369 414
317 362
20 389
5 98
82 423
185 191
408 470
178 278
186 225
150 268
69 390
158 487
266 441
191 367
252 445
90 308
29 84
255 346
274 399
422 510
456 482
2 486
184 366
332 436
254 267
116 268
324 390
47 470
253 396
158 390
212 274
144 310
92 120
214 297
236 374
387 408
347 538
171 322
152 387
250 363
381 422
140 348
397 521
303 440
42 141
118 155
231 441
451 462
69 104
294 368
63 114
89 186
166 315
195 278
60 113
280 479
194 260
444 508
304 463
37 266
192 340
118 486
108 141
483 500
65 206
21 483
84 468
155 515
141 387
39 420
164 433
49 62
113 423
96 361
235 502
58 518
13 92
8 364
85 530
232 350
16 310
113 223
153 379
245 309
21 173
164 320
38 175
54 138
215 230
10 503
101 499
184 253
239 451
115 175
55 229
59 111
391 414
262 439
196 406
395 426
47 59
247 311
60 438
339 442
172 340
191 200
461 510
224 416
151 235
86 318
433 473
429 477
137 145
118 416
327 424
238 375
64 479
25 267
152 302
42 435
74 129
109 427
192 233
128 331
463 510
209 367
225 254
43 131
79 87
447 497
20 343
52 147
196 381
21 318
174 282
34 77
221 376
61 147
269 349
275 277
289 356
134 189
201 207
80 343
37 301
156 523
150 231
154 229
391 403
145 192
388 528
428 451
319 362
410 456
389 435
38 53
222 269
412 461
38 494
51 409
504 527
249 425
58 417
419 465
148 341
183 212
105 257
90 310
125 445
104 345
192 494
181 464
139 482
149 472
64 444
63 143
143 330
56 122
85 171
90 228
342 463
432 447
257 525
393 456
9 91
200 282
286 490
186 533
246 423
13 278
406 481
63 298
175 252
133 169
326 331
210 403
7 43
209 515
22 360
39 232
52 323
326 413
159 345
219 536
255 284
211 443
45 371
181 229
47 419
48 296
263 411
10 315
118 413
212 289
86 210
276 446
85 535
60 445
216 227
169 456
425 482
143 486
304 476
158 457
330 379
348 364
296 304
42 488
90 215
50 291
314 404
117 324
158 254
307 422
60 147
134 151
62 431
457 465
24 302
204 461
52 369
216 517
312 500
232 380
35 327
327 488
218 284
10 424
65 386
112 322
40 400
328 522
370 441
54 368
237 238
201 232
263 431
69 73
131 414
410 480
331 531
248 456
206 272
450 504
288 333
30 228
143 316
358 366
170 194
127 160
232 241
355 424
28 174
96 531
62 112
153 164
125 440
224 359
186 299
38 292
249 465
386 536
16 241
253 443
62 91
304 523
351 485
60 446
173 260
95 293
73 482
31 59
256 477
25 326
155 480
146 282
173 317
248 495
233 249
244 437
71 255
69 143
327 512
9 426
319 323
214 368
221 455
45 381
17 445
140 448
86 119
20 423
267 464
409 540
26 481
464 474
111 184
136 428
70 411
301 524
310 449
119 199
238 520
283 476
100 156
211 226
160 337
314 333
131 483
374 514
151 321
406 442
399 522
116 185
17 477
177 342
179 449
304 532
19 241
274 313
29 335
259 473
282 391
59 340
227 504
68 417
351 452
491 533
60 213
232 360
142 427
18 81
19 65
441 467
332 384
227 460
295 311
191 533
90 277
280 438
166 264
267 307
137 225
98 534
349 366
159 243
368 417
113 259
160 424
273 487
55 122
17 536
38 397
15 245
403 522
245 370
366 533
80 328
392 505
20 262
42 92
280 486
219 344
3 234
82 514
117 499
67 397
114 531
176 467
51 72
331 520
253 358
220 357
33 423
138 213
27 63
54 231
117 297
259 460
349 396
129 376
15 423
141 364
95 442
7 511
137 222
173 347
32 196
74 192
38 496
157 178
181 518
205 509
49 476
15 286
190 470
32 217
371 434
189 407
215 223
371 392
191 537
314 348
159 424
189 405
283 320
239 281
219 412
240 393
270 500
364 403
48 238
355 448
33 488
4 184
33 317
151 263
469 532
23 335
47 508
120 222
141 161
327 417
67 275
2 386
280 453
248 471
242 370
43 459
355 404
3 419
474 480
254 516
467 519
213 328
5 191
134 391
184 235
122 213
30 60
136 360
191 469
5 188
120 387
86 302
233 390
244 317
57 132
89 362
116 150
148 322
233 422
78 94
34 423
17 28
78 488
163 167
296 506
70 212
100 429
15 480
131 528
10 75
230 240
186 372
45 352
232 494
175 505
2 518
376 442
98 453
117 127
93 379
257 291
259 337
30 310
196 341
302 323
180 294
38 500
141 525
435 475
55 203
156 366
21 270
14 76
348 411
6 316
228 272
54 437
4 38
268 298
19 328
139 468
211 345
148 536
360 504
38 466
304 429
249 383
51 310
62 427
101 431
87 250
266 412
319 449
30 432
11 267
98 392
107 141
260 300
187 261
104 311
268 416
411 515
4 487
266 405
116 204
158 414
93 508
167 535
253 319
63 489
340 486
448 504
267 506
55 349
258 496
29 463
39 70
154 293
158 163
354 433
57 252
129 328
109 287
426 458
112 465
125 312
13 451
238 248
75 96
305 324
131 289
95 192
73 191
95 500
96 234
289 486
193 346
114 160
260 403
16 519
298 326
49 198
80 417
126 461
60 107
454 505
271 533
274 463
324 463
179 250
320 459
277 421
413 456
321 506
298 461
187 216
433 526
242 426
433 440
114 500
127 230
110 404
430 484
114 249
51 230
158 452
362 412
189 289
17 522
154 500
258 338
152 428
68 122
253 347
211 318
495 505
36 236
8 48
13 140
144 342
398 520
209 436
248 515
62 257
214 285
64 222
477 489
339 384
434 462
198 472
263 301
273 458
426 537
59 497
184 204
30 427
386 520
273 315
100 358
460 535
194 318
106 474
37 124
277 366
199 334
9 463
373 386
140 223
402 489
283 403
306 383
307 357
281 514
12 247
103 526
109 504
328 383
362 374
91 366
265 441
198 382
257 263
121 272
14 118
414 466
469 481
57 535
177 521
244 360
18 69
94 301
62 223
213 416
265 341
183 534
106 128
74 128
303 512
374 422
52 365
118 271
122 244
131 245
63 213
26 538
38 335
103 175
155 257
162 426
278 480
210 457
102 502
14 282
40 292
274 468
151 283
173 373
186 295
118 220
108 180
357 463
154 325
334 368
209 383
133 438
243 353
320 395
291 538
383 385
39 403
120 360
34 86
111 435
72 428
225 306
285 463
184 423
254 453
67 432
23 418
36 251
6 369
13 422
337 460
80 250
102 185
70 322
436 467
25 279
105 478
439 510
103 111
265 319
320 410
60 95
82 177
213 495
236 356
81 419
71 377
127 362
78 339
259 407
239 277
184 466
337 418
99 400
181 325
115 361
124 241
10 484
100 106
204 392
253 303
223 378
175 504
136 229
66 278
398 413
206 327
414 507
23 72
269 366
129 395
215 500
137 259
9 423
26 74
341 346
34 136
5 160
57 358
80 310
25 147
128 460
295 460
325 376
58 178
59 313
90 117
242 512
41 380
224 292
125 320
101 193
101 223
290 394
354 530
7 407
205 319
95 492
159 509
77 117
359 499
380 531
46 481
125 467
181 269
87 103
473 501
31 520
10 265
311 499
121 265
30 252
87 414
119 496
339 343
279 300
148 159
58 467
321 446
58 237
200 231
23 260
83 389
2 64
203 313
268 444
16 438
126 429
164 482
138 211
7 285
215 290
146 368
