548 5280
162 253
113 497
292 483
357 390
2 354
38 55
92 133
306 379
324 507
16 491
23 468
157 543
51 55
332 470
63 449
35 194
62 310
83 341
496 529
77 275
93 108
14 459
214 514
205 244
364 492
88 91
124 350
268 496
83 286
109 539
54 377
287 524
313 462
189 269
377 476
47 507
90 436
118 347
179 183
351 415
333 427
241 517
213 425
107 318
157 195
9 258
134 292
269 531
389 460
45 219
265 451
405 423
392 460
191 207
92 101
451 482
364 393
316 373
50 236
180 531
321 343
254 388
103 534
309 364
141 504
152 471
461 468
27 308
104 380
167 481
69 273
15 467
236 502
363 409
63 186
117 231
160 244
246 336
112 354
122 216
68 460
261 345
123 322
20 264
86 447
176 204
89 319
229 352
171 527
110 397
12 245
77 525
69 267
426 491
294 502
61 187
283 462
222 394
329 388
365 474
62 284
40 169
114 444
38 474
147 339
234 545
107 276
72 528
128 495
80 272
286 315
65 387
183 409
48 503
283 449
238 273
111 378
319 364
335 461
251 529
272 412
124 500
232 311
266 325
204 218
352 504
296 405
35 541
200 316
312 355
43 67
64 116
54 479
433 525
133 307
7 16
396 522
9 319
71 104
29 361
63 469
389 462
88 507
299 473
81 174
88 244
197 263
82 91
35 122
247 316
107 129
96 294
95 426
102 516
189 472
56 368
269 377
290 465
147 480
290 318
75 337
40 156
386 521
363 482
2 231
436 546
288 475
77 226
127 373
194 365
111 424
376 544
329 389
457 537
442 508
366 521
232 241
89 417
5 11
44 302
295 377
76 426
65 479
243 500
367 450
33 71
433 436
30 508
176 214
362 493
34 504
78 330
12 333
58 244
107 507
122 329
157 387
30 80
286 369
176 535
130 138
190 290
251 399
53 161
217 357
13 470
335 443
261 414
377 511
216 282
278 446
355 505
166 525
46 434
57 420
481 537
3 207
220 511
226 466
217 498
274 523
27 54
357 462
79 497
200 449
201 436
174 449
230 353
44 356
335 539
31 371
313 327
92 169
162 426
34 117
205 519
36 226
177 321
224 437
161 215
154 250
236 417
1 137
192 490
46 323
47 98
429 436
130 420
154 355
16 370
231 297
15 28
44 476
80 479
4 22
147 387
42 396
236 278
89 116
102 502
294 481
168 511
204 390
461 544
0 211
63 266
114 381
507 539
255 443
292 446
14 293
211 283
46 233
4 186
53 409
384 470
125 164
355 376
92 391
75 95
208 427
117 364
187 362
296 530
19 405
128 226
354 435
394 479
81 237
71 88
39 150
61 230
213 523
334 446
458 470
380 499
165 546
51 308
102 266
465 492
56 135
65 243
15 445
105 189
51 81
112 345
57 181
0 90
28 82
202 378
281 439
155 235
126 322
184 456
315 523
188 537
265 484
470 520
55 69
42 109
285 445
324 438
344 535
205 466
184 508
345 349
13 541
332 409
78 275
436 527
348 538
406 545
224 329
67 235
79 250
356 534
373 413
114 231
190 341
123 238
382 458
109 181
182 454
302 335
175 309
78 494
99 520
183 206
67 97
189 437
179 237
360 363
19 301
355 518
206 344
240 325
62 293
195 251
153 213
226 296
226 423
155 361
326 490
118 520
271 348
295 516
343 492
19 309
19 439
196 395
358 443
58 156
254 479
330 407
195 371
331 467
333 392
234 307
184 374
223 369
32 37
415 488
208 455
270 456
414 460
258 359
340 533
100 132
239 535
111 148
36 490
50 454
343 463
6 394
38 269
1 235
108 432
176 425
124 191
142 272
133 534
36 37
400 498
127 141
51 163
121 523
370 484
120 302
384 502
315 427
242 376
464 468
120 337
280 403
176 199
75 346
115 137
292 390
20 179
146 388
537 541
275 337
95 227
105 447
303 491
190 423
234 353
403 419
135 387
50 468
36 69
55 471
35 201
295 383
422 537
190 268
250 348
66 120
458 525
153 285
171 447
150 454
113 233
395 524
214 348
78 252
538 547
192 518
48 443
129 398
18 277
100 348
199 215
191 274
177 449
192 419
329 460
245 507
35 355
173 246
145 497
401 517
140 193
100 121
203 306
168 393
181 194
1 130
231 267
225 454
166 210
166 483
103 172
250 336
327 400
204 505
185 330
71 434
148 177
101 445
10 292
374 497
169 455
343 505
202 543
212 534
92 533
4 443
351 536
47 402
178 226
144 420
113 224
42 434
142 281
123 150
20 352
285 378
195 268
46 65
477 521
343 402
105 152
171 410
399 432
337 463
170 450
337 358
295 344
243 314
192 218
81 542
30 369
237 239
111 504
264 301
31 377
50 206
4 376
113 317
361 510
406 422
465 523
372 445
337 410
135 390
18 467
235 392
299 537
369 375
385 392
356 363
359 452
219 402
86 437
388 523
354 540
5 472
292 440
328 499
218 314
65 181
330 487
348 528
295 503
314 448
251 508
501 522
4 494
284 514
429 512
152 332
56 99
145 362
62 95
89 475
438 489
164 535
141 490
136 452
457 498
399 514
60 86
316 531
397 529
199 308
488 492
34 191
161 390
36 429
73 472
226 497
110 124
393 512
194 235
208 221
42 181
20 399
410 486
315 323
117 214
318 340
3 440
232 477
50 528
236 452
277 335
15 80
48 293
313 469
136 422
100 419
191 451
229 519
212 284
77 80
39 463
399 490
177 263
66 339
344 461
151 267
309 436
67 73
482 521
71 523
301 508
111 338
376 475
18 145
440 493
132 257
194 397
267 373
152 367
495 503
35 174
228 270
212 272
192 249
434 458
294 304
112 324
306 472
238 482
244 428
114 342
151 253
277 305
411 525
389 438
56 117
71 274
20 144
6 426
124 176
139 325
386 422
61 474
128 361
451 487
94 401
207 269
251 277
77 266
298 478
42 248
148 501
100 214
488 529
210 338
23 449
167 459
389 526
368 500
512 515
46 158
132 338
189 391
102 546
251 333
98 444
98 459
97 509
2 342
347 427
363 442
285 479
418 532
17 273
94 506
62 449
387 413
261 491
54 258
70 313
173 493
107 499
64 84
32 89
98 120
7 504
194 409
63 534
64 420
170 347
155 156
348 359
129 378
376 408
122 256
32 425
66 125
202 326
385 527
362 546
392 544
289 315
8 32
70 264
132 411
22 404
127 423
76 254
387 400
44 91
44 275
36 298
13 193
210 260
161 372
101 227
325 513
257 528
375 524
78 457
43 544
36 338
6 376
45 125
244 450
104 485
253 315
194 225
79 94
238 498
243 425
76 283
2 117
398 411
484 522
314 507
181 210
51 264
198 280
207 362
98 269
119 402
19 34
430 510
64 527
175 442
201 389
114 442
158 441
187 230
168 445
412 522
329 416
311 323
109 324
136 329
68 250
8 170
313 425
138 219
118 476
338 360
56 412
261 324
149 327
200 450
254 457
468 521
157 474
62 396
264 364
239 321
264 335
239 532
5 199
59 165
206 536
171 493
402 539
242 327
84 264
279 539
79 218
284 290
284 525
339 441
307 521
238 271
304 310
188 482
65 265
455 474
130 401
46 229
185 249
39 312
467 537
41 352
65 313
30 128
272 363
21 103
12 259
285 327
330 454
152 323
298 309
48 138
381 452
371 377
212 285
365 535
42 505
223 424
241 267
201 337
131 158
343 507
269 497
47 413
529 544
150 259
74 463
319 441
135 323
71 151
66 253
188 374
44 482
392 533
261 537
83 94
24 391
291 462
425 516
259 411
153 523
487 521
341 350
29 231
338 367
495 521
174 216
292 544
278 383
181 197
108 449
267 291
8 93
133 545
335 520
366 494
184 498
14 444
83 483
292 526
58 546
167 223
514 531
256 543
162 174
33 320
83 384
72 195
73 391
296 476
312 417
494 497
50 281
160 475
120 388
143 515
155 461
334 470
254 486
265 480
112 380
139 202
112 240
170 284
53 431
166 360
142 355
27 69
345 379
2 175
193 338
149 354
329 465
111 156
139 142
66 98
467 533
152 455
335 349
105 381
316 505
59 496
250 325
197 376
69 235
47 56
68 486
27 411
12 286
199 531
242 266
159 162
68 522
183 528
33 497
334 401
94 117
346 376
16 147
90 156
74 280
455 531
38 185
178 410
434 457
47 219
81 118
312 447
284 386
324 515
254 524
149 492
278 350
93 292
21 143
106 372
204 213
378 382
114 395
10 16
215 447
287 479
60 542
45 64
278 497
176 369
136 377
103 320
181 225
61 190
122 309
108 488
0 428
150 359
238 419
138 317
223 267
455 512
111 212
61 532
350 498
248 386
355 363
393 489
330 361
363 440
46 279
38 247
178 419
88 140
18 209
197 394
98 123
194 370
353 520
395 539
13 512
26 52
121 486
37 100
29 302
58 454
36 341
333 362
19 410
107 111
175 433
333 493
102 188
125 301
354 514
446 461
45 251
49 105
232 342
484 501
366 504
76 459
182 297
211 321
54 289
22 505
43 233
125 498
78 89
2 357
33 155
56 204
148 467
188 260
50 400
63 389
217 467
192 542
273 341
205 511
387 511
100 513
237 466
476 479
246 357
401 530
1 269
141 454
12 98
38 284
5 459
35 321
167 545
104 306
107 362
429 519
69 542
92 509
20 29
343 397
398 406
16 214
348 466
178 325
244 255
221 507
171 201
65 532
59 197
198 266
153 371
97 478
174 516
223 500
481 502
390 514
111 379
189 449
149 322
12 34
118 355
283 342
221 523
297 497
104 540
40 80
155 429
44 297
111 428
11 211
208 303
81 206
19 508
167 351
49 204
19 470
243 522
156 274
262 497
95 348
76 304
49 434
70 99
378 398
32 184
336 516
177 407
29 184
117 368
195 199
267 391
231 260
130 439
136 534
5 384
25 102
127 337
187 403
226 498
67 460
105 320
226 267
2 402
228 272
374 412
178 433
273 383
156 326
439 469
282 329
44 249
376 410
218 411
125 147
332 390
389 474
68 302
233 498
355 532
37 112
283 321
71 234
144 519
107 534
43 430
60 413
106 348
44 299
159 178
250 256
107 511
128 235
305 330
111 301
61 529
17 26
18 38
189 424
211 355
57 379
20 218
233 500
89 359
21 88
327 523
109 497
346 478
184 404
59 115
78 296
76 479
277 340
113 540
4 86
102 282
123 288
14 240
253 335
199 211
91 249
220 222
135 223
274 350
26 257
287 329
83 202
375 420
42 404
131 200
24 394
375 393
421 435
48 191
460 488
191 525
9 477
317 499
8 35
384 415
503 523
393 421
43 89
150 290
273 432
323 414
105 306
25 396
20 155
285 434
322 337
200 460
10 390
136 307
61 165
512 541
257 496
362 378
16 416
341 445
185 359
201 255
51 56
441 516
199 243
270 275
8 158
141 389
37 459
227 433
99 309
167 529
179 446
99 460
167 204
95 374
365 484
89 311
343 534
172 348
239 369
311 398
422 480
406 489
138 492
43 72
350 524
50 531
379 533
8 417
435 461
227 436
0 286
7 426
258 498
325 436
1 268
306 452
377 525
298 413
302 427
168 407
297 545
79 524
196 447
320 521
200 497
73 493
111 174
382 506
100 341
197 328
84 296
58 174
351 518
388 489
163 380
358 504
289 319
70 385
200 301
149 241
39 306
147 331
389 502
81 292
271 501
324 353
50 324
273 396
63 429
232 326
443 495
82 369
44 415
99 409
289 424
262 339
144 165
44 473
256 352
42 288
391 535
168 348
68 194
88 135
169 325
17 481
47 515
42 339
85 414
212 488
267 347
2 364
391 449
153 179
15 149
1 106
37 433
132 327
155 333
48 274
316 532
0 23
167 525
396 425
228 333
16 132
277 406
386 451
439 537
413 435
133 259
148 452
95 270
81 399
14 512
36 397
197 401
123 391
282 381
58 71
147 235
47 374
238 262
165 397
2 11
17 170
211 460
230 392
49 138
126 386
147 431
272 467
10 278
31 121
319 409
209 409
351 528
64 140
237 487
67 354
240 271
135 356
360 433
113 534
255 260
85 88
22 383
36 287
391 392
121 352
188 238
15 88
190 299
423 449
125 445
341 360
258 406
232 268
25 52
540 542
100 200
360 471
17 314
35 489
86 359
363 420
471 507
226 408
1 193
364 526
106 253
19 455
380 466
65 329
296 367
0 123
113 531
191 376
0 497
404 477
411 434
309 467
122 445
391 394
399 444
39 469
43 356
239 379
33 482
214 399
40 545
119 210
108 452
16 316
143 276
32 464
386 414
22 219
438 457
133 248
199 395
18 48
311 379
50 320
335 536
135 452
289 352
121 538
17 119
370 398
216 464
238 451
217 226
54 437
42 44
520 540
193 425
152 543
1 317
220 388
305 340
234 271
175 470
214 384
142 350
14 109
15 209
293 317
190 411
222 287
8 519
41 420
1 34
280 387
436 535
91 480
459 516
456 530
12 306
258 260
52 165
454 487
254 317
260 502
37 149
142 523
94 106
182 192
159 342
55 357
222 400
330 493
158 483
18 153
264 394
327 389
183 254
130 494
51 330
167 361
231 384
248 288
155 349
509 529
95 415
413 441
365 507
63 520
257 456
323 353
54 214
147 188
97 437
311 534
5 259
475 517
4 321
295 459
386 440
329 372
9 193
194 349
195 417
36 349
220 416
170 222
30 374
176 186
244 405
310 447
14 238
272 545
0 427
398 471
221 429
68 161
255 524
52 223
205 335
357 404
113 517
179 482
318 474
359 510
450 451
178 259
230 327
193 526
6 538
15 332
263 372
48 429
398 528
143 373
393 506
195 227
214 278
106 201
54 122
210 309
13 105
347 432
82 191
86 285
167 271
438 493
93 330
58 69
20 58
381 406
47 117
123 515
185 401
84 335
399 494
54 222
180 225
161 461
219 292
145 229
146 325
139 191
219 459
145 368
199 319
177 226
284 533
59 506
2 209
308 408
187 313
34 498
385 520
71 329
66 363
272 539
289 354
5 67
428 446
236 487
357 448
50 467
96 130
234 299
28 423
10 294
8 21
196 278
94 169
32 385
33 84
351 510
109 451
295 463
75 486
298 504
45 265
79 421
303 442
65 378
27 413
84 147
121 189
106 173
169 515
260 492
90 540
187 282
83 100
371 544
112 139
317 457
250 389
109 161
255 465
35 123
204 534
143 291
186 249
55 152
51 302
229 396
193 202
53 296
343 396
108 293
188 525
62 430
42 49
217 274
46 357
311 487
82 267
41 155
223 392
74 135
8 262
373 434
380 447
282 343
16 69
470 544
241 455
373 504
182 204
39 114
162 359
29 100
1 121
172 266
62 445
228 344
428 535
26 210
197 334
19 149
9 352
62 490
126 440
4 251
21 499
65 468
154 160
84 115
9 245
170 235
157 532
3 370
149 214
228 260
456 504
92 400
201 273
137 274
106 115
243 445
141 167
491 533
455 533
209 309
349 426
264 351
151 346
38 502
442 471
198 471
144 469
308 451
291 306
24 400
242 283
102 500
210 243
206 308
394 413
355 465
358 499
96 100
52 518
263 350
42 214
382 396
10 180
413 491
144 459
60 267
89 408
166 170
239 547
68 434
431 521
418 488
31 217
167 251
222 388
209 397
299 415
232 469
357 441
319 501
17 199
75 310
198 357
240 446
153 466
161 449
415 431
193 370
184 517
30 118
72 260
113 496
59 455
30 391
28 454
166 423
205 501
101 290
51 99
210 376
293 356
254 320
189 546
269 440
59 308
421 444
119 279
157 325
116 178
140 409
98 515
6 481
97 120
308 436
28 161
291 366
112 322
41 78
386 428
62 330
108 486
151 463
430 477
71 78
149 357
251 340
113 362
10 431
242 384
342 510
319 352
260 308
152 231
73 341
15 342
49 220
3 405
226 439
439 441
448 511
298 299
98 186
97 492
142 313
250 356
186 311
171 454
364 474
54 339
145 461
336 518
274 391
206 473
76 328
174 193
83 374
67 230
53 338
234 484
139 471
37 481
365 418
200 447
6 348
56 281
106 205
258 288
77 436
374 402
273 508
202 301
176 432
35 262
32 350
19 392
295 489
308 357
164 216
530 539
183 305
63 488
221 456
129 519
398 456
97 501
40 490
133 366
395 540
368 419
122 357
112 209
246 386
271 400
370 547
391 530
7 88
295 380
232 260
37 326
86 320
83 292
65 244
471 547
282 518
9 334
196 330
176 492
48 120
317 393
213 483
246 279
190 438
317 480
47 391
260 376
96 421
319 523
168 475
161 221
337 509
166 467
65 146
335 485
305 394
42 442
262 399
77 501
390 518
153 329
106 386
273 524
220 264
158 196
134 334
84 528
146 376
147 533
174 547
290 513
436 500
56 248
93 519
75 318
424 435
143 533
294 321
119 291
97 177
16 515
189 251
172 394
69 485
193 474
413 433
92 185
486 544
188 488
238 401
9 181
220 358
157 326
32 207
405 468
67 174
88 513
301 517
271 469
390 489
209 476
246 473
47 258
42 523
44 363
94 138
230 387
46 267
83 110
90 139
281 382
439 486
11 96
224 368
23 522
71 489
58 365
182 260
281 286
31 363
37 426
296 379
294 300
65 179
3 512
248 526
9 418
388 426
197 286
121 138
316 440
217 474
221 358
321 428
363 472
99 401
1 387
92 227
301 433
84 447
112 490
1 36
111 537
140 347
225 352
283 426
60 467
268 535
299 508
59 437
109 119
188 205
7 142
80 433
7 43
256 519
160 398
521 531
59 533
79 153
76 198
110 273
93 360
54 538
320 472
89 455
2 67
273 535
247 445
44 454
180 446
375 509
35 389
300 453
247 495
9 29
425 503
95 231
244 453
313 502
55 162
65 480
63 468
106 190
99 334
19 344
44 312
56 473
324 427
95 203
302 338
99 443
257 519
51 186
162 200
203 500
134 231
23 407
143 370
340 472
213 491
182 433
132 242
452 530
80 181
83 200
183 451
106 389
243 456
64 143
102 263
16 464
221 357
457 485
69 251
101 415
6 38
93 151
69 318
219 531
3 280
21 216
196 489
93 386
213 477
45 199
291 464
202 211
383 541
352 431
324 358
79 213
232 332
432 451
408 501
132 202
23 47
475 495
125 330
216 325
123 258
41 518
124 459
131 133
160 202
76 112
320 474
10 128
173 193
129 508
425 518
53 187
12 431
78 518
237 498
244 307
165 541
161 488
157 347
7 514
3 262
29 512
26 74
399 540
192 343
282 366
233 279
230 432
306 393
253 378
322 383
147 460
155 225
392 445
107 334
464 513
332 493
482 486
196 469
12 138
193 544
72 363
267 488
150 282
46 294
168 176
349 455
210 269
98 236
255 508
134 203
407 418
71 153
366 467
49 209
224 410
157 499
5 15
13 443
110 134
277 342
162 458
150 351
415 418
25 256
92 448
349 540
202 484
290 490
42 126
140 499
16 338
313 437
319 540
66 308
255 312
446 450
99 250
75 425
167 225
366 497
292 473
52 272
26 414
211 238
424 487
374 423
159 220
224 405
347 379
264 431
156 423
191 423
282 295
380 411
345 452
156 509
233 244
235 429
50 346
200 312
28 306
228 229
438 519
42 196
133 157
207 485
328 502
180 513
8 285
446 502
125 249
367 505
410 450
481 532
396 520
374 381
21 355
91 505
211 258
499 516
219 350
180 279
334 449
52 471
153 343
425 514
78 240
518 523
304 392
94 478
13 52
11 467
176 196
377 527
270 271
292 537
400 462
152 308
123 166
126 234
260 462
188 272
262 532
1 197
176 384
23 170
191 208
73 227
198 525
54 449
100 346
198 236
69 262
276 278
13 276
38 543
102 204
261 465
26 315
131 138
86 231
3 4
165 522
97 187
43 81
43 474
199 525
86 492
7 290
309 439
75 83
149 329
74 115
80 486
158 422
210 404
18 117
36 296
175 510
66 100
208 313
141 349
234 255
9 223
160 332
89 177
41 232
60 217
27 399
289 521
5 204
288 342
274 306
203 414
216 367
55 56
38 436
67 272
183 314
4 480
28 52
157 270
378 503
29 63
15 483
104 538
242 328
127 421
173 212
297 342
6 121
11 114
248 432
7 128
427 528
72 76
486 529
390 506
364 407
86 298
76 209
299 354
250 455
125 468
333 404
252 466
28 490
63 275
134 306
276 424
147 408
119 211
119 212
408 506
179 260
57 202
83 287
442 524
274 321
59 291
29 171
13 133
469 495
59 389
43 409
198 512
144 415
117 472
391 398
59 430
135 385
63 408
176 438
219 243
64 221
307 415
23 55
56 202
71 226
324 546
351 392
3 62
246 285
28 434
365 439
37 93
96 222
427 507
279 412
183 282
360 366
26 500
62 475
297 353
74 258
56 104
4 133
417 545
35 542
109 156
2 183
142 453
53 112
134 487
92 125
84 85
29 547
179 444
39 288
104 513
29 354
167 437
166 345
9 517
75 350
240 486
383 459
29 113
108 427
382 461
18 174
145 443
239 261
347 395
136 448
315 394
433 530
24 349
472 520
60 147
117 200
75 148
367 401
20 270
81 98
11 460
64 441
85 214
123 332
105 316
109 282
133 225
337 339
1 488
170 331
54 82
93 114
58 442
137 430
381 442
351 513
486 508
229 439
424 434
131 418
10 160
71 320
17 95
22 524
239 250
493 507
134 536
352 488
150 339
268 373
203 516
194 313
33 180
47 180
150 490
91 329
240 294
17 204
81 125
64 231
38 139
98 268
394 451
136 210
254 379
98 272
69 206
301 398
107 162
257 367
239 415
79 449
144 485
178 301
35 534
456 493
250 450
344 514
71 156
460 494
87 413
186 323
88 93
176 455
155 328
189 209
144 341
57 118
213 479
61 344
438 439
187 503
100 455
135 298
117 345
154 540
83 415
159 494
121 375
295 481
290 450
119 161
163 412
61 132
174 186
486 541
118 411
441 540
84 284
83 411
187 205
32 116
57 292
200 341
70 399
118 368
423 450
188 224
416 489
226 418
138 255
251 308
124 355
299 541
33 475
16 130
107 117
23 32
169 343
407 507
156 351
82 397
156 158
126 149
378 494
90 447
271 351
122 302
171 239
244 514
45 70
40 505
169 304
74 374
272 373
222 514
58 341
404 537
471 536
294 336
29 226
70 143
71 182
312 472
73 289
144 227
286 494
43 472
116 442
221 329
168 291
54 324
26 87
176 439
27 70
199 333
0 13
93 230
299 438
121 396
201 366
50 501
358 412
197 352
30 451
150 288
5 266
210 468
146 430
300 360
313 371
21 222
111 205
58 411
426 458
189 388
462 483
7 300
130 481
0 470
210 502
96 363
483 525
103 144
415 492
372 516
332 437
31 528
493 519
288 404
163 362
339 361
233 400
98 411
95 424
302 491
154 312
20 276
351 541
236 383
73 374
36 96
7 306
400 439
83 242
265 483
459 488
106 207
226 483
118 162
86 294
384 439
365 509
325 400
108 364
260 422
115 522
415 479
83 545
288 538
4 227
215 423
249 263
391 401
140 410
349 473
259 514
185 480
140 149
480 517
507 523
47 86
410 539
395 456
148 373
137 148
98 379
216 481
98 414
14 507
21 405
142 301
59 214
91 377
312 385
116 349
460 524
312 408
346 450
61 280
7 449
116 169
14 310
470 527
52 540
297 303
454 457
510 544
284 366
24 432
7 455
533 535
5 426
1 460
30 332
432 478
420 533
345 460
194 419
120 150
201 511
53 378
10 43
334 340
67 514
39 212
383 433
260 478
227 282
49 288
450 535
191 406
260 475
16 55
63 431
88 117
25 380
213 228
46 257
203 461
192 292
66 506
70 347
336 414
101 514
51 52
25 521
18 190
152 547
150 495
351 406
438 440
10 355
13 545
116 440
21 53
58 374
132 179
198 282
458 465
387 488
415 534
104 530
66 386
477 482
396 476
197 496
156 242
127 519
18 264
192 525
71 186
19 314
253 312
92 156
226 530
58 474
65 464
195 544
187 441
180 385
60 442
253 501
55 106
80 334
403 500
215 454
244 266
84 493
27 360
6 176
336 355
187 301
278 464
271 358
309 472
169 231
145 488
45 531
392 504
66 473
9 512
371 430
159 418
102 528
74 161
137 352
62 341
305 496
250 469
57 109
188 469
98 352
44 230
29 400
4 189
57 309
276 525
218 525
253 257
30 218
115 296
202 418
354 501
214 495
65 501
164 526
352 538
42 151
119 513
241 496
188 515
109 405
241 427
218 397
28 159
390 483
394 503
111 421
15 533
225 226
397 528
341 449
332 452
368 423
52 493
169 187
159 377
91 291
263 421
111 298
79 414
457 539
33 403
22 147
29 220
3 9
244 531
241 311
21 515
7 281
88 253
304 485
115 349
389 430
190 234
59 99
416 447
144 328
357 454
249 302
35 165
99 282
89 505
287 476
60 376
250 326
3 229
287 539
337 406
401 545
55 265
218 540
71 184
123 533
334 457
223 309
185 352
279 327
158 219
87 542
56 389
372 478
204 542
394 521
192 459
137 486
54 433
70 75
142 480
55 214
145 449
184 197
385 507
466 472
303 503
240 398
167 357
207 306
322 326
337 441
130 148
505 512
473 547
429 514
257 403
107 172
6 447
500 537
116 545
265 545
55 191
146 264
365 431
314 371
183 403
54 178
298 502
504 512
5 156
150 532
75 118
17 309
414 507
196 246
6 54
145 384
98 317
80 305
87 224
340 389
413 459
32 501
274 385
39 523
357 374
32 86
105 273
60 85
82 202
141 395
130 195
416 526
385 536
153 543
232 310
298 474
35 68
257 433
71 397
186 309
101 358
173 205
178 295
245 283
10 31
47 102
55 76
239 247
108 388
30 262
182 327
260 295
31 408
100 336
393 439
57 319
35 101
79 286
22 134
242 540
28 418
77 252
492 518
196 337
161 341
248 349
86 202
153 460
279 396
54 292
272 504
298 344
164 376
191 389
23 334
304 530
22 510
232 313
342 525
290 345
247 365
215 296
348 436
131 274
51 491
85 546
430 495
185 220
75 420
23 121
202 522
224 370
223 431
218 267
177 543
366 524
125 328
235 422
188 236
8 39
137 158
231 522
322 438
278 314
137 388
233 246
47 310
14 402
189 217
271 443
268 346
475 496
26 428
159 317
307 486
327 374
114 515
218 431
271 455
414 544
7 78
225 269
92 202
247 454
41 251
31 289
341 447
11 151
34 373
51 376
200 516
125 376
114 385
10 213
233 336
229 255
302 495
16 114
323 476
469 520
218 393
22 479
192 214
206 330
76 264
264 383
84 531
398 539
372 494
363 501
48 128
44 66
97 152
247 341
415 427
196 452
165 381
168 482
190 191
309 401
33 375
440 529
490 531
232 416
164 396
474 491
132 537
232 501
122 402
160 378
243 372
469 487
146 180
430 450
341 438
318 476
328 435
181 340
209 462
332 432
326 448
251 438
48 56
60 183
38 66
78 451
27 278
294 393
130 142
311 449
271 526
372 515
427 485
9 487
53 261
124 177
20 343
233 404
315 346
292 432
165 328
131 421
107 116
329 511
199 274
68 497
120 419
361 507
341 363
441 477
71 451
63 357
0 472
329 530
90 390
232 475
336 515
30 426
248 448
209 511
17 72
186 525
275 430
35 88
66 220
204 280
72 142
499 518
261 428
29 252
213 499
201 465
256 541
454 526
11 324
194 450
203 470
360 492
152 311
182 353
536 543
409 425
53 326
48 224
114 345
55 192
171 275
411 537
67 456
11 338
16 165
79 532
82 95
112 260
354 472
88 149
447 531
376 405
297 392
141 365
103 482
18 116
228 446
75 141
72 358
141 275
303 321
158 166
48 394
14 345
248 449
159 430
44 530
340 415
177 536
462 485
44 383
129 433
392 436
447 505
156 243
173 410
198 364
374 521
34 41
244 411
523 525
159 299
54 493
115 534
14 189
95 281
136 494
265 508
90 463
355 443
216 498
248 329
58 246
149 194
107 168
408 427
68 451
231 266
60 291
153 495
157 385
117 179
16 51
0 302
199 533
197 260
484 545
21 35
295 369
104 317
214 353
197 340
508 527
203 369
41 498
413 494
83 290
415 469
9 504
30 267
367 458
112 355
232 317
135 368
431 474
127 353
181 362
22 326
187 408
147 291
407 530
77 253
166 475
270 509
147 424
190 302
222 361
57 258
156 330
77 488
334 533
82 493
153 175
21 273
122 324
125 285
63 406
140 510
251 309
225 383
126 455
261 272
36 479
13 458
304 427
53 380
52 72
76 451
421 509
202 305
218 439
289 495
159 523
76 506
231 258
122 535
129 258
48 283
18 330
63 301
375 448
11 403
378 528
340 463
232 269
424 444
296 439
112 513
284 399
132 451
98 112
157 389
425 538
253 265
194 468
29 412
428 461
81 240
242 545
289 492
9 150
55 473
153 365
256 289
21 142
39 328
141 209
45 308
138 330
317 434
103 128
4 359
44 265
109 250
314 343
76 228
274 299
163 476
117 308
184 272
68 363
51 490
428 440
209 321
409 453
253 304
200 289
239 526
324 390
32 193
396 472
81 180
19 518
67 286
55 206
172 203
496 534
243 254
203 285
161 249
291 445
40 95
44 223
100 218
493 532
121 261
403 479
143 189
275 398
300 356
160 265
220 275
354 481
166 393
518 532
126 194
422 534
123 369
459 511
31 244
478 526
365 374
193 220
54 321
34 40
340 537
322 526
322 520
214 463
409 416
119 167
121 198
94 315
231 320
109 495
423 460
76 339
253 380
214 280
75 108
346 534
392 503
126 384
308 424
1 93
535 546
273 409
414 482
23 232
302 535
228 261
256 520
437 501
29 452
171 380
146 191
100 304
126 370
188 369
327 497
223 275
138 236
10 50
424 462
16 161
178 545
181 510
39 488
35 447
265 342
50 110
240 490
75 147
86 123
88 394
0 527
339 438
201 373
189 394
85 156
52 251
126 265
379 467
159 371
290 519
57 383
263 303
29 187
232 400
170 501
284 522
355 534
407 489
44 404
82 201
293 373
37 461
131 523
218 234
5 34
251 447
72 533
108 315
318 541
29 391
90 102
270 273
81 494
418 504
196 465
148 390
393 471
338 428
140 542
61 133
302 337
301 513
195 328
291 390
64 461
60 407
475 486
398 524
18 506
60 268
7 277
167 366
280 348
239 393
20 346
161 264
184 192
34 517
10 452
472 526
260 416
28 446
139 233
169 196
15 450
351 355
305 416
5 177
30 272
92 321
286 334
357 419
55 481
38 84
364 441
32 172
56 119
390 525
177 296
408 542
181 391
65 433
79 516
336 467
78 276
274 370
126 280
23 43
29 431
50 534
122 141
217 405
23 482
392 400
33 518
312 473
152 415
362 416
95 543
95 359
29 472
144 281
278 534
131 533
114 206
107 260
267 312
104 313
2 434
104 462
11 344
335 472
40 201
362 490
85 513
63 493
443 455
360 396
439 530
456 473
128 336
26 511
85 360
199 388
133 499
76 434
53 252
125 233
91 435
383 440
58 120
190 356
244 473
103 185
166 524
119 530
152 370
6 8
132 487
306 374
192 464
396 536
9 438
84 345
99 156
316 446
162 300
421 525
81 299
47 406
14 491
102 472
168 419
48 306
293 479
114 343
102 147
76 449
102 327
54 286
382 443
109 142
0 39
413 535
155 216
303 305
201 333
92 411
114 527
268 510
438 486
116 135
95 361
285 415
61 228
9 47
57 214
451 521
238 437
46 130
397 442
260 409
88 476
347 431
81 518
341 422
76 142
94 492
519 527
169 329
143 388
185 519
64 213
127 539
68 183
153 440
210 229
445 449
268 490
432 516
40 203
109 223
16 65
59 527
24 368
298 536
140 230
188 270
247 367
42 178
205 339
31 270
114 187
39 191
241 310
165 517
239 260
4 290
88 251
241 302
218 407
156 285
81 334
223 375
19 26
94 448
44 340
420 507
296 455
214 455
82 145
175 360
120 121
324 396
165 495
123 139
65 102
63 311
62 522
499 506
166 222
228 266
352 533
154 534
100 108
68 182
128 446
312 390
288 435
281 321
110 535
12 194
196 306
192 274
141 262
110 332
146 260
73 213
226 339
273 461
292 358
81 327
86 163
99 203
264 385
464 509
45 227
331 479
128 524
62 495
181 204
51 513
173 346
40 532
321 399
229 429
214 236
289 459
48 457
29 331
134 213
69 290
315 351
44 459
137 391
233 366
148 322
156 261
181 428
336 508
164 291
124 538
374 474
54 390
94 482
154 354
177 418
181 217
49 98
239 454
155 374
10 335
123 212
408 480
248 299
151 440
35 419
240 354
1 78
42 193
332 386
402 544
87 277
391 436
254 422
60 235
272 291
0 151
301 403
278 505
208 283
242 492
231 332
229 546
128 493
137 390
154 379
314 450
205 439
204 369
67 142
176 222
41 384
103 263
184 218
271 517
207 267
461 517
63 66
14 427
196 380
291 300
209 289
57 421
50 379
183 342
101 435
486 491
49 221
168 449
172 175
176 301
293 501
277 411
23 261
484 511
190 418
190 195
367 440
177 382
145 239
313 397
38 359
143 506
297 520
309 404
87 358
323 386
237 450
495 542
197 252
50 207
480 531
381 407
203 372
38 203
423 438
45 457
257 428
336 425
40 62
34 434
86 120
445 466
90 401
57 275
346 542
51 301
398 449
276 293
83 334
157 508
221 262
362 441
149 173
224 349
46 541
218 500
134 494
258 437
119 391
74 179
119 479
193 322
63 326
123 387
303 486
367 390
212 251
331 345
69 179
64 271
75 237
206 343
134 166
193 519
92 351
190 512
312 536
529 532
66 201
337 346
21 517
126 545
6 94
267 454
204 323
24 472
53 406
63 486
263 474
186 413
94 426
192 334
65 382
88 143
305 329
80 237
27 370
167 235
443 446
254 267
107 444
79 470
432 525
42 112
228 472
305 315
323 508
346 434
82 404
196 338
107 513
68 220
391 518
252 255
247 271
379 539
172 447
119 216
165 441
160 239
18 56
246 519
311 439
271 459
472 474
174 319
193 242
281 327
153 351
329 362
87 220
386 479
284 307
225 472
17 360
205 544
298 525
57 405
139 506
113 518
147 278
472 545
138 196
101 373
175 356
217 482
102 488
171 197
6 255
99 441
93 368
208 433
495 524
277 495
116 137
343 473
431 508
178 298
98 395
197 467
204 235
155 287
203 451
25 28
61 124
44 375
236 315
227 384
51 450
203 303
253 270
11 492
159 382
208 217
404 428
189 406
222 543
17 28
243 484
35 363
165 172
60 200
16 298
24 102
83 450
194 255
251 316
39 304
239 373
28 536
311 524
197 217
119 386
50 134
231 312
211 266
340 501
48 387
66 211
230 537
194 320
208 210
192 240
302 314
118 367
206 327
113 328
453 520
113 380
227 271
192 461
52 286
72 405
16 142
404 529
210 214
90 123
387 406
118 268
299 403
268 383
323 372
410 532
86 419
154 523
288 393
115 175
504 538
30 307
193 523
319 363
54 224
10 189
116 249
241 386
33 82
27 245
87 365
117 437
17 527
149 178
106 463
458 479
380 386
44 381
462 464
286 525
176 216
304 407
466 485
156 425
112 500
101 226
339 476
304 498
237 458
219 246
203 535
11 439
256 350
304 449
112 389
532 542
12 503
226 537
438 482
179 447
78 147
243 423
27 242
109 491
87 261
473 518
215 546
155 231
300 413
233 457
158 407
252 481
85 474
214 538
331 518
29 368
8 263
0 31
70 322
309 450
45 292
414 442
266 334
108 538
474 536
33 461
349 393
188 306
10 182
327 505
269 511
88 178
178 414
41 214
14 152
253 533
256 521
396 521
180 485
525 537
298 489
177 253
471 528
112 489
30 140
16 460
188 460
340 541
250 298
72 396
75 112
43 132
215 326
411 428
122 315
223 479
475 524
367 540
50 139
126 283
273 411
237 279
23 255
349 365
7 227
43 297
410 540
378 379
286 384
155 351
22 141
151 512
106 425
258 418
40 258
48 315
363 515
282 441
272 408
457 493
93 220
285 451
119 423
136 455
31 430
336 407
12 343
180 321
28 375
13 176
291 342
136 532
102 458
77 162
246 302
261 293
118 436
30 478
134 178
83 159
26 149
309 352
84 538
269 544
140 182
56 320
394 513
376 434
252 314
214 305
106 343
272 399
31 442
150 306
301 385
38 49
323 376
334 343
48 275
193 262
264 508
197 525
377 520
400 489
18 37
182 217
162 180
77 437
197 536
186 338
105 445
113 182
85 511
137 360
208 317
64 328
241 270
187 235
42 149
20 125
34 49
63 459
272 446
212 348
514 534
471 521
260 335
6 163
132 372
129 147
351 436
252 317
47 324
300 438
161 381
203 354
78 309
36 208
16 274
130 159
250 514
270 364
143 184
148 339
479 496
125 304
347 530
230 270
97 201
120 290
40 130
70 345
107 190
97 143
140 349
215 256
314 385
168 256
229 318
3 6
0 421
151 329
28 259
5 240
125 156
10 286
135 285
42 147
255 355
4 149
240 391
387 542
418 481
204 281
200 407
153 521
171 254
42 453
251 307
95 539
11 358
46 155
140 503
474 526
326 485
134 360
516 523
86 438
152 406
116 205
88 404
0 229
80 110
176 361
151 513
13 488
165 473
292 363
239 431
109 217
261 436
80 498
152 412
107 524
464 537
51 291
211 241
226 357
322 523
18 250
279 495
162 473
369 434
258 385
184 337
436 483
270 323
384 487
297 522
291 315
11 279
165 492
19 414
147 398
3 404
340 372
159 469
238 259
117 262
28 389
8 233
30 161
288 361
74 406
250 530
83 530
232 257
13 547
69 440
6 210
331 417
7 463
237 250
269 515
100 190
18 94
294 412
265 302
154 378
280 349
330 331
435 487
470 524
458 543
83 117
131 219
151 507
185 256
73 82
82 346
2 52
249 271
78 243
29 337
67 421
49 329
101 104
31 220
144 389
289 546
38 356
39 168
254 373
158 224
48 344
347 428
344 376
216 372
71 490
57 70
326 422
317 384
34 276
308 506
143 305
42 428
458 477
68 521
124 402
112 385
465 471
348 380
61 258
369 432
9 85
87 88
222 277
131 360
74 349
349 488
290 339
169 327
448 546
366 480
303 452
38 193
27 409
347 471
273 305
235 463
159 181
126 254
128 408
61 278
493 536
51 478
112 278
111 220
137 222
150 347
163 372
466 518
175 436
164 427
270 282
4 74
142 499
277 540
142 473
378 421
54 547
369 517
451 542
270 301
24 473
167 202
173 331
405 415
259 503
194 490
90 266
470 547
32 359
159 526
6 537
173 241
264 466
208 306
6 295
75 522
36 488
110 365
75 547
180 411
15 294
157 179
96 495
24 90
106 477
329 509
338 346
21 435
103 230
69 438
114 190
65 157
365 400
379 545
119 526
260 277
255 424
193 431
172 526
139 318
186 411
198 286
22 95
380 540
197 237
56 108
73 89
262 481
500 536
161 392
168 489
61 185
53 106
13 64
14 150
125 179
310 328
464 473
32 516
65 323
9 172
293 448
169 247
216 294
74 369
349 403
185 241
220 326
247 423
198 501
303 494
163 339
106 224
4 237
129 423
170 406
41 88
143 303
86 176
57 128
160 333
233 391
195 409
266 398
98 214
72 156
86 138
116 347
1 225
111 160
168 415
123 350
157 160
57 385
39 93
175 292
455 520
183 280
202 222
256 455
293 477
145 203
284 401
192 429
202 309
3 358
301 369
316 454
293 430
252 465
115 334
326 470
26 464
62 156
204 324
132 528
14 335
186 229
121 527
38 232
20 351
10 530
178 342
233 234
59 462
15 32
90 190
1 168
188 302
457 530
396 417
127 385
46 134
121 458
315 339
391 472
27 82
119 225
191 366
13 275
158 263
461 486
490 541
20 288
233 256
280 525
15 194
345 476
56 333
141 192
198 409
51 530
301 542
202 343
398 533
52 439
251 278
430 480
226 461
125 306
76 136
140 442
241 543
268 420
137 176
386 530
501 528
47 337
406 476
241 381
427 547
121 180
341 528
221 317
268 443
17 246
109 258
28 246
305 471
291 371
394 405
173 318
250 354
3 369
19 32
242 408
212 536
366 489
257 278
219 476
6 545
311 348
255 434
135 363
362 430
88 92
190 269
397 483
236 357
150 480
0 118
30 120
112 163
136 245
335 470
96 101
17 67
451 539
229 252
74 80
99 133
271 279
98 320
403 422
159 414
295 376
13 88
61 242
137 408
149 497
12 39
37 169
12 297
85 544
153 298
229 271
16 343
101 393
57 101
381 533
210 388
277 299
411 498
127 397
43 179
59 537
78 318
75 414
376 492
205 234
502 510
226 516
75 303
213 330
203 320
133 271
291 333
304 517
13 93
105 506
81 199
46 498
142 509
12 91
116 179
242 249
452 456
273 504
42 358
155 488
36 98
316 425
148 191
51 156
120 129
42 475
235 408
161 337
192 251
164 177
173 217
397 525
89 310
225 498
383 393
288 489
127 401
413 487
454 488
307 461
255 502
383 500
43 355
137 365
96 323
94 98
57 410
164 241
30 129
458 469
162 171
492 545
235 407
294 501
181 443
165 507
446 528
180 219
205 422
110 417
30 338
60 352
116 389
105 510
51 427
140 540
113 352
4 368
227 292
127 526
10 106
230 366
254 403
372 523
355 421
8 400
215 321
5 144
468 495
529 539
20 75
359 504
165 391
104 270
266 496
474 508
283 315
263 402
31 337
83 469
285 431
101 525
315 544
529 534
171 343
44 287
308 373
256 403
349 441
496 519
140 389
83 532
221 488
17 271
128 308
79 154
2 205
110 437
45 193
250 423
78 250
298 401
297 530
174 456
269 435
210 466
394 497
180 355
368 388
282 374
156 394
315 409
106 519
112 512
481 538
65 452
5 305
431 480
262 388
232 518
49 183
452 502
9 305
22 77
130 375
310 420
216 328
172 372
324 538
273 389
71 196
330 496
35 442
270 544
325 477
208 239
167 435
175 311
290 368
242 360
319 428
463 540
130 184
41 59
143 339
190 317
326 409
164 264
342 522
310 371
206 296
337 422
108 341
212 424
58 427
57 332
25 76
370 461
33 136
233 268
274 492
275 510
6 280
431 482
193 337
117 351
297 459
88 417
27 122
223 399
10 327
57 95
14 187
25 509
13 247
288 386
133 507
92 379
223 421
46 345
330 397
355 535
20 33
97 110
270 414
163 222
344 408
352 415
80 331
30 223
175 294
70 393
45 427
442 542
225 443
74 296
24 121
452 538
178 369
219 493
38 523
12 123
466 547
33 194
251 521
237 352
71 257
347 539
100 406
121 469
41 135
137 479
393 476
58 400
70 365
33 502
60 83
23 285
16 29
233 422
35 396
30 328
293 510
160 373
154 424
42 83
5 249
22 453
195 362
100 284
203 478
18 528
1 264
92 298
122 162
321 411
401 487
23 544
88 265
113 455
54 482
216 522
127 348
138 248
178 518
321 488
60 387
27 469
81 195
14 526
72 268
217 516
246 350
295 430
57 84
362 471
184 290
280 509
19 302
419 474
487 498
431 453
358 449
101 220
439 527
1 212
316 485
173 426
459 537
136 460
31 281
490 518
319 324
128 231
115 475
183 350
254 539
73 97
334 418
43 180
9 185
47 55
279 474
48 131
102 384
248 458
80 535
114 160
300 354
380 430
76 420
109 391
154 159
376 503
45 462
343 417
57 359
81 203
342 375
45 238
523 536
159 229
63 533
28 545
98 141
12 546
289 527
18 280
50 155
102 369
57 470
172 489
313 492
224 303
241 314
267 531
197 297
113 488
449 540
367 489
239 444
64 216
54 177
83 176
186 241
323 370
58 321
92 183
56 214
165 329
19 317
37 130
454 500
46 63
83 340
132 525
223 428
411 444
54 251
149 177
35 349
195 519
255 350
245 365
201 272
357 433
162 190
274 476
47 64
212 486
121 422
0 38
44 350
70 166
119 474
134 169
268 467
65 315
126 490
317 381
474 518
2 287
78 491
64 407
348 489
116 303
117 500
207 222
289 500
401 458
231 396
17 177
104 151
44 484
353 439
296 437
17 219
147 307
46 271
104 523
21 75
373 529
354 455
514 544
174 255
349 520
156 344
15 523
89 345
265 505
40 331
22 231
93 439
116 294
44 465
81 294
345 451
100 463
294 470
21 265
129 142
228 447
115 268
4 470
125 313
215 348
202 393
320 539
35 383
265 494
223 530
529 547
196 217
100 371
139 302
14 320
156 367
175 329
320 532
104 302
257 474
82 291
272 384
416 446
206 207
61 197
127 509
171 334
198 487
138 507
252 402
233 461
363 369
209 425
432 543
133 344
88 537
167 255
183 536
0 333
475 481
386 493
65 481
293 531
71 332
119 200
29 157
78 301
140 226
253 273
59 355
16 167
426 495
37 411
88 388
99 455
255 381
40 273
426 535
306 459
123 495
184 395
90 399
0 417
357 375
8 247
205 524
197 205
60 331
271 439
366 448
458 526
245 459
516 532
37 300
177 312
28 527
114 459
81 149
96 146
106 314
146 541
31 449
402 516
104 356
163 417
54 338
377 380
323 465
33 223
235 379
7 148
29 298
283 481
152 410
24 312
166 291
341 374
21 106
91 218
61 167
167 363
236 352
331 392
98 373
112 140
268 525
117 350
37 286
45 539
47 510
163 287
139 193
29 257
246 259
175 539
120 272
281 530
114 148
367 538
289 466
236 412
233 460
363 473
121 322
245 494
168 288
176 349
326 343
362 509
426 476
55 492
92 447
298 521
13 382
252 332
327 510
123 451
188 443
441 496
184 195
67 87
67 158
160 383
123 180
46 472
46 443
94 260
193 324
49 385
221 350
178 533
144 145
222 229
130 160
67 521
160 464
181 279
70 244
189 414
426 439
16 19
102 414
74 185
154 503
352 519
110 298
416 459
76 373
350 532
75 183
37 199
11 428
156 325
400 459
303 342
118 459
265 318
10 155
129 347
464 535
350 371
67 374
268 527
107 374
89 260
309 421
78 369
26 152
287 322
281 360
22 484
514 542
92 105
93 222
307 523
428 509
288 471
216 495
449 534
229 346
76 514
141 399
339 342
485 501
211 358
24 162
226 366
140 536
219 316
404 522
166 300
401 449
266 403
28 351
290 390
11 124
118 319
380 461
259 504
60 241
23 288
135 319
141 308
89 492
63 174
30 275
188 474
114 248
100 273
129 202
297 449
65 264
2 378
328 408
152 542
308 341
87 479
32 330
142 506
423 429
249 336
281 531
83 268
501 517
308 477
155 447
491 540
424 491
171 501
153 458
325 438
215 354
51 324
30 358
363 430
11 197
192 436
33 348
25 445
219 306
226 406
485 533
121 518
278 381
116 323
84 234
88 254
93 287
0 400
460 529
54 458
205 370
238 307
234 534
137 231
26 256
3 191
191 381
19 322
50 187
282 539
36 316
194 524
182 448
114 289
413 466
114 201
93 452
453 460
318 388
182 207
263 264
229 290
33 372
28 495
37 239
133 540
110 193
198 269
223 468
46 306
9 96
212 228
161 524
119 215
226 474
83 486
160 471
129 231
52 74
338 343
315 321
110 369
337 398
121 470
88 268
22 235
120 506
71 301
169 189
81 472
258 429
265 471
298 312
29 291
306 504
320 448
496 539
415 432
71 345
35 356
122 153
84 537
7 417
110 479
150 396
129 305
235 323
25 181
41 407
331 545
379 540
237 489
505 539
83 93
134 324
129 528
164 512
271 491
3 152
137 189
357 474
110 118
199 510
82 371
35 378
100 118
263 429
22 251
330 520
79 541
