391 3635
117 202
0 69
10 145
294 312
119 210
22 164
306 325
28 337
366 388
10 305
236 281
1 126
330 364
160 286
224 244
43 93
277 315
46 338
332 370
83 99
95 263
8 92
238 382
105 151
189 335
181 352
35 111
37 191
83 300
4 149
2 221
79 234
58 388
9 147
78 299
0 166
20 287
4 201
304 342
40 50
127 175
88 196
58 116
64 101
107 301
13 376
243 317
48 229
116 191
29 218
85 212
332 373
207 217
164 381
187 188
0 37
75 117
64 113
175 382
16 67
285 343
300 339
99 102
228 240
146 346
130 258
99 264
3 186
157 387
213 294
86 360
72 365
252 352
254 269
112 243
115 185
201 211
91 249
269 355
109 150
99 178
179 236
178 246
144 298
173 385
124 225
138 192
131 170
154 352
238 262
188 331
170 350
25 282
13 309
190 267
194 323
38 301
4 145
244 385
273 324
37 279
7 114
55 210
63 319
98 189
51 171
0 279
179 309
97 264
23 289
195 208
28 354
95 143
28 53
177 353
29 186
178 280
54 368
218 296
203 374
72 178
44 183
94 220
56 132
96 336
108 175
214 304
205 362
131 229
41 126
69 150
180 245
99 151
64 218
252 376
336 382
44 116
162 337
39 64
176 367
268 370
39 234
54 298
17 257
136 181
309 366
128 197
55 327
36 53
31 210
7 333
11 101
152 278
95 210
122 264
59 217
57 275
48 338
49 204
89 331
256 337
33 298
144 149
13 127
53 63
189 268
143 361
243 273
70 153
69 129
104 261
9 71
201 321
48 116
35 60
259 268
140 198
340 374
287 372
66 188
270 365
63 277
17 149
307 356
151 330
85 182
76 386
220 367
87 369
201 216
172 311
77 241
288 351
27 390
130 324
106 148
163 173
80 217
193 237
114 262
54 245
236 332
219 271
145 313
198 269
153 183
159 379
87 169
108 300
217 225
299 305
75 331
54 138
92 339
214 290
198 240
14 231
99 166
144 377
201 316
116 162
238 259
68 221
13 227
116 285
145 199
212 346
222 299
255 273
39 224
229 381
92 213
185 374
33 144
129 191
244 304
3 123
55 73
184 317
88 384
36 248
10 237
95 367
189 322
2 374
209 227
118 350
22 213
102 146
72 102
71 249
54 168
17 327
168 227
56 284
116 315
40 60
56 144
112 312
76 380
151 233
205 378
97 159
274 289
229 329
233 321
102 325
51 156
287 301
80 125
36 189
6 289
286 293
98 354
331 343
207 264
184 195
169 325
153 306
29 245
27 268
23 357
265 298
69 107
38 269
29 360
240 348
12 337
14 196
240 278
82 282
85 97
16 206
17 56
12 80
127 309
121 258
234 378
195 347
28 256
49 142
105 135
69 358
85 251
82 378
30 360
253 359
366 369
210 291
12 165
178 271
264 324
45 273
4 388
220 390
29 306
71 302
121 139
94 271
176 379
198 342
4 168
132 212
83 140
234 386
187 287
137 225
102 175
86 317
12 90
199 308
39 142
23 56
70 245
164 206
44 315
167 260
63 105
26 187
260 265
28 389
175 356
269 282
85 136
265 311
290 340
141 241
2 183
205 264
88 242
201 296
77 321
18 130
18 238
313 372
221 363
310 318
15 374
13 323
23 197
273 311
28 318
126 302
85 316
206 267
21 338
115 379
16 146
10 207
8 378
56 332
63 67
234 384
232 346
114 361
12 109
216 218
43 70
218 365
36 206
294 355
190 312
194 284
14 59
104 209
191 285
115 253
274 377
325 330
53 62
146 208
19 282
244 288
142 166
175 371
351 388
150 267
199 210
247 374
24 334
241 295
279 319
80 258
116 344
5 338
140 332
187 317
373 387
118 122
8 227
171 250
233 357
180 233
140 180
88 163
256 357
41 223
153 325
9 154
72 389
73 389
61 191
307 336
266 364
329 372
206 228
187 315
364 387
211 273
195 374
1 358
151 341
308 339
101 152
1 161
340 371
190 215
85 312
109 148
228 274
138 320
105 150
318 376
19 154
220 350
176 238
23 354
313 378
11 13
170 337
14 34
301 361
135 214
176 210
275 336
4 33
68 218
67 262
50 371
218 257
215 295
344 364
322 326
274 381
209 218
24 36
104 125
62 305
13 371
92 123
226 354
233 297
41 168
24 37
86 186
135 360
62 308
60 166
38 338
164 298
45 381
28 81
202 365
212 338
213 339
285 315
201 259
146 207
246 323
312 364
49 349
15 160
328 370
247 384
192 313
206 316
279 298
273 288
169 253
206 317
113 341
236 271
27 148
94 314
205 345
41 189
311 318
283 287
64 292
196 199
40 65
31 35
111 121
204 294
17 34
46 113
89 300
4 271
28 273
72 296
268 278
100 364
301 348
194 230
13 205
78 164
8 155
65 129
343 353
191 301
102 282
51 181
121 365
67 338
34 170
21 197
204 386
194 217
137 357
289 317
40 275
3 78
243 318
39 329
89 371
51 306
79 221
9 221
37 237
329 380
66 121
135 226
187 216
32 86
155 341
109 174
137 188
132 333
229 303
227 286
80 260
360 375
47 87
187 310
49 172
74 131
116 201
42 279
56 175
303 340
145 236
135 265
158 342
206 254
2 173
98 162
24 169
63 299
279 326
76 244
80 285
157 307
169 215
91 144
251 346
200 254
23 235
91 362
146 360
116 258
11 204
135 338
101 228
237 308
203 231
44 93
31 338
25 284
151 296
0 285
32 64
153 266
83 88
95 235
197 273
272 368
169 310
118 279
14 335
212 290
232 254
163 164
62 219
353 372
143 195
8 173
113 257
94 153
335 355
67 75
167 334
114 244
70 286
53 342
110 303
159 297
224 272
88 158
115 306
127 351
45 382
24 378
146 288
158 386
23 129
182 239
103 293
9 326
37 263
322 387
228 324
120 267
304 388
24 227
254 281
72 259
158 329
66 90
33 206
188 367
17 326
332 352
223 344
322 379
15 22
126 179
192 389
167 375
88 221
62 221
132 331
120 189
41 129
156 195
63 192
98 389
138 389
194 209
9 18
269 295
58 389
198 279
86 96
16 77
144 277
97 262
58 262
84 269
190 299
235 343
206 375
86 234
69 214
12 132
28 311
12 316
75 301
227 388
78 98
91 240
48 222
264 328
55 130
234 273
213 384
134 152
211 248
0 98
126 289
136 332
43 277
65 359
6 239
157 318
118 148
24 80
20 52
45 229
48 374
10 75
260 267
203 342
99 298
62 349
105 244
2 27
148 164
96 325
289 352
79 193
21 220
65 349
234 387
148 172
56 382
97 378
144 174
15 277
11 208
34 89
64 330
43 228
172 317
217 306
2 273
260 380
64 209
141 216
23 249
266 365
25 189
28 348
2 64
301 342
35 109
178 363
186 386
166 308
193 217
76 320
192 320
116 199
43 179
50 340
250 315
10 313
68 80
89 364
192 321
42 191
40 241
161 311
200 322
107 230
250 304
38 97
306 319
49 367
31 351
98 256
24 318
0 353
121 205
23 215
63 309
71 377
140 300
110 260
65 307
211 381
40 254
225 314
94 109
72 256
187 362
285 363
98 314
4 373
18 215
293 329
4 359
195 213
123 153
4 375
45 241
104 277
50 123
284 383
137 196
27 222
158 170
9 82
59 100
52 364
186 275
2 205
218 316
268 364
29 335
233 272
64 208
14 238
37 186
14 121
136 357
32 156
97 167
117 257
42 62
126 176
6 222
231 331
53 193
158 324
263 319
306 339
194 277
135 388
355 380
141 142
21 162
26 292
219 384
139 270
27 147
116 367
162 192
59 165
340 350
132 196
5 289
200 327
279 312
158 220
68 320
71 191
179 229
21 132
32 287
116 167
155 240
327 367
202 352
81 195
11 26
57 324
226 290
1 261
147 165
35 321
186 289
135 264
221 383
78 298
121 279
59 80
350 365
102 193
47 185
102 227
68 264
11 72
78 228
359 389
136 146
39 50
90 200
217 310
80 108
60 208
187 303
232 294
66 110
163 224
126 210
74 348
178 202
67 176
168 188
97 152
102 283
7 176
319 345
296 338
58 371
52 221
21 137
86 247
154 361
200 246
314 368
288 373
250 370
60 177
99 250
90 183
4 60
62 145
17 368
305 344
287 382
125 355
100 289
183 199
24 88
215 363
218 300
73 279
88 156
235 383
154 260
28 110
16 133
137 371
95 222
289 351
31 273
292 333
248 292
5 76
46 86
179 359
53 263
120 253
193 264
50 179
8 327
281 321
62 202
317 343
38 104
336 347
383 388
71 317
193 359
75 239
16 214
147 239
221 374
98 388
81 183
146 164
221 225
124 359
165 293
65 70
22 364
48 358
78 151
280 358
330 340
260 288
122 178
188 242
92 205
30 202
157 185
196 334
96 97
83 327
268 286
23 174
55 163
171 303
61 357
49 295
80 137
56 319
236 357
98 166
141 358
104 300
24 216
132 375
60 101
50 169
86 328
255 260
36 106
2 268
181 272
294 389
197 248
180 255
107 346
193 369
253 260
27 358
315 352
129 303
174 178
59 350
128 217
160 381
102 243
189 282
6 269
19 97
64 301
3 298
156 272
35 201
156 216
146 331
300 304
291 306
18 54
16 235
140 175
245 274
9 112
14 66
64 70
49 323
5 11
243 355
347 355
190 321
287 355
313 344
17 263
40 154
70 86
89 215
6 175
121 252
209 361
35 193
68 236
47 378
139 386
67 83
30 136
68 291
125 166
21 313
82 384
98 230
180 282
320 329
230 265
238 268
20 113
277 325
49 151
64 120
260 277
317 390
183 314
8 134
28 233
160 284
178 270
134 171
337 373
238 258
146 327
96 329
37 271
155 171
52 344
85 202
26 215
167 320
68 178
111 255
87 162
193 255
173 190
112 201
168 254
217 380
150 359
167 191
195 317
109 298
295 318
385 389
274 357
118 389
198 357
20 268
9 48
100 236
35 140
46 287
267 355
209 374
85 321
130 183
204 233
88 331
58 254
13 336
107 136
107 241
197 203
59 352
19 305
150 390
57 122
9 223
32 343
134 219
101 110
77 300
74 337
34 51
151 299
151 275
172 329
96 155
33 215
95 237
30 129
21 178
141 232
119 170
275 375
147 189
322 335
40 362
21 227
203 306
131 357
39 128
7 289
47 341
135 255
253 259
85 262
3 254
79 365
44 149
178 237
192 262
104 231
318 320
36 170
138 201
48 252
177 267
183 214
62 216
9 16
77 259
27 370
342 380
39 172
175 246
14 305
130 142
107 302
50 85
339 373
119 265
261 276
181 267
152 251
74 179
146 345
118 128
79 158
10 224
333 349
327 357
64 220
130 138
22 85
38 118
47 173
204 222
70 224
148 239
120 262
198 367
114 211
241 375
366 375
86 205
76 383
122 141
45 366
149 310
135 333
126 279
309 341
194 312
216 318
77 153
24 329
103 287
50 73
17 348
116 369
372 374
121 290
28 41
296 345
143 276
45 300
165 377
315 358
195 292
16 388
317 338
59 262
130 257
106 362
11 221
30 142
66 198
73 300
306 384
272 356
101 174
75 241
19 313
286 297
318 344
147 156
166 204
149 358
61 188
173 196
12 369
92 211
37 260
100 294
123 310
72 239
115 316
17 351
180 280
128 192
122 277
245 359
193 226
57 167
189 327
107 176
78 210
306 333
79 357
48 361
159 204
197 348
138 227
29 301
330 335
286 377
178 273
45 185
287 321
77 255
5 345
140 301
194 384
68 368
129 150
118 252
29 196
151 376
360 386
142 380
283 345
243 268
72 90
138 207
63 140
124 297
37 378
251 348
89 321
180 292
167 253
54 304
43 334
117 252
236 319
173 262
163 174
112 173
56 244
68 352
190 327
121 253
260 383
79 99
4 49
77 350
244 343
164 297
55 159
4 221
237 336
84 336
164 199
358 378
194 253
82 235
81 249
68 293
63 120
75 247
202 380
75 128
86 275
252 281
252 334
318 335
64 293
8 312
10 28
156 292
113 368
8 24
350 356
117 290
10 200
72 229
85 206
21 263
323 327
86 167
60 358
122 234
144 147
41 205
83 207
228 252
12 26
134 388
86 301
173 376
275 384
345 383
83 160
64 259
214 291
47 191
142 222
280 284
107 271
65 351
143 232
20 295
57 102
113 154
61 81
174 199
149 351
21 154
134 240
41 385
77 161
111 188
159 345
210 279
162 173
206 210
23 40
115 187
60 83
63 269
137 195
79 217
132 140
60 106
105 237
79 273
91 342
95 181
40 68
236 301
68 162
129 272
105 226
50 273
205 242
321 377
85 253
5 90
156 316
100 321
155 286
145 163
58 209
84 196
211 356
33 254
228 349
181 376
270 279
190 310
179 334
24 31
171 314
102 183
125 381
364 376
82 258
6 105
10 308
280 348
43 64
76 168
50 130
270 368
180 212
90 198
33 37
7 205
205 255
138 290
107 354
205 227
154 202
12 344
35 363
105 255
48 54
100 308
249 302
119 187
161 203
61 108
267 367
87 90
152 369
163 211
112 156
144 382
114 346
209 225
2 252
33 64
211 302
26 34
8 108
137 265
67 377
33 273
69 247
188 202
89 177
102 241
163 225
97 233
155 233
201 282
163 303
218 299
294 381
26 144
135 213
149 179
286 302
117 185
312 386
101 283
288 349
267 389
177 331
192 369
193 268
222 286
216 320
149 214
259 333
209 358
17 297
224 316
288 302
2 233
135 206
25 386
208 280
8 357
245 281
154 164
212 225
10 337
153 189
75 106
31 140
49 67
3 352
164 359
26 73
311 336
159 198
174 194
215 267
102 295
328 354
16 360
185 384
190 227
169 179
17 314
230 237
113 354
173 388
118 297
20 67
62 123
134 172
260 300
118 275
106 376
26 115
95 370
133 217
47 57
153 373
127 188
207 322
59 78
82 299
295 384
28 50
83 256
50 144
8 366
237 314
95 117
153 308
150 288
21 389
12 45
6 177
96 269
245 302
317 357
8 236
131 331
131 200
4 46
142 315
69 145
14 375
12 176
115 132
19 335
72 313
261 273
12 326
151 371
337 343
30 217
102 377
212 390
21 353
59 161
15 46
12 107
195 230
116 316
95 302
93 237
109 287
192 250
309 381
320 388
103 338
188 204
333 383
149 271
104 359
51 305
241 386
240 283
15 373
113 130
21 201
249 338
262 276
22 63
74 92
240 296
81 252
45 162
241 298
34 210
128 161
35 114
30 225
236 328
57 384
269 372
230 311
240 321
86 159
152 320
101 165
81 196
84 271
48 92
184 374
253 284
69 185
171 183
136 360
4 284
51 115
27 182
183 287
79 390
288 304
97 352
44 311
26 131
16 25
127 253
150 180
1 188
95 128
147 377
12 119
222 364
30 256
12 336
134 316
63 257
115 170
258 389
131 355
81 155
47 357
179 283
16 358
149 244
12 298
50 261
148 237
292 304
266 274
203 292
30 197
127 215
9 313
47 188
93 169
94 124
22 210
172 280
27 163
382 386
36 65
280 340
97 317
70 383
225 376
71 205
150 159
237 320
34 283
96 101
60 372
52 308
306 312
96 387
103 325
153 348
14 206
273 287
141 283
21 111
106 344
60 381
141 351
290 297
203 314
107 355
315 381
255 348
145 245
194 338
66 255
27 256
74 185
139 141
115 256
159 225
88 305
30 296
94 309
172 206
66 261
119 260
137 197
236 307
19 295
238 248
50 208
222 301
262 309
274 339
184 347
62 186
48 121
222 345
51 294
358 387
172 201
64 69
41 244
14 87
25 59
55 192
237 253
145 223
27 92
46 176
204 282
24 35
47 144
132 226
81 145
268 371
39 211
90 300
215 305
27 177
99 128
111 227
23 191
63 335
61 68
1 17
66 361
68 246
142 349
377 381
212 307
29 187
347 390
240 246
218 255
228 286
157 217
99 111
318 358
60 152
8 142
182 248
6 167
342 368
31 336
49 149
23 274
53 183
31 121
58 171
80 173
249 342
306 317
185 242
81 331
127 311
90 367
25 318
26 141
70 361
145 204
274 348
54 154
43 123
0 275
19 247
28 360
330 342
49 290
245 289
257 379
70 232
266 333
309 314
116 256
176 218
279 336
184 333
207 249
30 198
135 297
246 302
232 355
25 389
140 267
272 365
46 88
6 70
29 291
177 239
382 387
59 374
76 382
71 281
98 164
112 337
86 149
209 363
37 248
204 328
147 160
60 368
29 159
350 367
85 169
92 108
144 339
327 389
74 112
13 133
99 295
232 389
293 332
153 289
348 381
32 301
254 362
10 155
157 182
213 247
159 244
188 372
69 338
161 253
154 214
107 116
270 284
217 336
33 293
99 349
62 175
331 361
164 330
14 377
20 82
42 193
9 382
272 312
223 240
186 239
221 324
84 291
344 379
249 320
73 183
288 330
51 326
115 373
92 215
389 390
97 175
33 288
258 341
69 383
163 382
266 334
16 210
195 199
152 263
317 366
325 359
161 382
181 341
177 348
88 222
312 318
55 122
49 245
231 254
96 250
27 61
138 257
53 283
123 126
81 180
93 340
176 343
298 314
92 309
189 333
98 341
300 381
156 230
16 70
56 311
110 372
371 389
44 150
8 238
148 315
103 260
173 323
273 295
223 352
260 328
181 383
98 223
171 292
166 271
174 266
24 62
101 158
10 290
40 356
174 253
41 236
100 273
152 347
51 124
45 199
163 260
128 269
32 178
147 326
200 233
136 282
73 136
364 388
322 365
66 215
153 358
78 295
225 312
82 154
151 294
87 314
87 206
239 379
24 370
14 336
297 303
175 311
18 363
51 354
200 334
80 192
200 269
8 360
43 282
314 350
22 37
108 176
13 208
206 269
57 272
56 69
50 141
62 97
73 347
298 349
10 348
123 317
214 238
40 319
1 258
7 57
98 238
282 367
133 171
14 42
166 172
21 358
158 338
274 282
19 202
49 148
203 281
81 316
14 337
2 386
66 282
29 50
11 272
94 126
113 259
280 288
163 389
227 260
32 124
68 234
149 268
1 367
46 151
293 337
313 329
27 205
63 138
192 329
159 343
72 225
130 208
68 113
2 37
111 136
170 302
325 334
31 261
44 278
247 372
75 291
259 279
50 146
13 106
69 242
13 159
239 305
269 349
84 233
214 376
227 327
130 181
181 319
374 381
45 250
15 170
180 219
111 349
169 177
250 344
71 325
120 277
192 383
78 260
64 196
140 358
2 171
38 307
123 321
11 358
282 294
162 318
20 388
166 330
87 161
212 380
22 263
116 237
153 365
97 229
95 313
20 321
29 31
151 219
163 384
171 217
48 280
211 370
353 374
90 318
100 222
17 219
132 351
28 148
46 107
201 244
133 248
60 186
2 305
61 76
84 252
206 222
53 226
359 376
2 121
13 30
210 290
95 234
0 114
123 234
146 313
146 190
34 234
53 389
63 197
294 303
209 340
171 304
93 114
380 382
139 342
106 142
95 120
46 283
41 186
209 283
94 182
151 345
140 200
230 321
252 300
47 293
293 316
23 132
35 220
153 239
65 324
14 312
54 55
204 265
28 344
19 265
12 179
12 333
216 225
113 263
7 62
241 371
90 292
63 74
158 204
160 341
236 253
89 102
304 306
1 259
101 312
126 212
196 260
3 342
47 148
287 366
236 376
38 195
186 322
259 359
105 167
99 131
229 390
8 255
95 332
211 304
121 321
39 333
136 377
126 276
134 220
139 374
94 209
231 306
150 220
198 383
33 91
17 87
13 257
51 208
4 39
127 140
41 256
74 129
152 334
238 315
173 226
176 388
107 131
132 373
47 98
22 75
177 234
30 232
305 376
121 207
104 109
199 338
179 251
359 366
251 366
0 61
71 379
243 334
5 82
155 243
22 298
184 290
93 213
172 293
172 240
0 281
291 369
283 298
60 81
11 215
62 208
245 313
18 355
25 239
29 253
104 128
184 223
278 319
55 362
103 201
223 320
6 8
82 360
107 244
32 152
243 320
33 244
88 149
242 286
41 218
309 356
1 331
40 339
135 314
44 153
28 93
12 116
13 34
115 366
158 226
7 218
231 276
266 317
351 352
280 289
63 153
18 216
111 149
250 323
126 334
106 199
234 324
250 343
80 328
251 354
38 164
265 387
22 378
190 317
66 390
190 199
121 214
37 171
32 351
133 323
127 329
51 280
169 329
256 320
220 256
224 239
221 298
60 215
99 362
59 348
198 385
115 182
9 189
138 221
184 353
18 100
5 148
194 302
193 288
126 371
48 146
40 259
58 302
34 371
21 272
9 344
189 317
167 187
186 204
176 213
219 232
151 326
105 222
6 379
47 127
31 54
64 72
93 185
167 368
23 178
66 99
135 163
31 165
31 287
183 382
299 311
16 42
98 203
262 347
184 376
10 103
282 385
43 135
243 299
18 264
96 261
66 108
0 82
89 119
137 299
8 194
284 339
103 316
105 319
122 328
28 99
47 122
168 355
12 194
16 277
333 337
99 103
30 327
110 327
105 269
67 333
87 112
251 387
64 195
100 143
227 275
79 130
22 220
106 345
12 35
166 272
247 381
171 291
211 270
14 173
58 230
59 383
68 190
81 103
147 251
130 224
18 132
51 349
95 188
164 168
97 165
340 388
150 194
111 338
40 389
136 182
136 208
122 384
288 320
53 168
203 266
206 323
38 182
255 257
203 211
302 336
10 383
72 336
260 310
21 286
55 262
14 352
287 342
60 190
226 362
260 331
168 295
166 388
54 243
334 375
42 147
80 83
117 259
28 228
58 82
51 227
115 234
59 289
200 352
77 299
79 93
220 299
90 357
84 261
305 382
147 269
98 344
82 240
34 200
85 371
373 384
70 201
57 76
268 312
205 234
141 176
52 274
137 318
176 308
83 273
95 229
15 217
305 317
26 128
63 167
333 368
114 195
65 161
100 373
75 111
34 88
153 282
166 234
323 363
374 386
235 247
86 88
89 107
76 389
137 366
55 133
127 366
38 89
280 300
164 342
145 345
153 181
289 297
339 347
99 379
221 320
168 209
331 337
53 386
278 381
145 308
77 128
14 108
153 304
13 381
197 205
131 272
263 282
55 333
130 364
32 232
20 129
161 300
111 304
63 338
96 186
33 92
122 190
70 147
89 377
368 370
83 100
121 222
168 306
18 184
64 371
4 118
69 303
193 345
137 140
217 342
56 271
74 322
63 82
132 265
93 103
31 184
96 205
125 367
76 145
0 388
133 147
141 360
317 377
298 337
13 341
284 304
208 286
31 245
193 272
69 330
206 368
267 364
126 169
2 298
137 336
286 368
234 385
321 356
178 227
24 69
76 283
103 262
273 317
63 79
251 286
223 228
34 312
150 257
66 314
126 230
246 317
134 206
36 288
18 129
93 217
73 326
115 203
70 219
154 170
96 321
45 145
18 131
26 96
123 299
168 321
101 306
136 344
324 353
95 119
89 342
175 338
122 196
50 293
129 321
144 390
124 239
219 241
79 233
151 288
34 77
194 349
7 18
231 322
298 373
101 301
341 360
91 216
191 337
146 293
48 245
170 369
16 355
147 250
188 259
331 357
286 375
230 333
59 194
69 180
110 221
54 257
45 135
141 387
152 346
33 142
237 340
69 102
265 324
32 126
137 142
119 272
291 387
164 220
159 276
1 103
167 293
113 200
95 111
0 343
76 78
8 275
73 182
128 199
64 119
130 202
123 327
277 348
185 211
69 305
102 349
82 323
306 336
3 308
82 165
113 388
72 317
360 379
14 215
99 296
127 363
99 221
21 345
31 104
185 297
72 137
112 268
129 159
163 348
116 248
102 315
245 303
98 167
52 361
7 297
67 155
203 241
239 276
217 295
246 361
235 379
209 381
153 339
208 271
165 342
161 269
52 306
57 233
131 275
25 352
13 232
12 77
22 148
103 162
269 342
144 355
62 390
104 292
171 287
58 342
117 142
74 80
233 284
195 343
53 157
0 198
327 337
106 222
72 145
64 382
54 120
26 213
232 324
5 41
274 351
31 231
10 260
116 231
194 372
56 135
101 193
100 299
33 45
31 241
289 360
223 271
46 328
323 389
296 376
241 310
252 381
115 326
217 243
249 269
75 148
2 17
40 331
128 384
165 303
54 152
90 161
192 382
137 351
160 175
31 195
273 343
199 381
284 323
185 284
149 219
8 226
52 72
202 262
311 357
318 359
90 368
217 378
49 291
233 282
4 282
88 318
149 286
206 371
191 263
42 53
329 356
7 376
0 348
100 233
201 241
79 169
25 324
93 260
308 309
215 284
2 389
44 63
207 334
17 194
38 106
173 283
184 330
191 226
14 379
270 376
246 316
18 107
109 292
140 312
22 98
78 186
26 350
339 356
201 314
58 253
312 345
191 197
146 333
98 134
6 272
87 357
212 284
104 107
275 278
14 235
167 384
265 361
339 368
45 213
96 134
50 389
112 383
171 375
177 235
49 380
77 339
164 386
80 257
86 303
326 330
92 332
147 205
168 243
243 282
224 319
45 373
90 145
144 227
157 314
63 385
218 276
156 207
318 382
9 66
35 346
123 302
4 182
258 371
153 210
104 334
108 171
22 230
78 174
118 226
131 134
143 156
203 245
20 191
0 284
86 173
163 304
255 269
133 174
77 157
10 278
315 316
159 335
136 149
145 251
75 264
22 125
170 218
101 258
310 349
76 330
62 346
103 220
77 120
55 269
236 331
94 120
4 297
163 267
65 186
39 334
91 128
129 144
143 325
86 125
271 361
200 358
49 135
33 71
339 363
23 368
49 154
266 350
199 212
67 229
235 277
2 195
26 33
31 200
116 180
81 260
268 344
81 253
19 194
172 326
186 230
313 380
133 295
32 105
43 304
57 285
251 255
12 228
299 377
142 165
282 301
5 184
81 189
150 176
159 371
215 282
134 351
213 337
195 261
35 141
141 309
78 375
176 319
11 277
20 157
62 137
239 254
99 347
46 211
228 370
196 307
188 273
170 339
36 250
158 205
33 195
224 301
66 278
28 113
40 390
312 342
25 129
169 328
29 357
203 293
172 200
186 279
110 179
142 143
74 94
100 269
262 371
324 376
161 335
90 112
53 59
190 239
52 200
87 386
158 203
75 201
187 242
216 280
225 364
269 366
6 361
103 140
310 336
350 384
270 381
0 42
265 282
350 374
240 375
6 15
118 131
204 208
224 248
120 164
286 354
185 279
67 240
140 361
64 106
56 269
164 319
43 363
132 322
103 143
77 131
183 242
188 351
174 347
73 386
256 305
128 230
77 386
194 247
155 168
26 207
29 131
154 250
81 185
142 266
133 247
3 54
172 176
150 290
233 351
65 85
113 347
114 358
70 164
105 138
258 329
65 243
45 265
94 213
260 282
131 253
178 353
261 263
91 229
102 337
203 301
14 382
210 255
80 97
259 320
75 192
65 217
33 179
18 42
175 333
78 209
5 36
270 311
129 252
119 194
9 172
163 268
6 276
38 205
100 383
238 361
233 269
127 389
57 227
187 264
54 58
44 258
62 234
68 85
257 368
60 363
66 328
241 382
78 87
1 316
92 109
154 211
179 181
42 129
84 331
81 371
189 381
74 347
183 303
201 369
65 137
214 292
10 198
29 271
35 197
59 345
71 275
341 352
209 330
154 388
8 318
253 373
223 286
146 304
166 248
268 309
329 361
102 326
171 269
39 214
181 370
170 246
9 185
82 286
67 389
93 210
272 289
208 351
232 342
181 216
106 146
263 274
316 390
115 222
93 359
17 236
149 190
92 371
304 340
124 334
19 207
163 338
244 335
119 220
30 70
231 244
290 382
97 234
148 267
205 305
129 342
26 161
109 329
95 343
116 156
92 174
162 280
140 317
135 171
218 312
166 333
362 381
28 298
184 193
77 247
96 386
147 191
129 243
73 223
219 222
93 254
5 307
11 317
28 321
161 321
207 274
152 194
57 184
222 354
103 250
306 347
34 316
56 357
65 90
101 373
6 170
1 360
125 192
173 221
239 371
109 388
0 277
69 316
14 269
39 248
109 313
158 340
35 348
38 384
126 242
24 151
182 194
196 333
174 286
233 326
156 257
98 284
165 258
81 221
216 345
60 253
124 386
140 340
39 121
3 159
201 297
83 144
220 343
194 298
255 327
104 346
64 277
299 315
85 104
86 235
43 54
235 260
79 355
50 106
94 312
133 276
144 151
95 314
244 388
259 305
3 194
295 327
208 335
22 195
189 289
258 362
126 368
31 276
257 350
133 290
248 264
248 390
135 281
6 250
160 216
134 360
205 285
77 225
25 345
148 177
207 351
125 286
28 328
211 254
97 205
110 333
52 366
158 213
228 316
147 210
32 53
25 252
155 385
142 343
88 99
31 243
37 170
19 381
359 364
37 238
23 77
62 340
273 366
43 205
275 342
217 316
194 365
89 239
49 116
52 316
285 287
204 308
205 371
232 356
77 173
176 181
7 206
329 341
144 260
44 267
141 294
19 62
234 366
195 332
240 263
120 281
45 72
36 147
153 298
20 255
25 154
40 212
54 344
236 317
162 278
127 344
255 313
94 136
262 270
213 385
248 380
68 296
28 39
224 355
180 257
175 217
238 295
22 106
9 305
154 307
49 231
102 213
290 323
92 348
48 65
114 129
328 373
291 388
185 308
40 270
134 165
96 108
272 305
225 246
46 380
123 285
78 194
86 135
75 185
34 145
43 148
189 222
109 126
37 125
132 142
251 319
156 184
94 240
24 138
115 226
97 164
116 384
32 170
180 273
45 320
108 279
73 387
102 110
44 90
102 240
324 352
78 184
38 254
29 180
141 357
127 216
81 173
322 347
102 204
117 293
169 250
43 76
39 75
269 346
275 293
204 259
60 248
363 369
233 337
44 262
3 74
238 325
187 388
334 336
171 220
138 262
182 285
5 222
312 352
289 330
106 338
26 248
168 386
62 307
246 387
197 225
124 360
112 217
26 165
130 137
264 314
167 242
125 376
207 234
118 360
251 270
123 192
23 36
54 302
187 277
74 324
12 57
268 349
59 187
270 352
43 222
12 229
184 192
205 236
12 184
185 312
31 363
223 295
121 328
8 233
75 326
319 331
62 228
143 218
34 217
9 300
159 267
180 279
322 373
193 384
176 325
148 152
60 347
146 165
60 257
221 370
44 349
109 115
63 117
181 316
25 186
259 284
126 139
19 143
155 289
108 312
130 363
102 296
19 386
10 186
56 62
0 223
29 37
231 265
172 316
216 321
40 255
80 263
128 390
53 221
105 342
261 283
172 275
143 175
19 238
162 263
65 68
262 338
264 287
97 184
31 192
108 308
16 269
232 344
183 218
54 323
282 302
125 126
5 65
318 345
22 100
78 384
188 354
42 216
188 269
363 386
29 158
73 252
288 390
257 363
307 390
56 116
351 375
62 158
76 335
33 202
146 290
308 376
39 317
141 202
154 218
183 323
107 326
109 361
2 14
166 255
19 74
28 35
116 309
191 232
161 216
33 38
29 279
126 217
100 292
3 144
23 234
23 182
45 224
236 324
296 316
5 107
37 230
77 336
12 265
39 130
92 147
278 308
307 314
103 153
38 297
71 364
23 157
113 189
86 311
106 156
54 131
96 235
172 228
53 326
57 126
213 254
8 269
35 131
40 171
18 239
22 355
121 200
270 300
147 193
5 123
130 182
251 318
132 295
101 247
208 387
181 351
195 329
338 373
133 362
359 360
79 332
137 178
130 346
303 341
134 286
192 274
88 110
103 326
198 207
206 259
162 176
188 215
6 327
120 196
356 379
232 253
79 313
135 363
34 237
113 372
63 90
91 136
91 179
255 351
77 204
128 185
318 349
31 280
101 287
119 162
94 138
260 332
184 300
92 186
19 128
28 239
96 228
27 276
137 323
140 164
150 332
125 208
30 193
32 239
119 354
218 323
167 300
80 309
201 377
273 352
128 372
169 354
223 340
167 352
264 269
20 176
18 332
242 247
148 205
155 382
30 248
143 385
244 265
46 216
216 360
73 128
22 61
20 297
51 123
69 250
83 335
287 313
93 137
93 341
213 238
15 152
138 357
268 333
39 269
274 281
86 209
71 125
63 317
207 286
40 279
64 227
1 321
37 215
42 201
0 310
341 359
126 376
68 314
40 78
126 333
315 321
159 358
0 3
96 334
19 222
41 62
79 199
185 186
213 303
20 68
214 239
27 71
222 283
42 241
8 258
112 164
22 158
48 315
134 283
195 227
192 387
299 301
285 390
288 370
156 333
110 337
74 339
105 204
222 378
165 308
74 305
100 387
135 373
74 187
98 348
216 248
155 169
180 389
137 321
30 341
96 222
90 231
240 350
126 234
208 368
234 266
224 288
226 341
189 315
198 297
154 298
283 371
229 290
86 238
94 116
