523 5132
258 484
101 231
70 345
236 361
17 51
269 466
204 268
47 302
1 456
180 239
38 513
151 273
440 521
317 484
192 415
285 500
53 443
75 153
388 393
100 435
55 201
26 206
288 299
144 161
226 244
142 435
92 152
347 450
208 261
402 416
219 253
395 465
375 494
176 211
79 286
310 453
12 75
382 402
323 457
125 427
383 437
344 351
204 461
228 506
51 448
274 334
35 469
36 373
263 417
30 94
45 409
40 454
451 504
87 494
219 347
38 251
117 197
178 462
254 288
9 287
94 328
167 304
83 445
267 521
38 81
192 330
190 264
185 370
214 493
286 334
10 95
96 471
22 241
79 352
189 436
67 468
136 233
176 239
144 510
89 159
357 437
57 130
182 441
125 413
79 389
8 440
247 315
142 417
171 418
140 462
148 338
88 176
287 308
17 461
366 515
372 459
87 322
4 455
29 304
6 56
80 405
303 387
412 501
264 332
192 486
246 290
170 182
56 455
9 127
134 357
133 492
197 403
133 290
286 457
88 268
51 370
106 507
66 397
414 447
201 244
37 290
228 275
106 152
73 181
220 379
37 373
92 172
142 343
221 254
357 457
352 384
488 513
206 438
100 405
104 328
59 180
148 343
92 284
74 125
156 337
204 230
308 503
196 253
19 75
52 350
216 363
109 287
150 407
21 105
151 440
210 294
218 426
4 115
37 218
231 409
193 420
318 474
120 199
436 502
90 309
289 443
176 483
76 209
206 406
291 350
24 325
164 220
132 508
269 280
77 208
53 203
436 447
13 515
49 513
15 150
156 389
57 223
141 190
181 509
157 508
245 312
213 262
50 364
44 246
87 166
288 455
86 184
217 237
26 517
173 404
10 407
301 480
89 156
184 342
151 407
34 179
56 429
142 457
137 217
187 295
176 394
150 204
84 438
252 365
123 270
388 490
15 227
215 239
139 367
41 408
199 241
43 522
165 515
92 195
368 501
153 343
251 320
81 356
283 509
75 253
289 303
353 499
265 283
152 482
389 395
62 242
474 481
56 85
351 443
29 204
284 463
40 466
94 504
48 114
96 240
465 513
4 26
208 362
85 141
268 413
37 298
306 412
249 475
176 345
219 435
45 170
183 468
211 370
422 518
277 312
432 513
273 364
144 263
7 109
22 366
193 223
183 388
234 407
204 375
256 449
84 130
72 431
184 195
35 346
372 391
193 473
99 436
12 492
243 266
61 101
281 346
129 476
268 387
329 408
337 508
46 165
250 495
173 355
296 376
249 504
55 446
21 305
43 217
82 108
189 266
368 418
332 371
115 504
20 420
158 517
172 236
155 194
17 48
128 235
85 351
470 519
186 228
251 512
60 186
85 374
103 311
31 276
425 522
270 418
396 516
112 418
154 338
163 478
167 483
316 479
6 434
358 506
249 403
291 490
260 372
77 405
100 136
339 347
260 433
187 329
139 374
327 369
137 276
51 503
18 268
54 101
263 361
463 490
318 391
9 499
136 503
218 402
409 467
275 350
219 495
30 143
129 217
417 420
68 349
99 138
395 404
112 285
373 426
360 455
102 163
0 53
377 458
203 283
225 395
7 247
300 307
335 402
76 186
65 164
185 421
302 328
430 468
132 408
48 468
69 84
35 130
18 509
365 515
223 371
74 362
12 249
312 477
398 452
440 484
137 352
60 348
177 228
69 285
148 174
182 478
275 409
117 229
22 34
460 483
34 79
330 456
41 392
261 480
57 269
247 402
235 318
451 462
267 300
434 484
27 316
197 443
100 262
71 145
11 36
129 194
143 175
105 316
172 410
69 372
341 423
74 200
246 280
106 453
236 396
326 327
18 100
268 452
39 423
74 405
5 376
97 335
200 214
12 207
72 446
84 150
369 435
77 197
100 317
121 435
104 408
314 402
255 317
125 455
148 392
352 463
287 335
354 511
117 359
162 498
130 143
137 293
114 477
115 300
18 341
74 286
482 496
16 364
135 379
4 53
383 513
187 462
175 391
26 176
195 405
393 412
70 488
131 493
212 399
18 49
110 173
21 79
35 509
134 381
134 391
115 359
88 252
411 511
222 423
32 88
53 168
180 198
34 433
389 470
269 357
453 463
72 112
135 431
18 501
236 418
249 516
225 327
70 455
47 86
178 487
161 476
213 503
43 181
147 231
263 289
5 172
162 268
142 473
246 402
107 118
132 466
479 482
30 507
71 454
193 367
12 307
234 385
25 340
35 150
332 384
153 357
41 123
313 371
412 486
213 216
79 521
257 313
32 468
259 438
71 186
457 500
270 363
360 447
278 360
22 447
5 439
233 256
181 469
155 287
354 403
240 472
190 372
197 519
283 512
131 238
245 516
331 334
133 333
67 482
129 345
23 433
443 519
28 356
9 368
273 456
57 201
126 246
207 296
60 504
85 154
125 261
206 446
82 114
42 373
112 468
60 379
143 344
54 358
167 300
89 452
161 404
137 489
286 401
154 177
497 518
262 503
41 179
269 295
129 323
43 242
205 485
44 351
41 53
288 520
167 201
218 289
18 410
129 496
66 350
198 479
399 415
17 326
184 245
388 493
230 246
252 302
235 290
61 405
20 387
28 144
98 405
259 493
91 132
121 278
142 487
8 283
228 408
131 397
245 450
169 338
331 452
168 231
89 135
49 214
180 267
184 319
125 193
80 435
278 423
56 404
20 97
19 65
155 486
191 248
351 374
235 384
368 475
141 239
322 376
32 393
230 464
400 435
266 472
298 362
289 444
26 87
341 387
74 316
110 329
93 440
118 279
40 370
32 353
192 279
311 509
133 369
292 300
98 306
82 492
14 154
83 327
427 467
52 386
400 447
18 83
245 273
272 445
423 493
236 459
110 238
111 343
457 522
27 327
68 95
261 512
61 401
133 327
7 80
200 437
225 482
227 278
63 80
265 511
73 205
90 225
244 467
221 243
105 497
42 133
100 298
102 420
60 299
134 406
62 193
91 194
71 301
100 400
65 515
427 464
55 444
70 335
216 218
305 376
62 109
52 235
289 448
215 265
359 377
41 325
152 158
78 494
127 160
12 196
278 442
227 439
260 367
174 224
199 296
12 287
318 372
135 394
52 292
89 216
156 489
278 351
70 472
452 506
3 356
385 418
75 441
258 392
137 349
336 416
60 339
50 208
48 509
209 251
198 383
5 364
323 354
202 392
94 186
128 364
428 510
56 441
198 413
245 421
236 439
292 359
52 376
262 363
60 255
229 303
348 382
219 389
312 319
158 403
424 483
67 185
54 514
92 445
18 124
79 474
52 391
336 358
324 340
154 316
48 473
21 203
270 446
293 412
124 208
207 299
163 435
330 334
263 344
47 56
83 216
45 124
170 294
336 338
37 364
314 426
186 470
44 222
98 210
393 394
123 469
103 232
25 438
96 279
228 303
28 437
114 315
203 494
253 281
75 255
199 427
40 273
72 295
52 221
109 347
172 503
203 326
338 383
278 288
151 184
340 363
105 444
117 432
161 516
92 455
137 350
178 254
200 314
204 301
51 252
411 489
416 517
232 404
225 446
349 408
122 221
113 490
75 301
92 124
334 466
146 363
200 241
220 292
24 199
334 345
243 295
354 383
371 436
177 491
23 407
279 323
112 386
124 157
390 477
133 168
26 236
235 444
231 271
165 441
190 377
49 96
23 39
254 293
17 404
347 430
125 289
308 410
249 405
76 331
183 230
239 319
58 146
454 502
252 456
141 453
230 361
136 238
105 167
94 123
39 272
94 141
120 315
15 31
241 521
61 417
65 269
245 317
382 460
10 171
100 174
401 500
52 319
35 384
398 491
381 443
92 289
113 200
457 463
474 483
496 508
124 437
400 482
9 91
219 343
359 417
459 462
85 420
492 513
113 372
148 473
104 186
184 520
199 458
126 130
148 365
131 454
0 214
126 208
34 505
19 335
254 332
13 120
123 408
14 73
105 135
149 338
218 253
170 257
251 282
148 340
8 136
181 455
105 160
13 242
42 53
50 56
204 444
289 299
160 347
446 511
184 490
219 268
286 501
249 445
263 288
140 176
42 200
95 104
106 343
383 395
399 496
83 159
268 351
191 276
149 374
98 412
36 259
328 384
93 498
146 303
187 318
223 390
308 462
123 304
398 431
7 476
36 378
140 208
271 290
229 234
180 208
173 468
119 209
357 479
150 450
47 128
405 492
496 497
208 277
255 390
350 453
381 442
222 502
61 322
155 278
18 459
403 496
330 517
293 379
211 507
318 358
504 517
198 454
25 43
205 430
42 254
309 509
198 500
447 485
44 514
390 437
196 421
104 180
395 500
223 338
305 307
194 285
52 426
400 485
447 517
116 192
263 394
118 300
40 509
132 456
99 125
414 454
28 298
264 279
300 403
163 483
25 331
363 420
168 433
65 229
209 263
139 232
102 335
251 337
247 356
34 248
161 184
169 483
239 403
84 146
98 463
142 514
326 395
143 419
357 521
10 374
50 205
8 377
60 422
9 218
222 468
363 408
36 128
225 498
370 395
287 496
68 293
306 413
71 113
372 458
359 414
117 247
198 256
19 385
61 315
352 446
351 490
75 291
47 361
298 449
23 151
210 408
361 387
47 370
232 235
113 269
43 153
254 419
61 231
184 433
196 267
235 285
74 281
154 307
61 440
31 336
294 439
342 418
16 388
79 423
34 486
21 28
366 442
183 351
54 361
103 506
267 462
45 469
37 151
9 79
111 450
212 383
448 463
408 515
14 353
77 518
4 429
46 392
196 236
191 258
391 506
304 356
121 482
70 190
83 170
34 434
126 140
132 183
241 397
4 207
28 330
159 372
381 388
140 433
126 144
115 225
133 429
52 390
237 382
340 358
127 286
204 424
96 179
105 409
144 292
96 143
314 421
9 495
49 464
131 262
331 392
77 130
212 438
174 298
251 409
80 133
301 503
138 406
133 141
106 241
105 424
230 412
89 148
117 404
35 335
64 238
112 139
87 284
24 104
150 167
49 406
21 251
141 196
324 473
195 273
491 508
481 496
64 266
77 520
10 298
224 275
438 450
195 362
51 242
16 285
77 335
7 58
205 389
170 172
184 266
169 422
161 250
59 185
371 502
461 469
29 479
129 483
196 386
20 126
397 438
188 486
96 175
27 261
420 482
410 416
169 390
167 487
121 186
74 339
481 519
149 490
139 175
214 381
221 481
86 182
243 309
370 476
265 342
327 386
491 514
87 353
384 501
106 217
282 412
287 289
64 325
97 213
58 205
376 446
244 459
104 201
315 490
173 246
327 436
263 272
60 212
92 209
145 187
114 149
379 426
148 478
151 304
134 213
196 268
156 313
170 519
182 462
271 476
24 509
202 469
70 383
43 371
301 309
12 301
257 508
332 508
61 92
164 211
45 151
233 234
122 161
280 494
453 477
217 353
279 358
138 463
60 67
39 247
61 147
33 243
16 55
227 389
133 201
10 103
320 440
68 104
226 386
117 139
22 419
94 316
256 283
262 450
46 391
331 470
130 191
203 350
169 421
39 243
110 310
181 343
299 406
251 380
20 235
422 471
384 452
284 324
202 323
376 393
240 337
71 490
59 156
233 261
191 353
294 342
360 499
116 210
235 359
233 255
58 430
35 92
478 494
71 111
255 385
119 232
437 441
27 185
396 497
176 297
436 444
413 513
7 446
129 309
203 266
31 357
192 233
272 306
11 260
8 505
34 458
310 506
77 519
386 467
13 389
19 470
103 435
42 319
96 297
52 331
20 495
38 290
364 425
165 175
158 251
384 486
157 189
66 105
178 399
139 243
97 313
175 348
188 436
211 476
347 371
397 462
261 342
149 397
147 393
155 253
306 507
350 358
476 520
10 236
116 440
180 299
155 502
53 351
204 256
122 345
317 332
30 419
89 261
95 111
448 491
211 470
16 138
291 483
151 196
37 185
133 365
43 222
131 364
451 514
379 443
222 269
133 338
28 418
181 189
113 145
202 329
107 339
414 461
142 242
214 262
382 494
34 483
308 436
167 386
159 351
10 448
296 336
313 356
98 392
87 199
197 450
89 215
292 392
237 273
266 493
79 331
213 371
230 475
256 426
208 428
222 491
343 369
184 323
23 378
231 344
86 145
98 276
356 386
375 457
158 475
71 329
67 290
45 103
332 492
385 419
83 92
305 365
122 198
8 26
310 322
18 292
79 85
57 518
127 217
32 447
200 450
168 473
80 210
235 375
198 201
118 160
513 521
68 158
61 258
174 193
77 371
191 477
232 508
286 358
47 294
284 516
428 468
248 504
12 486
264 350
294 383
350 493
244 340
348 502
45 370
284 386
257 435
89 174
199 436
276 311
51 450
384 390
140 181
178 338
254 384
168 213
155 351
367 381
57 221
25 226
103 128
281 458
297 443
134 284
316 434
207 346
78 429
90 491
23 311
165 392
246 395
202 440
282 479
51 372
42 316
97 402
273 506
83 476
248 461
139 225
12 163
163 422
213 217
52 380
41 449
253 457
356 375
93 485
128 233
374 414
148 320
147 305
62 94
71 98
162 415
154 210
152 214
59 319
301 342
219 254
244 500
44 152
219 422
390 504
198 343
181 519
97 306
14 508
56 138
36 135
323 496
59 413
117 228
251 499
105 315
206 302
123 437
192 388
409 502
216 429
291 464
167 360
83 192
412 483
199 358
162 226
254 371
72 394
68 308
44 488
15 92
113 423
308 329
13 423
313 352
18 28
18 450
35 45
330 351
41 234
375 480
64 128
125 244
28 72
103 302
203 441
285 339
48 465
38 340
223 387
31 382
306 515
481 515
329 473
116 494
177 188
53 311
246 465
17 154
237 242
371 439
229 268
13 342
198 227
116 350
189 350
52 240
208 288
383 398
22 362
436 457
159 476
372 453
37 442
233 251
0 515
122 464
291 445
127 269
182 367
302 384
182 493
352 511
38 276
52 162
268 435
154 258
30 116
76 187
220 508
55 372
301 441
78 234
117 313
90 384
112 396
166 277
55 126
322 370
160 275
126 354
256 354
106 356
187 291
377 404
130 363
216 425
118 208
140 240
15 147
28 263
237 344
139 185
45 270
3 491
176 293
13 468
109 149
119 326
22 515
238 455
472 484
87 135
4 15
313 392
436 453
6 127
20 271
165 303
377 508
321 470
132 178
61 264
43 187
203 459
232 330
425 438
253 278
161 210
90 416
416 483
432 496
27 301
66 167
229 506
82 253
232 352
439 520
298 399
211 440
43 491
102 368
344 445
213 229
190 360
114 364
30 254
120 444
102 150
4 8
393 518
59 446
405 455
473 516
273 386
117 447
75 85
136 187
443 465
118 365
332 368
137 354
253 310
54 207
93 128
458 464
113 261
294 465
38 229
319 393
379 490
114 487
56 434
49 274
47 397
180 483
51 83
207 432
216 373
311 318
3 438
148 303
292 406
10 93
49 310
151 399
231 446
101 321
185 393
80 198
193 415
35 512
86 397
356 508
40 517
73 172
167 379
7 196
259 366
275 281
62 389
48 59
9 212
259 327
358 410
123 170
236 516
195 214
172 477
289 404
303 493
286 469
216 512
364 455
26 78
140 373
298 336
150 497
436 448
279 436
94 121
151 221
149 415
247 503
52 85
138 330
57 166
220 253
123 187
297 372
175 214
207 443
250 306
73 303
247 507
36 456
44 305
338 388
177 483
132 135
163 464
143 362
148 486
374 509
14 218
195 442
366 426
266 416
85 415
201 432
302 411
255 309
205 439
268 289
53 280
41 393
417 496
18 339
9 279
210 253
35 156
6 78
378 403
172 226
78 197
175 412
332 343
242 307
37 231
321 492
154 192
7 415
261 483
75 433
333 382
422 503
303 422
147 242
223 269
334 400
246 451
17 235
41 160
330 395
153 381
146 282
104 278
265 439
125 257
19 90
385 426
201 394
144 412
410 433
98 361
233 292
79 208
44 216
206 253
26 365
250 388
45 150
186 223
237 348
84 510
373 490
22 77
69 161
224 327
333 496
40 239
88 369
434 465
7 447
219 476
38 279
4 502
206 377
180 294
289 417
103 334
154 240
77 287
205 393
374 391
406 462
72 233
109 124
13 354
386 421
380 469
17 183
295 430
319 451
51 300
207 352
153 190
236 494
116 495
393 448
208 433
201 237
156 326
188 368
84 102
453 481
135 224
364 443
282 285
206 279
124 321
190 509
314 459
486 517
336 471
404 483
112 491
42 453
431 470
58 235
219 407
252 496
98 232
297 465
98 340
162 298
113 376
84 145
409 441
221 411
221 521
329 344
310 349
29 424
164 243
373 428
279 336
51 69
23 447
364 494
83 116
142 180
142 492
187 351
34 83
86 135
192 505
98 287
145 516
96 418
108 504
158 308
9 462
98 397
107 479
59 65
37 128
238 385
24 257
125 296
325 362
223 463
20 161
200 215
169 393
245 339
260 342
28 190
469 513
8 77
332 362
144 323
432 439
60 334
363 381
58 125
20 278
146 431
29 505
98 196
254 305
471 480
259 435
487 522
491 494
83 280
259 276
49 169
398 450
24 234
169 250
208 455
460 497
377 509
134 478
105 175
368 397
79 251
37 389
87 513
127 486
60 393
358 500
168 342
296 384
64 208
73 136
233 427
2 425
33 348
351 413
4 475
300 520
293 522
422 490
100 187
33 144
242 465
281 351
22 95
6 185
11 313
115 414
452 509
308 393
41 381
332 411
17 386
164 490
236 323
52 169
117 363
252 323
92 359
51 309
79 117
368 386
7 297
5 421
57 208
119 181
121 132
11 101
176 392
11 229
347 507
151 367
305 519
56 461
82 294
185 402
199 283
140 180
234 329
221 379
277 454
124 200
247 276
435 462
241 439
54 513
273 519
208 210
299 354
11 517
1 5
135 293
96 498
7 12
39 367
431 480
357 462
326 340
470 484
155 303
76 168
5 57
222 342
51 273
229 496
258 317
25 423
4 65
76 260
277 424
83 407
262 478
14 41
271 304
81 450
51 414
112 376
238 490
135 247
116 447
211 478
47 462
209 428
6 432
146 427
79 290
73 288
468 501
273 507
341 513
20 440
57 499
55 406
287 511
199 446
66 506
92 98
151 499
247 409
305 491
204 291
6 339
230 291
321 469
335 474
206 456
70 233
15 350
20 478
96 220
314 458
201 516
120 197
189 344
378 393
185 311
194 230
109 236
327 482
377 483
114 311
182 429
368 393
172 433
211 339
73 325
56 94
146 318
224 233
137 173
112 160
311 423
183 220
88 348
284 494
154 199
68 78
409 417
11 25
327 516
347 499
23 487
364 441
135 521
9 521
41 293
71 222
77 82
173 338
24 41
287 506
445 457
272 492
165 339
31 151
108 380
59 350
132 271
126 316
284 483
120 182
137 422
258 386
254 378
360 362
330 372
173 401
330 477
200 387
417 442
98 516
143 293
416 441
388 444
148 171
151 396
280 324
46 107
225 486
43 123
408 486
288 388
161 384
309 482
365 522
173 448
482 503
239 511
211 331
134 435
129 152
43 343
193 300
385 437
91 398
53 340
275 489
246 292
118 361
254 476
148 309
331 411
2 278
89 451
21 335
334 478
4 403
379 418
2 177
237 487
330 475
28 267
157 310
447 503
234 395
430 464
26 48
381 432
59 306
6 481
293 386
116 377
192 357
62 284
290 468
211 513
84 188
166 510
57 317
3 307
316 517
187 463
361 381
123 363
284 339
2 267
76 330
264 338
461 487
183 348
279 429
28 172
223 416
226 457
373 464
441 445
152 266
299 373
106 306
247 464
457 521
137 381
30 156
360 421
306 495
17 24
84 229
120 201
431 442
339 419
149 343
150 176
168 373
5 73
133 261
8 504
502 509
510 521
210 497
242 302
273 291
221 396
46 193
33 224
31 405
209 219
119 381
415 496
146 200
80 181
137 418
5 414
196 294
70 478
255 492
282 311
189 361
190 447
175 210
50 345
258 285
51 53
139 293
217 248
360 493
440 465
153 274
393 408
33 437
93 373
216 473
270 471
194 384
70 200
123 139
408 452
354 465
238 473
7 270
131 148
3 211
168 424
90 120
22 283
146 343
112 206
204 518
252 413
492 501
110 344
252 463
315 463
16 451
138 150
241 261
160 240
85 448
18 269
265 325
253 489
167 316
177 463
2 170
341 483
90 439
244 349
179 328
276 314
95 248
309 461
326 494
45 233
152 294
291 452
52 101
227 328
86 200
300 473
231 328
325 507
144 222
178 474
342 383
368 391
345 416
126 226
43 159
34 49
369 507
343 404
50 301
138 197
42 517
248 258
0 448
224 369
5 203
352 379
99 255
325 397
69 489
407 465
408 473
112 381
394 482
62 453
118 176
89 225
477 504
18 247
36 291
289 312
99 256
96 421
374 472
54 436
301 458
240 268
465 467
54 200
52 198
231 351
155 509
132 158
22 243
38 522
305 427
288 493
51 447
23 134
28 118
230 513
195 230
147 318
176 495
202 339
361 397
142 239
44 365
179 485
94 304
107 476
38 431
45 62
74 334
181 429
256 261
64 330
144 253
116 481
369 404
57 205
87 239
0 416
205 238
27 344
433 467
132 355
89 199
199 254
123 401
17 465
447 496
2 499
118 322
120 190
291 433
418 521
322 501
303 357
337 521
48 476
255 518
135 259
370 391
250 422
8 391
46 436
257 511
280 481
229 390
85 476
94 257
153 444
183 243
334 467
95 342
443 487
20 240
58 234
269 423
43 79
178 232
98 149
188 498
52 422
390 497
54 173
169 177
78 140
198 360
298 433
70 112
79 516
235 500
208 427
210 373
24 189
26 62
107 132
232 371
135 411
221 336
129 469
216 360
129 352
65 277
338 371
67 251
304 473
35 264
15 294
217 255
472 516
325 511
221 323
232 369
309 517
98 156
413 515
311 436
132 194
409 437
321 406
26 184
137 315
450 506
156 239
69 173
280 327
140 437
242 459
208 307
140 350
18 93
125 386
97 276
32 458
94 466
148 375
343 446
88 175
14 38
321 436
304 451
152 202
215 282
495 521
54 313
49 335
50 181
98 104
87 286
354 448
343 436
313 419
59 107
75 405
161 241
178 402
376 452
146 362
242 356
122 446
86 228
4 95
20 280
249 434
11 357
229 413
68 324
12 462
107 500
412 425
90 415
201 337
111 399
174 279
2 375
140 261
186 203
369 370
78 302
257 341
79 421
387 522
42 149
116 205
87 216
174 192
110 112
25 286
0 217
352 456
173 199
32 405
137 378
348 443
100 345
40 215
458 482
362 500
250 310
56 414
393 447
57 194
183 513
35 260
146 505
68 357
5 462
264 395
238 407
422 516
271 512
106 231
167 217
145 303
87 293
193 371
415 495
281 485
59 68
42 326
210 463
51 417
27 124
182 238
53 95
111 316
65 205
7 250
167 509
304 314
248 392
161 206
15 266
214 350
78 369
144 322
222 383
131 187
303 454
154 247
111 473
104 147
228 242
136 252
239 412
7 62
125 276
43 147
289 398
119 420
266 459
145 168
74 401
1 474
195 313
191 244
177 287
150 223
88 412
13 56
9 188
102 185
215 241
430 451
91 353
359 513
233 291
159 193
165 168
296 479
81 325
2 275
3 441
203 413
143 284
155 352
145 215
19 475
98 290
2 316
114 515
154 160
59 104
25 301
104 503
91 465
326 475
165 291
111 295
459 464
340 504
300 491
260 494
450 478
100 225
68 513
14 84
72 274
278 454
64 480
236 443
34 363
170 444
322 386
159 322
33 405
421 448
69 191
12 88
266 276
53 322
42 279
35 162
186 424
56 129
170 468
29 414
263 355
7 288
79 391
65 174
310 512
281 365
67 367
501 507
217 445
184 506
243 376
289 368
408 444
17 157
27 295
168 222
20 385
79 425
100 201
39 211
70 346
80 513
365 487
61 378
27 68
40 453
337 456
7 356
205 361
76 102
47 50
197 414
242 461
270 490
128 169
209 301
42 144
247 314
24 236
41 482
297 450
28 187
168 172
3 255
431 511
65 353
216 343
444 456
225 300
139 499
66 168
191 253
38 453
55 376
130 346
87 463
62 201
161 249
359 385
128 410
178 263
273 299
112 187
71 197
2 281
211 221
167 348
352 360
98 351
49 120
70 375
104 310
432 479
47 317
328 454
393 395
367 401
182 218
113 460
49 472
246 358
16 66
185 351
5 512
216 462
159 336
58 310
14 91
140 406
256 317
107 178
210 313
343 445
124 269
457 459
221 498
170 323
171 434
231 448
105 287
126 303
325 418
321 325
5 215
64 435
193 209
262 516
173 290
356 440
20 151
163 424
109 400
218 351
197 383
82 137
182 403
362 426
112 333
88 106
146 312
90 133
205 232
326 496
147 493
125 241
16 314
145 254
74 265
24 342
20 140
500 516
132 509
372 447
10 244
6 392
227 430
16 73
61 463
193 405
306 321
35 262
247 269
14 419
133 287
257 473
404 430
85 314
138 241
259 263
286 450
9 40
23 97
87 111
351 393
57 330
349 521
351 414
335 469
183 455
261 434
301 476
90 124
39 350
61 414
222 244
173 182
7 374
115 165
161 227
248 484
40 210
196 324
102 164
17 350
70 407
133 321
211 231
289 293
95 126
66 245
171 195
38 429
249 373
298 391
13 395
31 390
321 515
431 449
113 227
65 318
12 237
96 99
180 191
388 497
45 90
217 311
275 351
406 521
228 350
193 230
147 185
344 465
201 473
356 452
112 137
151 269
112 355
16 344
114 450
6 63
150 361
189 307
202 278
343 483
441 505
29 140
134 337
376 441
97 521
14 290
105 112
192 509
73 188
65 297
39 86
214 331
244 251
64 384
399 478
44 311
54 402
263 381
127 181
1 38
67 273
219 334
161 338
324 437
190 249
33 338
297 479
258 295
323 400
292 319
24 369
174 507
197 346
186 513
123 238
342 454
378 421
84 336
5 158
13 308
164 249
104 345
370 418
129 184
293 417
99 179
345 481
57 386
120 124
70 295
194 341
258 512
25 265
156 392
72 226
108 410
80 459
264 276
87 109
205 512
367 393
164 378
128 370
265 451
30 188
242 289
157 509
399 477
217 329
301 407
260 424
106 218
67 422
108 239
38 488
337 358
21 317
15 255
81 486
11 489
436 481
147 332
49 259
393 470
355 496
144 317
181 360
298 301
158 217
102 382
82 375
124 501
49 449
216 400
31 345
467 486
94 453
108 150
361 427
52 421
62 261
312 446
69 324
260 378
312 436
79 185
399 452
361 429
292 521
450 500
269 437
206 267
118 384
259 267
25 307
126 164
251 503
27 290
199 211
504 510
343 440
4 324
54 271
139 431
76 393
377 490
108 131
24 449
197 522
57 327
201 449
142 289
58 108
116 302
44 244
226 506
79 137
476 522
31 289
1 390
262 391
237 447
35 429
136 362
46 509
28 49
300 504
273 472
227 290
29 335
135 470
161 400
434 441
446 447
509 518
243 441
336 492
345 453
138 181
161 437
45 104
303 411
215 343
318 521
145 271
13 309
100 267
22 169
143 280
362 400
222 379
437 456
316 447
149 453
285 307
287 489
101 366
372 410
407 493
72 151
63 224
433 473
57 104
34 319
261 354
49 211
171 417
84 308
48 189
236 419
317 419
415 511
21 68
399 511
114 504
57 141
23 244
5 313
118 292
271 497
230 418
253 424
56 512
68 411
133 257
41 237
75 453
18 46
87 368
346 442
59 226
95 327
9 504
192 265
206 207
87 470
177 427
47 166
59 476
53 233
237 432
367 437
163 178
70 80
433 479
102 512
41 497
198 220
61 300
281 449
118 310
86 520
358 416
223 282
106 469
96 172
464 497
192 334
169 488
23 36
187 392
256 457
102 310
273 345
412 448
65 100
364 369
213 280
399 414
234 308
67 206
86 354
11 235
220 483
142 362
355 432
277 284
282 498
247 490
370 510
314 448
13 492
479 489
160 442
154 221
89 337
23 354
97 425
13 228
104 514
25 358
202 313
53 245
104 363
79 494
235 518
124 138
116 183
93 515
280 518
306 457
204 307
18 288
341 448
12 131
71 510
252 396
19 377
80 388
337 403
146 247
215 221
154 435
74 87
285 407
291 373
44 59
420 437
214 399
135 352
413 450
150 432
316 341
84 440
91 116
146 307
92 226
219 260
86 343
71 313
141 357
46 414
4 483
32 281
26 180
26 313
180 516
234 284
59 263
229 400
209 352
325 416
428 450
189 284
358 521
123 350
128 441
56 133
56 251
326 432
380 488
31 468
196 434
131 314
124 418
104 396
399 481
136 483
99 494
105 504
138 434
11 220
386 495
232 373
57 415
285 413
81 85
203 396
276 334
253 403
245 479
86 100
243 282
129 340
186 275
155 436
65 243
230 466
34 428
64 154
267 305
367 457
88 92
85 152
61 432
28 439
397 405
38 159
289 433
114 167
347 402
45 521
146 235
99 479
105 283
15 302
217 500
112 138
160 371
259 515
28 289
4 17
79 103
120 385
299 380
158 238
227 503
436 468
158 329
244 362
290 354
91 412
317 366
68 414
332 418
22 330
8 66
201 252
219 358
128 143
394 497
170 339
68 382
200 227
289 382
204 399
43 205
409 413
23 483
74 178
131 214
65 468
92 138
258 447
239 394
233 434
311 385
115 318
404 458
260 510
28 392
499 517
200 324
145 510
355 501
388 474
9 470
342 410
118 389
192 244
65 482
66 502
332 435
61 105
189 194
225 396
114 348
308 490
390 407
123 129
41 324
493 512
268 412
152 232
126 296
273 361
51 57
219 478
3 325
134 349
200 277
217 441
157 416
374 440
220 468
111 350
133 223
68 464
59 520
21 113
29 256
28 469
422 493
241 512
214 473
237 322
167 232
66 280
97 211
269 477
176 216
355 372
119 452
325 361
315 479
259 474
262 480
38 110
129 384
228 477
97 212
437 506
44 350
230 269
179 182
9 355
213 310
239 244
160 220
40 490
200 447
329 385
276 300
64 373
222 460
157 382
226 254
372 382
214 521
21 457
83 293
101 484
308 411
33 313
142 300
506 513
146 435
220 463
7 236
412 464
182 263
216 405
53 140
71 486
295 466
89 258
108 267
87 484
60 251
106 130
35 184
482 487
309 385
400 494
68 360
213 426
154 451
62 382
210 317
241 459
296 324
293 435
234 240
132 255
474 520
65 129
15 195
402 405
31 255
105 141
19 120
123 334
67 180
163 339
368 428
183 279
187 240
89 186
50 403
175 389
134 318
118 206
113 354
23 73
362 462
145 181
74 174
3 432
65 192
120 451
134 291
337 350
74 483
169 297
186 468
267 324
82 117
154 216
253 254
285 305
7 50
143 176
104 203
253 367
133 322
36 83
79 260
99 338
300 492
122 247
318 396
205 514
317 393
77 429
11 422
156 255
46 449
262 519
212 498
97 342
147 234
16 228
247 391
352 361
4 515
205 207
69 133
188 316
341 465
376 517
431 451
5 437
392 496
223 377
99 315
10 34
143 303
20 149
376 491
111 318
11 140
63 155
195 416
185 289
296 478
177 522
41 84
9 83
79 299
291 394
238 419
83 288
260 407
79 347
23 450
131 257
402 521
53 278
67 76
103 250
211 412
416 463
137 434
346 453
143 374
104 181
287 324
239 486
87 319
453 510
136 422
45 213
333 363
122 236
15 252
155 279
256 500
57 461
193 329
288 485
36 387
133 372
348 477
190 421
264 278
88 507
398 513
179 398
32 472
166 409
278 470
148 480
100 141
219 409
120 486
316 456
78 254
42 440
69 276
88 136
426 463
328 508
184 306
26 319
158 225
135 195
55 94
132 476
190 407
119 131
72 217
61 66
13 128
2 466
18 149
345 387
375 510
127 158
44 88
30 308
315 355
69 359
271 275
121 250
57 382
74 114
265 436
7 180
102 135
189 421
58 259
226 450
247 419
309 351
360 436
58 358
70 318
247 487
232 340
73 284
135 154
43 238
106 149
225 454
230 258
24 62
449 511
77 139
163 308
152 223
52 282
32 170
166 442
384 499
50 423
172 379
189 328
253 319
397 478
96 363
93 500
291 340
363 465
360 407
40 406
47 478
250 515
389 456
109 323
138 183
21 73
418 498
0 248
13 63
479 509
310 518
1 347
159 442
243 461
123 172
39 498
61 127
93 376
123 344
216 457
219 446
114 277
393 492
21 52
391 475
35 374
47 185
47 377
89 370
3 107
135 258
135 452
11 361
289 334
232 241
52 215
329 487
400 450
286 337
11 469
6 219
59 186
31 259
179 511
86 458
7 417
41 279
330 507
119 247
180 212
1 48
128 470
300 417
182 357
6 260
41 277
67 106
55 143
304 390
45 50
47 119
97 359
332 458
96 438
148 202
280 285
416 421
242 398
233 473
26 98
419 438
155 326
78 148
87 511
65 475
179 331
40 387
133 172
55 109
165 259
320 335
124 315
338 357
54 140
86 401
331 466
32 391
207 417
76 272
363 400
126 260
205 398
68 512
469 485
248 385
350 389
261 404
162 262
107 377
30 402
179 329
274 327
480 502
311 496
85 427
81 273
343 427
434 440
468 472
57 237
65 172
191 222
78 517
159 260
327 364
304 365
318 507
155 316
128 336
285 502
220 307
62 431
411 449
273 508
345 482
58 340
98 105
113 410
1 291
239 392
382 411
144 324
134 280
62 236
284 447
233 332
205 231
119 404
202 322
39 487
279 368
144 331
79 388
292 474
68 484
285 471
131 400
204 486
350 391
59 169
246 329
41 486
329 415
158 249
118 511
76 489
46 447
382 426
502 514
314 353
305 343
318 380
339 480
126 488
161 410
93 259
224 478
411 486
131 429
19 178
202 451
162 214
44 481
262 397
119 159
20 89
14 162
46 53
213 440
252 282
148 293
72 449
38 39
29 519
312 411
302 477
226 359
152 331
187 467
314 510
20 383
90 216
76 397
56 260
66 333
161 474
356 510
246 382
190 450
9 482
160 207
338 497
1 221
6 203
154 342
33 54
256 466
263 509
276 408
140 329
55 359
120 509
216 470
374 431
259 488
127 128
43 63
244 313
58 89
388 428
238 479
379 457
107 441
130 281
196 515
494 505
400 411
132 468
282 452
141 511
23 204
162 321
71 174
323 337
14 265
207 280
63 460
174 453
203 453
281 445
234 288
164 492
339 380
159 371
179 391
194 262
259 407
366 454
110 434
146 446
166 221
194 510
225 413
60 318
169 365
363 498
47 471
254 307
29 404
248 399
12 218
34 98
362 472
261 388
374 455
151 417
446 473
316 422
21 499
79 497
186 392
346 354
60 140
26 104
70 296
456 499
15 340
163 220
113 449
271 406
278 400
293 370
424 425
51 385
335 367
99 117
88 275
361 430
151 378
241 321
108 273
93 243
83 127
336 459
86 212
273 441
147 466
23 295
113 119
220 345
287 467
36 78
95 338
276 414
404 442
143 360
368 477
152 253
30 518
147 425
136 241
372 432
48 362
262 289
88 474
13 48
198 518
125 278
6 498
226 383
138 437
13 287
274 426
68 395
379 521
57 374
269 502
275 510
169 399
166 448
103 242
26 445
193 486
32 80
321 413
69 149
12 434
92 236
420 432
155 372
31 296
175 369
203 389
67 129
193 306
313 480
125 285
145 514
110 133
40 440
65 96
26 210
338 422
209 353
147 467
339 422
78 121
122 300
203 490
83 419
125 230
310 471
376 512
107 167
178 382
145 441
103 171
127 469
222 261
253 452
15 125
89 141
321 500
45 386
224 419
250 424
487 493
191 205
271 480
87 251
156 486
229 446
65 71
186 327
134 290
165 405
256 382
24 498
146 189
461 488
245 291
141 361
117 466
154 223
161 452
297 414
36 88
286 472
357 493
416 443
43 282
27 441
204 343
128 313
466 469
315 488
30 440
344 448
62 522
29 469
78 146
266 514
109 480
253 401
43 235
223 483
95 387
5 189
240 266
212 419
44 92
17 269
14 245
107 371
208 398
88 503
171 424
45 393
91 411
69 437
50 186
180 513
368 411
118 233
159 338
19 493
107 492
234 378
325 450
210 492
310 361
163 337
262 358
304 364
272 367
387 460
18 98
285 400
218 346
128 520
145 189
2 156
39 249
30 110
189 269
379 459
124 521
67 233
79 365
242 338
392 446
80 468
150 455
189 214
240 257
234 436
344 513
37 356
156 460
166 521
351 403
227 511
55 369
262 461
403 443
29 221
150 244
127 409
245 255
382 456
108 202
115 320
292 429
369 410
174 286
131 165
463 478
269 424
202 471
78 294
408 489
181 357
45 517
178 426
53 254
55 335
29 82
56 127
216 228
310 339
135 482
143 440
0 8
23 510
137 261
195 345
297 487
15 447
335 484
41 284
152 474
261 346
332 334
93 170
255 384
468 518
301 438
55 63
360 461
3 110
498 508
126 236
99 133
60 290
204 297
69 163
250 425
230 338
69 325
330 394
133 437
88 283
18 37
160 184
191 224
121 177
67 502
143 317
68 84
235 262
350 405
369 429
322 352
144 250
126 326
212 421
278 460
266 404
207 228
203 306
149 452
110 366
78 408
340 351
173 301
37 85
75 340
249 452
396 465
335 439
171 393
333 448
337 383
345 483
93 205
358 483
253 288
398 460
58 409
103 257
10 369
358 400
56 204
14 408
490 501
64 474
196 416
276 462
451 481
121 129
106 286
257 469
434 472
330 356
5 31
142 283
242 387
11 40
299 515
148 243
92 227
418 427
72 463
255 356
74 323
477 511
148 298
77 380
141 154
21 494
28 514
144 313
66 424
8 354
329 405
26 243
62 468
281 474
262 318
372 433
51 381
154 314
221 269
449 459
164 310
160 505
228 269
89 145
195 344
14 185
197 506
278 411
129 168
39 486
184 435
38 341
90 203
131 279
90 365
158 491
169 308
76 219
478 489
2 38
4 375
194 500
7 66
66 356
29 37
120 269
15 247
31 394
180 403
301 496
70 354
45 352
128 207
68 355
119 480
275 394
39 288
414 438
290 311
137 409
150 490
308 458
373 518
134 148
322 383
187 356
329 488
77 341
246 423
156 504
316 430
245 416
130 316
168 301
365 423
150 321
335 387
96 146
57 116
132 290
74 99
97 424
27 105
267 510
286 519
24 312
132 518
328 351
112 494
344 369
102 295
199 464
417 462
261 408
163 411
11 467
116 373
402 510
27 410
68 208
139 391
197 392
206 212
368 430
42 45
94 319
67 223
72 434
99 241
233 307
256 377
58 432
399 509
22 357
84 461
175 418
272 382
148 285
82 228
96 510
137 379
266 348
309 335
261 293
432 500
90 161
99 521
20 359
482 508
115 514
383 490
108 181
4 222
214 326
138 357
208 431
43 486
191 308
324 482
353 481
113 500
122 306
151 293
188 233
212 313
291 301
103 386
8 267
43 70
107 444
378 452
300 514
184 223
54 429
438 453
153 486
11 307
163 224
341 461
231 243
101 370
376 511
187 511
28 396
200 483
339 376
7 286
120 346
107 451
171 349
394 434
371 398
54 227
79 135
25 246
14 479
189 191
202 389
135 196
20 49
304 348
241 498
379 480
63 486
153 420
392 424
60 160
268 341
168 221
9 383
156 510
143 461
18 385
11 211
206 250
130 354
199 325
323 515
290 517
95 265
110 477
451 478
2 157
93 396
509 520
21 354
22 270
140 455
138 513
95 358
371 473
163 426
90 134
178 316
104 215
69 294
5 366
0 113
249 367
211 374
50 459
159 418
222 508
50 414
116 389
43 265
12 13
0 452
245 521
21 309
6 358
207 326
203 422
48 327
256 366
183 491
96 184
47 223
216 274
2 520
232 289
161 359
44 218
57 285
209 340
90 428
292 477
40 474
125 209
254 337
475 505
354 513
10 412
186 252
87 344
379 415
119 517
314 323
280 379
28 257
432 485
144 486
65 154
21 383
220 389
98 187
154 438
2 441
291 297
83 284
250 427
33 352
49 167
270 343
501 505
321 518
104 457
285 436
105 153
270 282
202 328
29 246
164 265
165 332
102 138
40 371
172 318
62 200
24 221
288 355
71 315
118 172
13 119
435 514
427 461
296 401
47 252
250 508
185 468
4 188
151 431
61 158
342 346
424 466
82 382
194 482
154 385
84 183
140 171
395 443
186 304
84 337
235 309
107 267
155 237
36 404
194 258
353 442
37 332
287 334
183 474
230 391
51 68
15 191
123 300
72 423
105 266
21 454
413 418
403 458
350 512
142 328
109 388
110 370
225 358
403 497
187 303
142 475
4 150
116 424
51 445
104 506
374 500
395 438
221 365
150 390
58 449
78 128
18 192
163 236
438 505
451 508
77 132
0 408
85 310
406 429
97 374
185 344
180 454
35 179
471 517
336 379
255 335
184 196
1 67
291 347
178 240
198 355
91 477
244 260
431 462
61 262
311 440
79 376
42 354
240 415
372 477
263 500
174 516
363 451
112 383
462 464
78 386
47 311
21 452
270 344
23 126
206 256
255 331
71 385
410 445
114 125
257 260
271 319
253 410
98 302
114 140
32 232
124 475
79 450
36 212
89 264
444 485
291 494
123 277
123 403
121 204
246 430
33 148
232 517
66 130
320 472
218 341
12 458
325 434
333 381
120 517
4 365
91 424
44 421
15 497
117 239
194 216
158 206
34 381
33 496
281 512
209 469
374 478
238 282
17 83
55 377
384 448
137 141
94 165
340 342
299 388
390 412
134 420
26 156
168 347
57 191
370 517
351 406
97 128
129 281
454 514
249 492
41 464
8 163
203 371
74 420
134 192
29 520
108 172
56 182
178 355
427 511
234 466
44 510
58 217
116 274
95 172
167 353
367 414
71 373
204 245
403 406
491 510
258 520
277 294
108 121
135 264
376 479
212 389
106 208
323 472
505 513
172 446
107 156
139 242
222 329
242 357
414 509
11 150
387 439
42 272
283 386
475 512
279 515
176 330
430 457
141 269
75 367
33 245
10 343
336 461
213 298
75 158
217 314
21 478
336 354
495 498
74 177
57 256
129 394
46 163
381 457
287 441
192 445
290 408
115 502
170 304
464 492
261 369
442 500
239 467
172 495
37 428
170 365
363 435
382 425
75 420
389 518
119 208
317 340
22 425
144 167
42 148
167 442
331 342
5 111
15 226
6 24
56 194
301 461
35 396
331 347
98 493
12 405
18 368
125 354
368 514
73 141
394 493
115 441
278 301
257 425
158 393
61 134
111 519
381 473
415 478
216 332
34 163
72 267
120 252
152 221
111 415
81 232
483 514
81 104
176 266
240 430
107 140
286 295
368 444
238 430
328 361
2 155
171 348
162 239
86 234
262 422
87 249
416 448
212 222
188 346
384 388
32 313
37 132
340 392
200 337
198 318
100 326
29 420
6 346
380 436
309 501
199 420
20 327
99 348
109 402
265 450
65 256
130 457
106 172
224 486
59 368
153 442
236 359
60 332
242 329
52 398
244 397
34 508
44 448
1 223
43 393
245 383
18 195
177 368
40 245
192 219
96 281
35 445
7 504
133 192
19 507
166 376
3 509
212 230
285 330
439 480
13 261
346 395
50 416
259 470
233 312
112 209
303 419
159 284
89 374
345 399
144 147
9 469
219 326
224 323
324 412
207 388
177 432
137 241
39 66
11 266
109 336
407 441
38 113
14 481
104 521
30 316
192 404
248 255
416 437
191 386
27 186
328 495
294 331
85 459
298 312
43 405
45 99
6 55
1 202
136 227
388 433
41 186
271 517
87 294
113 159
83 307
82 427
201 490
218 482
72 101
390 473
3 449
73 268
52 280
59 73
221 241
212 277
403 483
28 515
184 421
363 433
1 429
6 272
83 315
40 170
17 246
81 198
251 513
12 387
309 411
219 305
106 158
240 294
221 304
143 309
22 472
288 469
180 383
242 401
365 388
66 501
190 406
210 288
132 305
201 270
43 433
319 493
22 429
148 516
143 408
221 477
115 356
260 456
20 331
111 306
400 444
98 469
171 198
144 408
11 69
67 139
1 399
95 149
197 456
16 381
356 428
168 207
38 306
0 243
224 248
65 127
109 240
69 148
431 443
288 331
221 252
341 417
84 216
277 290
138 309
152 262
90 229
129 130
173 519
220 371
186 456
76 399
449 471
355 389
64 509
60 115
24 358
38 390
345 383
339 450
29 78
308 399
137 372
246 260
104 122
366 372
222 430
133 210
1 445
5 239
56 348
196 462
389 435
193 279
56 134
36 421
255 299
319 496
83 366
200 430
23 113
417 465
127 366
60 107
125 235
56 267
26 93
36 402
235 353
111 369
247 499
356 466
187 488
13 137
267 454
70 349
104 266
239 292
37 287
216 483
212 328
53 376
78 487
265 300
154 471
374 420
256 269
133 274
209 265
20 305
73 175
12 255
87 187
62 385
195 312
113 387
229 304
146 402
121 230
241 436
84 352
7 183
223 332
104 437
222 409
242 364
312 483
166 493
349 377
244 522
43 412
292 308
25 505
18 281
313 515
119 316
54 471
372 440
346 405
112 353
82 482
280 347
107 148
301 467
212 333
77 270
142 247
12 154
160 405
15 290
263 338
97 479
18 188
91 435
160 289
92 411
7 178
97 476
278 451
367 433
139 386
16 37
417 507
18 168
22 350
86 495
225 355
29 478
166 436
116 292
83 454
131 345
369 475
333 470
279 286
49 159
13 522
366 519
287 407
299 501
302 368
215 448
169 225
32 261
180 302
161 256
80 165
13 364
97 301
325 408
205 379
17 367
41 512
257 356
317 386
263 440
11 423
334 442
430 511
273 331
125 369
285 425
1 121
254 499
22 468
2 105
20 112
37 201
65 513
101 467
115 389
19 26
155 159
245 437
16 83
278 431
375 408
83 125
436 520
238 268
121 438
68 102
177 425
44 289
193 490
220 250
1 37
100 493
242 397
221 489
140 443
185 329
220 372
240 478
65 399
127 336
153 440
274 510
2 16
304 472
179 366
266 454
436 507
289 461
208 515
264 404
158 446
4 252
38 370
131 449
414 450
137 424
336 389
17 163
54 422
86 128
364 491
51 412
9 150
413 476
171 451
210 298
286 475
239 401
22 118
191 226
185 212
140 460
285 490
412 453
