445 4934
190 387
150 428
107 156
40 268
80 367
301 423
132 267
342 429
160 275
111 362
221 223
56 298
99 373
305 347
239 338
276 354
35 98
59 325
5 413
84 440
208 400
270 278
94 305
251 260
23 181
186 211
221 338
76 312
39 287
116 439
351 368
122 207
1 168
63 217
297 413
172 195
5 109
241 257
132 169
312 438
161 378
288 356
64 381
156 178
202 361
409 436
280 332
232 396
191 401
300 354
373 388
343 406
245 412
228 294
163 369
120 230
369 444
253 424
41 174
100 180
331 337
386 434
194 315
17 163
108 263
35 397
242 392
88 129
50 61
275 338
199 380
83 225
45 343
27 253
118 212
241 393
38 247
53 351
309 380
139 320
171 351
1 358
96 404
378 442
26 269
96 351
19 92
91 234
65 177
113 173
28 66
215 293
70 90
292 390
126 283
156 204
155 369
68 190
344 358
323 349
45 83
3 180
306 367
76 379
198 422
33 342
32 73
275 417
118 151
314 361
66 369
112 403
1 317
31 400
55 85
145 291
15 59
149 177
151 170
6 78
264 361
232 275
234 339
77 207
122 312
204 423
404 415
244 437
21 325
107 296
111 333
96 176
219 263
127 401
335 384
46 101
26 395
391 407
12 330
18 369
300 360
185 335
262 322
72 300
275 373
20 162
138 147
269 306
154 385
39 338
45 203
25 83
8 106
133 419
80 358
13 322
130 234
103 400
45 198
169 295
247 418
330 365
212 302
76 184
15 94
50 317
195 351
133 235
4 142
146 261
11 160
87 172
167 207
51 444
200 377
177 231
310 380
304 428
5 80
298 343
78 376
328 374
398 444
55 368
228 443
379 426
208 224
299 336
68 320
196 444
203 321
18 143
43 155
287 320
12 64
177 379
228 342
255 338
74 428
314 443
338 357
169 315
24 177
157 183
4 425
19 282
6 59
143 379
346 433
209 442
7 444
79 114
27 366
215 341
92 272
103 409
212 343
79 356
273 404
19 262
128 343
135 245
184 384
52 253
11 346
216 226
90 267
141 249
4 139
310 345
394 427
170 404
317 429
74 138
36 151
62 168
275 357
297 391
14 421
197 385
258 379
234 371
210 212
201 288
127 365
59 342
28 73
237 407
78 264
104 404
171 423
280 405
291 376
113 150
7 149
3 184
334 353
152 324
139 371
204 281
15 417
138 170
331 354
33 72
290 322
355 418
17 337
110 164
121 399
235 403
182 280
270 415
247 367
36 139
148 350
94 405
84 217
258 411
111 339
31 418
278 351
78 139
52 389
258 275
331 413
46 216
77 311
24 119
28 324
94 401
391 409
94 144
138 283
176 328
326 427
220 283
350 387
145 422
108 406
59 290
39 185
357 397
332 393
79 209
13 43
101 174
118 211
296 426
132 186
296 331
119 185
174 382
184 393
310 410
47 250
42 98
145 220
170 432
45 108
47 411
27 206
85 227
77 252
48 228
74 148
33 394
68 347
9 50
407 409
36 285
80 286
8 188
164 369
65 94
256 261
51 278
61 286
111 309
33 194
265 363
77 283
42 47
210 353
76 367
178 192
168 207
382 427
222 373
99 183
140 363
150 439
48 312
75 163
348 378
10 24
56 116
365 368
62 228
219 261
272 344
202 375
211 224
151 172
180 317
132 232
311 331
139 405
56 94
103 314
392 393
235 400
118 158
78 272
199 398
219 433
239 418
1 48
166 333
185 310
168 385
314 411
52 346
154 207
168 399
100 397
306 320
28 95
275 315
211 301
51 57
262 280
124 437
33 336
119 232
173 201
30 258
116 286
38 53
6 84
242 353
238 301
1 366
117 424
51 269
333 425
347 441
140 325
168 210
98 308
64 113
36 273
96 348
365 427
44 265
36 441
194 368
83 183
347 436
60 91
32 287
140 174
76 95
339 379
34 334
111 210
10 109
58 397
269 360
138 278
9 78
37 155
72 268
7 107
8 359
72 415
291 390
60 395
138 341
72 334
84 185
75 219
4 310
164 390
60 167
44 376
114 423
136 230
100 286
24 103
200 439
169 413
17 431
67 105
3 19
308 361
248 396
73 281
101 419
21 323
99 291
159 214
121 195
237 311
36 102
25 97
125 245
113 160
132 283
10 111
369 374
81 116
219 361
87 359
26 109
124 247
175 383
12 19
200 260
22 67
109 256
32 372
196 223
161 361
304 373
32 320
48 372
111 139
50 393
215 319
126 405
176 193
19 197
22 170
89 390
73 342
71 323
65 375
239 318
270 335
38 324
58 360
167 326
211 297
289 405
2 247
164 375
98 131
240 438
269 416
207 349
169 231
283 388
88 208
192 310
121 205
2 39
84 309
118 235
268 435
237 405
131 146
36 206
47 133
88 274
144 251
152 192
79 387
124 289
230 370
50 73
35 37
37 47
31 47
173 413
92 107
316 396
256 292
178 415
311 380
58 279
35 67
28 93
41 153
36 384
168 189
269 333
96 133
236 381
132 265
113 440
311 383
162 180
121 200
112 248
270 312
131 195
67 318
67 214
107 238
35 38
84 259
221 352
28 171
80 166
154 364
10 177
15 147
154 407
235 432
327 438
99 363
74 395
135 232
272 426
331 340
110 111
390 403
251 292
57 81
214 310
52 93
259 284
374 435
158 423
28 396
127 391
224 362
60 355
1 245
77 439
36 395
214 232
109 233
196 409
249 403
117 118
136 314
297 383
250 425
371 393
270 360
4 214
247 391
29 380
366 371
349 438
103 343
221 342
168 182
177 273
49 186
226 275
296 333
233 405
133 333
295 405
186 349
352 372
205 288
5 35
92 428
238 273
268 370
46 344
306 351
83 437
203 379
73 148
350 375
269 354
71 118
352 390
193 283
166 257
166 436
354 375
93 209
353 366
30 167
213 344
332 383
303 377
327 399
402 437
32 322
185 376
10 57
93 349
187 297
144 159
44 306
137 354
141 204
96 443
215 375
24 109
251 299
80 84
231 314
233 349
93 332
142 197
365 429
56 136
217 423
136 252
261 360
36 325
116 435
209 426
41 92
6 208
340 379
298 301
226 406
4 64
27 262
133 325
378 424
145 315
182 369
243 376
293 409
295 441
84 325
103 104
33 121
146 328
221 268
141 399
62 427
288 360
130 324
17 321
145 159
72 164
208 358
4 398
97 434
48 82
117 371
74 400
205 351
124 385
288 387
295 378
0 166
172 386
239 261
34 181
121 364
11 128
89 263
89 386
194 323
111 304
164 259
23 422
326 429
93 144
68 205
151 186
344 423
137 153
144 382
187 439
304 378
172 363
81 426
96 308
122 211
375 429
123 164
253 331
34 61
353 385
23 72
249 290
108 271
28 307
76 149
125 282
155 407
170 298
79 281
18 216
86 163
250 270
216 323
124 154
38 351
242 298
55 103
378 379
221 278
133 292
113 174
214 312
21 114
120 426
273 301
0 329
269 317
31 437
35 337
216 324
155 383
96 313
6 100
173 411
62 444
273 308
112 377
170 405
281 289
82 430
123 143
249 355
63 73
81 166
369 397
324 362
296 421
351 387
18 438
28 369
15 223
213 243
34 244
14 206
235 269
241 438
219 389
117 378
93 419
159 302
95 182
58 318
196 439
159 380
242 411
82 392
183 244
73 353
283 443
58 193
71 150
54 284
345 377
280 293
223 381
240 255
8 253
131 389
104 199
378 436
39 403
14 172
12 251
268 432
368 382
209 326
7 147
184 203
53 155
138 186
58 325
53 280
157 225
421 436
230 288
148 233
424 430
156 213
89 179
112 339
214 340
174 284
142 282
181 261
55 222
103 152
156 402
125 289
101 120
55 249
28 276
65 218
94 181
73 327
189 264
156 395
124 405
22 89
104 426
13 93
138 192
345 442
35 319
273 350
131 190
216 442
81 261
374 423
42 77
193 392
16 141
13 106
95 293
17 297
17 67
61 186
95 332
182 227
174 236
65 145
310 322
295 396
92 414
115 153
211 349
74 343
71 148
144 316
423 433
346 407
22 424
151 232
313 385
161 435
60 156
225 296
1 151
286 394
329 355
170 227
156 337
86 367
54 128
233 391
154 293
80 142
0 395
69 334
234 282
123 175
299 351
185 262
14 372
115 322
205 405
233 250
122 444
88 385
57 157
180 228
81 163
34 280
4 112
24 174
12 131
5 442
125 441
6 390
79 313
97 150
10 443
380 439
264 316
120 140
321 423
320 382
62 212
341 374
96 124
80 141
430 434
107 235
256 416
422 428
75 187
212 409
77 142
326 376
243 312
10 189
147 282
115 158
42 190
256 354
29 288
44 295
174 204
34 279
218 300
64 330
41 259
45 320
119 384
55 204
115 388
241 443
52 236
38 288
286 334
4 66
145 269
80 177
224 377
251 319
101 324
24 148
75 407
315 397
187 260
70 317
64 240
260 355
377 435
40 67
55 123
205 224
80 99
92 440
105 273
317 439
171 208
19 145
17 333
32 93
33 377
97 221
158 306
341 344
110 416
115 320
55 309
107 279
69 410
35 217
8 94
10 224
109 232
53 194
255 262
163 199
119 150
98 426
44 338
51 195
72 205
57 312
173 286
222 333
75 349
178 231
33 115
360 374
93 113
47 193
238 401
71 170
150 181
14 125
167 270
40 273
11 275
68 80
43 340
132 432
126 381
146 158
214 317
270 319
114 299
153 319
73 443
406 437
79 142
309 344
172 372
240 316
111 293
227 261
56 137
47 338
78 149
137 297
288 424
166 348
126 375
277 291
248 408
91 330
5 77
11 38
146 316
283 286
214 393
68 393
322 442
113 294
190 328
43 403
161 331
77 312
216 224
255 324
139 350
274 424
154 190
180 349
173 231
206 258
149 339
261 315
112 212
8 347
253 364
125 177
113 386
91 400
41 293
74 339
251 262
35 210
160 284
271 290
22 285
341 417
305 340
46 60
74 334
80 83
287 358
152 274
165 342
261 388
284 368
148 384
34 420
101 176
278 437
32 381
13 420
250 352
79 325
418 430
213 391
207 387
135 176
248 388
82 429
281 391
109 157
118 328
137 404
209 431
140 406
33 182
305 374
415 425
338 368
271 341
273 288
73 324
266 332
212 361
39 124
148 434
84 167
207 324
187 340
138 340
188 361
36 312
1 260
107 173
102 389
42 143
2 123
22 26
348 420
207 228
50 69
226 255
233 425
68 411
268 334
76 151
71 257
243 348
125 421
305 394
72 383
154 299
235 316
228 353
102 216
250 355
281 285
0 438
168 219
37 295
69 385
56 398
48 365
145 409
37 386
47 204
70 417
306 381
19 269
143 255
10 59
196 438
92 171
52 61
345 360
49 357
73 196
126 320
343 392
279 326
95 337
111 203
45 92
253 286
136 340
282 381
216 423
127 351
143 172
102 422
201 298
259 421
203 260
132 312
172 384
34 342
406 407
229 441
198 338
98 393
16 352
191 237
310 432
154 253
27 61
152 160
0 134
52 266
122 380
103 248
327 402
39 357
332 424
32 195
120 218
385 408
166 198
13 331
178 261
31 429
41 388
156 285
233 415
297 375
131 318
237 357
53 361
72 219
236 307
154 295
76 308
117 226
360 395
78 343
188 412
334 379
392 424
85 388
24 326
308 426
149 424
30 51
102 231
175 198
99 141
374 383
183 285
277 425
9 263
200 340
63 99
227 288
351 417
290 353
38 244
55 141
29 86
11 133
175 233
129 195
183 196
45 340
122 415
116 280
37 326
70 303
80 171
119 285
6 35
371 414
197 304
22 188
197 280
243 259
227 276
112 380
185 429
201 343
336 409
171 179
133 167
30 196
69 163
266 311
136 298
323 427
409 410
154 311
168 319
273 438
312 319
12 230
196 197
165 422
156 434
240 367
131 418
75 275
206 399
17 347
60 165
69 134
33 153
61 412
349 355
226 358
158 348
102 365
424 437
101 338
17 325
221 269
176 228
32 242
169 289
225 322
344 369
102 276
56 164
267 423
84 141
213 287
95 429
65 298
33 75
165 346
158 209
151 220
93 362
337 406
109 284
247 327
90 221
180 196
84 187
28 89
262 288
1 11
78 346
38 410
151 346
104 305
315 440
168 395
158 392
159 218
95 444
97 264
231 244
69 301
59 99
77 281
364 441
254 271
13 388
155 193
51 64
184 365
273 304
34 320
130 287
52 186
9 214
152 195
44 262
170 242
182 209
27 411
100 306
49 117
99 213
224 335
2 277
54 219
315 432
97 362
313 443
223 269
200 232
41 195
238 444
300 395
38 343
102 363
287 300
318 348
52 190
349 444
82 391
112 422
42 414
78 267
321 360
123 133
173 355
208 272
104 243
363 428
303 315
148 173
217 298
123 167
49 405
177 377
317 392
359 434
14 394
179 298
60 128
73 218
55 116
130 206
210 246
89 298
132 398
49 361
49 375
76 217
192 207
217 437
259 324
113 267
275 346
341 427
43 439
62 190
241 372
312 315
78 204
199 326
58 192
103 206
285 394
73 82
251 364
68 242
135 306
148 307
214 378
308 365
341 420
26 253
81 371
169 423
29 177
36 49
101 213
24 178
11 138
25 392
70 354
325 408
250 293
306 443
166 326
32 180
193 304
124 203
269 346
139 192
221 277
80 359
154 198
214 226
134 328
147 382
28 59
116 297
141 210
266 400
257 374
53 435
120 320
127 158
174 232
140 434
19 301
126 130
271 442
354 430
41 255
21 310
144 188
76 373
175 429
106 259
106 194
179 412
78 174
369 420
49 294
142 402
370 436
57 194
291 360
12 355
126 159
183 382
60 100
62 300
340 411
356 377
93 441
48 321
48 351
238 432
233 360
146 312
269 438
80 321
182 220
3 378
153 237
26 406
137 322
127 178
286 306
137 139
319 344
288 346
239 415
291 302
15 349
293 419
78 229
57 184
47 390
375 387
20 361
69 121
269 382
26 110
26 45
108 387
18 224
8 57
165 179
100 291
62 376
271 329
159 175
90 274
85 412
37 417
261 399
178 390
218 287
7 374
42 263
136 344
66 171
275 322
41 223
66 157
117 128
148 421
29 263
61 255
325 365
195 380
89 379
118 248
125 352
292 315
78 115
282 342
22 289
267 382
94 338
38 236
44 162
204 302
131 247
277 320
90 411
12 351
381 439
18 137
359 367
229 371
245 272
12 294
90 433
223 377
1 316
104 224
36 377
87 238
5 94
2 8
117 312
315 349
212 427
336 432
29 104
218 230
27 355
61 238
39 307
34 401
187 410
15 74
313 404
101 221
186 368
44 409
76 323
68 297
348 418
204 431
85 252
177 265
40 243
101 132
132 245
342 385
206 260
267 351
332 380
159 363
250 316
59 267
72 333
134 202
34 354
46 179
228 254
48 286
84 165
320 341
208 218
38 201
236 308
120 332
155 192
53 196
66 279
70 105
129 324
14 50
76 252
62 330
108 200
40 165
100 258
29 195
33 395
174 421
348 444
180 287
252 298
284 412
199 217
167 390
100 386
244 440
322 444
42 337
69 286
91 170
397 400
116 248
86 303
192 221
245 411
7 248
147 195
306 402
33 148
344 378
363 376
398 399
157 163
428 441
182 421
38 260
259 279
76 296
84 245
170 346
268 304
0 432
133 199
211 355
81 188
114 129
262 359
154 281
67 245
160 441
318 328
118 174
58 81
116 188
141 352
159 178
250 346
29 32
156 302
109 139
224 244
173 260
33 273
141 283
99 440
317 355
13 404
280 283
79 296
12 443
305 319
96 213
223 418
27 223
330 340
127 349
314 335
343 349
231 389
307 436
188 300
57 118
48 160
13 191
63 272
30 236
160 306
4 261
48 122
47 129
92 355
113 340
370 396
137 320
95 342
185 422
144 157
271 428
340 358
261 436
128 380
318 442
1 239
192 413
76 254
84 443
228 421
47 232
338 348
130 291
143 152
152 420
406 444
162 275
295 417
192 219
319 390
252 421
243 330
88 351
388 419
206 294
181 319
123 383
60 76
394 428
95 177
96 241
99 417
253 385
96 206
209 401
13 358
158 163
8 141
236 418
275 427
11 404
102 127
155 371
14 108
28 97
168 315
166 221
222 249
77 91
35 216
222 340
5 45
269 327
8 207
136 269
192 197
31 202
1 342
23 294
85 260
257 333
135 271
268 360
112 348
166 435
94 169
175 215
61 211
1 76
16 305
389 443
12 137
171 270
140 270
31 113
257 355
208 265
104 193
8 413
27 150
9 185
179 292
298 387
234 251
359 402
246 436
21 144
195 196
45 434
183 443
61 205
38 373
265 436
174 237
263 287
359 431
117 204
134 382
4 323
136 296
108 284
65 196
63 407
139 333
17 387
124 369
0 416
15 329
60 386
134 270
286 373
25 104
153 209
70 92
52 225
243 291
383 408
131 442
279 324
236 359
246 443
54 290
183 312
86 323
234 410
15 342
37 154
259 312
235 253
251 327
49 98
45 65
289 360
345 392
230 326
355 416
211 431
198 204
30 241
129 350
88 335
32 91
172 392
324 415
73 223
241 303
203 420
40 261
108 260
137 176
195 271
260 347
43 286
24 214
416 441
27 378
231 410
44 264
58 324
45 297
48 248
305 402
131 155
101 382
371 406
149 196
146 387
102 324
247 357
32 394
54 139
149 270
210 240
298 353
251 270
213 362
316 319
308 322
38 358
94 428
62 205
181 370
25 341
54 184
223 409
198 361
142 290
125 372
8 408
259 328
403 407
20 438
197 390
131 294
115 252
195 384
54 365
156 212
48 104
53 68
320 407
207 352
90 147
148 424
8 34
120 177
242 409
313 416
166 182
49 245
102 252
122 241
6 318
307 418
101 234
197 212
136 272
52 163
285 443
109 204
52 321
299 352
204 360
263 350
62 186
166 395
180 386
261 433
12 162
250 254
181 183
23 195
45 186
216 230
197 427
25 125
367 413
77 256
132 405
207 340
76 304
172 335
315 362
253 293
365 436
92 126
47 48
0 428
19 138
306 310
8 194
69 408
107 412
48 341
193 377
177 428
20 211
31 40
179 230
38 194
142 169
217 400
351 357
346 370
97 158
312 422
189 329
193 198
162 205
81 135
20 312
160 409
181 250
193 311
330 387
171 254
44 60
8 83
159 436
32 140
406 435
17 197
118 122
18 337
11 106
35 390
104 423
144 231
67 210
14 314
30 147
97 222
282 391
48 287
88 326
84 276
178 214
68 173
312 333
128 332
48 188
54 355
336 426
69 167
101 180
98 128
86 206
370 441
77 149
73 306
139 190
27 265
40 252
72 91
123 163
30 343
298 381
93 152
1 21
242 249
20 107
54 295
45 63
86 405
370 375
100 129
33 197
49 127
131 232
11 205
243 273
218 368
110 379
135 400
6 313
186 420
260 346
153 201
48 108
226 359
11 257
46 359
87 293
75 310
78 158
137 141
114 310
161 281
75 224
27 76
84 143
81 115
379 381
186 215
108 186
256 295
161 440
148 414
32 393
317 369
109 196
137 370
51 375
67 83
13 214
119 177
190 318
115 354
330 337
36 92
45 249
169 192
225 443
328 388
67 100
274 334
111 190
299 409
246 302
282 323
155 222
85 262
151 155
142 182
240 383
168 283
141 167
334 338
18 406
77 234
279 301
203 271
315 435
92 295
13 429
100 144
245 292
251 440
36 90
255 395
193 251
167 293
153 217
183 223
115 209
59 159
96 276
155 270
386 429
68 106
306 408
148 168
255 266
123 209
43 52
412 433
50 384
395 415
33 66
352 395
261 403
111 288
250 358
152 197
5 378
138 258
12 234
401 443
102 396
4 434
136 317
181 198
129 191
188 191
142 170
84 376
30 360
7 18
89 167
254 442
124 136
174 395
180 261
176 389
396 406
129 221
11 57
57 226
168 330
331 345
71 93
181 323
280 313
2 330
171 360
120 308
174 343
172 262
2 316
136 387
26 105
200 325
16 108
252 398
195 302
326 421
216 294
36 355
417 431
80 390
144 264
300 350
271 363
169 206
41 258
126 202
121 395
83 208
105 192
194 416
10 127
183 310
336 339
95 166
255 339
279 376
324 402
89 157
191 355
5 409
26 112
118 382
118 231
244 286
362 396
342 414
156 238
189 223
376 394
93 409
216 391
263 295
8 39
134 412
292 362
309 358
105 388
99 383
67 179
49 333
139 244
93 342
283 345
98 167
351 398
53 409
109 422
138 294
83 114
75 281
64 352
261 355
216 327
39 424
52 142
203 416
106 137
84 333
394 400
224 431
110 139
139 385
227 232
378 404
279 428
42 365
336 422
79 266
86 283
165 171
17 210
382 429
159 226
375 431
33 142
325 404
143 232
62 91
194 355
291 326
332 373
249 314
114 127
57 251
134 392
5 345
98 115
1 138
208 389
113 384
241 356
114 193
28 279
175 328
195 434
123 369
324 393
178 303
55 432
81 170
0 198
318 320
83 92
131 250
131 381
15 91
18 183
28 132
196 328
237 314
221 230
121 441
7 346
81 230
190 282
221 363
26 69
93 191
56 139
87 173
266 385
326 386
155 311
125 137
181 221
239 335
116 418
136 185
259 269
15 320
47 283
87 229
123 348
304 429
124 366
311 391
196 443
32 293
71 240
75 375
367 368
200 428
204 295
140 366
54 374
181 290
209 327
65 199
348 402
63 181
8 226
31 285
39 405
174 273
72 377
112 391
15 397
63 431
201 346
65 324
235 431
344 441
363 383
62 222
112 278
204 372
7 110
42 411
341 399
58 363
72 416
254 308
48 60
1 350
275 318
195 320
179 351
115 167
8 17
396 398
376 398
16 40
33 86
81 203
30 340
9 378
111 435
140 329
76 434
2 61
20 395
182 337
31 175
113 268
14 365
307 377
111 196
266 435
98 198
43 259
25 81
221 263
221 332
119 196
287 331
240 393
90 131
152 288
267 320
179 353
26 57
17 53
40 170
173 186
135 285
26 160
25 56
16 171
22 36
299 359
398 436
288 388
167 191
18 136
56 93
115 207
230 268
33 316
32 128
86 406
123 239
152 227
196 295
43 137
81 420
152 323
70 98
50 358
226 260
26 376
68 71
5 125
161 187
164 228
195 324
13 37
123 249
93 317
328 408
36 432
68 438
364 431
311 361
48 410
421 429
178 344
163 373
108 127
61 124
217 303
209 272
150 362
39 168
270 284
134 422
361 375
271 400
280 364
248 399
92 178
25 76
184 407
81 125
200 222
112 246
183 188
319 370
317 332
53 175
232 363
250 266
6 434
44 118
220 363
25 205
385 414
156 236
160 231
348 370
23 87
8 238
275 294
303 409
82 365
104 398
226 366
155 359
196 244
60 368
26 286
123 248
258 380
265 404
106 219
9 71
268 410
227 331
50 105
43 231
127 212
224 343
61 383
307 351
307 398
12 220
80 275
13 321
29 262
193 301
67 399
59 235
347 435
235 397
118 222
261 408
230 438
337 382
373 405
137 319
1 79
191 377
106 411
123 232
243 408
365 435
90 264
189 339
22 168
95 323
18 42
42 109
19 179
128 292
55 180
128 340
143 296
254 416
143 257
2 353
289 372
229 341
129 329
224 417
65 314
362 367
228 265
126 281
71 267
167 247
197 255
312 334
10 314
57 95
18 233
47 276
134 282
224 251
185 285
111 289
187 392
24 101
105 324
1 135
3 132
86 282
104 387
44 148
217 415
109 218
40 441
42 135
2 128
261 267
97 231
11 184
152 210
226 293
49 270
120 295
132 357
91 317
372 427
99 117
77 177
277 333
130 272
366 422
175 327
241 428
233 394
56 242
163 243
378 403
56 318
150 320
277 304
84 128
217 262
180 367
28 182
90 153
22 207
252 402
324 407
87 216
53 148
76 404
145 411
19 420
174 344
29 129
280 384
102 230
42 314
20 101
77 437
41 348
358 401
59 378
60 342
183 338
113 256
26 313
279 305
61 264
12 272
37 304
341 403
242 439
44 414
82 262
190 330
168 377
170 236
323 429
16 226
140 170
262 273
312 415
12 112
99 190
147 320
271 417
128 313
35 279
265 307
215 233
130 193
57 220
73 140
369 390
261 386
304 308
3 300
34 63
156 336
213 292
155 354
76 157
139 356
21 356
174 357
71 140
44 198
296 335
272 277
182 315
189 379
406 434
302 308
196 292
281 343
114 120
180 430
112 266
212 254
12 143
48 140
264 412
282 405
238 337
180 302
89 369
65 307
116 284
314 430
153 207
15 90
65 194
115 293
33 106
373 415
84 225
159 352
135 302
65 441
352 442
76 174
73 198
50 142
68 369
256 428
269 432
41 407
210 269
71 291
199 410
189 262
177 255
100 236
40 198
318 443
73 348
236 414
66 227
163 355
122 195
24 399
85 316
28 315
120 125
68 76
137 428
72 351
5 178
84 162
84 139
281 369
337 414
242 324
227 277
21 41
105 228
120 372
187 191
231 288
14 265
179 309
10 259
108 335
30 57
391 414
21 261
218 351
158 401
147 167
10 267
2 163
236 262
32 296
309 333
115 360
42 363
148 429
233 409
295 427
40 394
43 182
137 422
90 222
47 101
142 378
238 254
272 287
87 178
225 430
69 414
39 79
356 407
344 381
335 397
95 283
219 365
176 299
265 290
63 120
13 341
36 386
135 137
206 373
13 409
17 362
70 95
23 329
35 264
211 261
10 208
9 76
216 329
35 251
33 94
26 411
258 333
252 365
28 170
29 124
167 177
209 221
79 233
251 308
232 315
231 355
319 355
138 345
140 425
43 376
303 408
126 396
87 356
40 352
125 444
113 233
116 273
76 372
257 317
240 332
17 425
31 182
103 396
101 420
53 328
239 387
144 269
284 363
377 387
31 178
11 436
210 341
141 166
224 243
218 398
147 362
374 436
120 417
4 131
3 383
6 443
187 434
203 339
235 360
169 271
75 365
69 431
232 320
44 196
153 345
82 375
316 387
103 276
26 364
76 173
126 431
148 349
47 224
84 273
335 353
100 159
369 438
133 234
179 254
133 431
117 360
79 237
146 280
70 240
202 232
214 306
40 285
271 411
115 408
40 156
150 278
59 211
180 388
97 410
209 286
16 76
162 432
67 189
147 233
303 405
58 266
151 389
230 323
244 420
83 361
203 364
178 346
289 371
103 428
102 219
188 366
251 276
3 146
7 61
29 290
313 440
105 327
83 265
174 295
303 381
311 431
96 300
143 256
201 324
84 422
115 204
297 368
4 227
174 385
35 64
370 427
221 255
134 195
16 393
230 351
302 399
108 198
29 225
92 362
380 413
97 204
83 303
46 261
63 405
73 128
281 340
11 211
98 214
45 129
102 203
305 344
215 242
90 276
77 412
26 420
16 233
95 276
143 258
131 171
64 405
70 325
98 187
105 114
276 383
94 109
215 361
348 355
79 202
292 386
46 307
274 331
37 136
72 73
131 277
97 218
318 358
10 56
44 352
218 352
120 328
285 320
291 375
207 423
153 245
273 421
353 375
150 346
346 432
76 132
18 80
98 117
42 52
48 123
161 335
166 320
3 95
74 76
29 126
107 181
168 196
150 305
334 395
66 298
10 125
189 439
72 146
61 171
59 60
34 423
84 342
25 292
47 400
269 373
109 110
211 403
311 439
28 310
138 153
267 421
111 174
396 399
174 391
56 276
113 166
35 296
354 412
122 267
154 240
32 150
25 123
293 411
100 182
244 273
37 112
18 366
64 209
0 251
305 331
126 399
153 386
211 229
65 235
79 413
319 396
199 264
262 395
95 241
58 83
15 330
153 224
127 271
141 273
33 236
4 333
55 385
36 297
104 280
238 394
37 162
74 319
130 327
87 141
116 296
66 324
124 329
34 87
82 154
52 157
86 427
54 209
112 356
69 80
192 418
359 432
184 435
319 405
42 54
174 398
243 325
106 109
38 444
251 306
91 166
19 306
187 442
284 419
224 421
21 374
265 387
4 234
117 337
167 443
171 187
159 378
259 394
84 408
102 227
177 289
27 184
90 232
144 192
114 372
348 360
84 231
132 257
228 435
215 335
350 369
404 441
74 190
75 345
41 48
130 437
94 363
177 286
21 211
159 365
154 379
83 91
301 417
195 197
120 350
130 150
132 146
76 114
64 134
269 347
207 300
116 127
149 275
288 368
399 416
135 139
59 443
253 301
65 219
147 327
89 381
67 311
176 397
106 145
166 238
188 290
131 162
63 203
114 124
132 437
253 415
12 266
133 398
377 395
15 279
21 384
159 198
324 369
220 344
286 425
110 347
225 385
41 204
320 428
53 84
67 426
6 272
49 97
79 177
118 386
200 399
59 312
40 329
291 292
397 427
243 378
357 369
385 423
272 283
93 313
419 420
319 348
136 262
17 76
82 108
320 444
169 427
226 325
68 371
149 206
50 98
23 91
149 334
46 54
321 399
107 375
154 270
19 288
45 386
308 346
9 429
154 167
15 166
328 411
78 240
328 337
42 442
323 360
143 239
98 124
218 257
365 398
128 328
168 404
138 310
260 397
29 133
101 217
379 389
121 392
65 115
197 241
403 436
61 74
54 57
66 261
78 116
119 183
164 300
91 444
168 221
39 327
347 443
306 426
230 368
22 387
254 430
197 367
240 272
253 437
86 411
17 81
51 283
4 235
24 407
99 131
40 142
275 305
35 48
230 401
308 430
40 97
255 326
269 381
123 344
307 330
79 405
157 201
39 203
180 399
184 392
133 393
24 306
84 395
112 444
173 382
71 370
263 330
80 191
123 156
172 243
296 318
5 33
154 325
42 113
302 441
55 345
314 418
153 339
97 373
19 224
156 309
12 402
163 314
163 432
29 379
292 361
325 398
186 333
333 428
322 432
89 289
74 119
201 366
49 115
195 404
52 329
112 438
114 418
189 360
217 358
153 425
45 321
128 341
54 176
75 117
33 307
188 228
60 249
57 406
5 393
28 30
293 348
284 343
151 242
194 443
195 359
277 444
35 47
338 430
147 222
340 399
320 393
150 224
212 213
113 255
75 434
263 331
377 427
300 316
142 435
5 222
200 210
65 82
43 424
149 252
185 204
161 268
209 265
147 255
65 97
59 154
40 393
166 383
168 364
88 285
255 354
123 405
211 377
200 436
128 359
225 335
25 154
44 348
159 335
158 294
5 224
26 265
112 316
5 306
205 287
78 105
284 397
122 291
18 271
93 281
314 339
158 261
32 158
266 341
88 378
17 149
413 435
180 379
53 317
59 98
317 375
238 343
345 363
32 214
94 355
4 21
15 93
119 353
158 359
147 385
77 308
38 383
124 346
19 51
363 438
5 156
177 249
106 246
324 423
39 95
145 378
144 228
315 356
111 118
226 311
252 307
174 335
36 147
210 288
134 423
141 405
234 430
109 420
9 402
257 287
53 430
61 370
61 202
113 396
25 344
12 306
300 368
105 288
56 421
34 195
57 378
2 264
33 202
174 402
27 226
195 387
244 318
100 147
250 427
165 265
237 356
150 177
165 173
76 178
272 322
91 307
27 353
97 151
78 196
26 179
327 342
125 256
96 371
379 420
267 349
216 289
4 276
36 176
72 169
57 250
18 303
40 366
186 391
129 344
59 164
174 263
4 358
196 202
60 168
7 387
21 119
350 377
181 386
70 443
64 184
229 252
303 330
3 353
52 361
175 180
191 291
19 177
74 401
48 306
47 352
102 322
173 316
238 360
40 232
79 393
84 105
161 407
280 301
108 310
215 429
37 442
62 357
36 344
254 354
135 156
22 290
383 411
386 395
17 412
14 185
57 440
342 365
27 32
155 238
118 423
12 377
62 100
14 253
180 440
238 279
377 403
161 215
92 274
24 164
206 270
366 385
335 411
24 376
149 178
72 257
232 362
220 355
12 378
82 320
161 427
70 356
158 302
33 363
207 296
29 115
102 210
158 274
362 421
130 342
193 305
224 425
40 255
138 264
7 283
21 438
53 161
229 377
75 200
109 136
96 222
103 265
34 239
218 234
241 315
175 404
227 234
45 317
74 272
34 240
125 239
183 435
360 396
75 210
137 443
174 286
387 389
241 368
16 333
15 411
14 318
325 373
79 304
102 352
107 204
206 287
1 88
169 444
96 436
220 339
18 32
26 191
114 131
167 246
261 344
175 304
311 336
65 239
53 123
223 412
178 249
58 159
54 354
194 388
58 299
11 297
21 408
181 249
230 373
84 102
29 294
53 260
271 317
1 236
116 417
258 262
52 307
22 65
147 379
218 338
3 140
226 314
410 424
145 289
41 220
3 334
4 403
30 378
53 92
192 325
212 313
243 444
73 256
69 195
219 431
22 323
360 384
292 353
157 410
18 125
5 106
88 263
11 69
221 346
4 252
46 215
278 281
120 414
281 344
122 275
386 410
0 272
170 176
46 65
204 290
106 183
8 403
305 348
149 166
100 396
162 420
31 54
80 319
14 371
297 332
107 264
99 210
145 146
45 427
316 436
194 292
49 326
346 379
42 275
25 363
197 339
263 342
72 233
136 157
177 385
16 323
135 222
121 225
49 406
60 266
72 321
256 322
328 418
148 254
43 240
97 417
116 291
64 443
342 356
187 230
68 225
236 286
38 55
9 168
306 439
158 249
110 232
294 325
201 380
142 192
135 269
286 336
373 402
100 360
21 371
10 77
226 344
112 242
240 382
142 412
140 437
95 113
329 419
235 257
121 368
154 321
156 332
63 147
173 314
28 292
51 231
10 362
49 261
160 279
106 232
201 420
52 341
49 413
161 383
47 328
308 360
131 440
90 431
73 86
148 400
3 237
76 384
32 97
73 92
52 323
273 389
72 338
10 123
323 390
95 314
233 357
293 386
62 412
87 204
194 429
125 159
368 438
115 191
186 276
89 290
417 435
43 387
127 337
3 111
43 66
47 353
133 386
101 396
338 383
141 261
135 335
169 178
125 192
28 416
211 252
143 270
86 212
17 179
222 318
285 384
191 286
154 209
259 351
79 434
154 292
374 432
86 103
140 225
34 183
87 205
14 378
127 238
14 103
130 240
31 277
22 436
78 314
286 313
168 403
264 390
242 429
336 414
47 327
80 194
73 273
119 399
167 265
82 345
244 376
319 424
412 432
166 429
83 423
156 166
167 187
108 162
195 401
65 252
177 290
180 321
134 227
195 425
117 357
388 403
245 426
234 245
284 285
11 244
121 149
156 158
23 267
192 206
250 383
140 290
152 218
136 280
273 303
102 128
156 230
32 146
2 324
54 119
159 420
139 164
116 141
107 335
222 382
86 284
90 279
174 442
179 405
145 318
325 355
148 342
25 143
313 411
49 178
197 319
172 177
274 337
281 310
136 371
165 199
15 281
152 332
85 169
91 186
105 333
101 206
31 153
340 374
162 314
379 431
13 79
23 163
0 443
251 302
225 420
90 256
133 159
136 142
78 301
241 270
107 251
227 439
272 356
157 180
88 346
313 368
202 228
198 267
259 382
71 259
282 422
39 279
3 272
113 239
359 373
0 129
85 303
53 326
149 314
245 345
55 289
137 388
77 333
354 405
91 141
166 220
298 404
168 250
159 343
294 364
246 415
139 218
44 349
58 251
312 361
219 441
245 415
84 272
112 181
132 439
15 410
48 84
164 434
0 80
90 228
75 440
210 367
145 296
38 41
306 359
134 153
327 435
54 56
129 187
408 425
114 186
59 277
4 37
269 363
80 268
147 428
29 403
56 277
162 234
73 248
108 211
78 354
25 49
188 289
67 342
16 391
151 283
61 428
260 395
194 404
199 439
204 276
160 373
237 368
164 182
55 306
274 356
268 414
70 431
53 234
92 103
104 322
206 401
103 225
2 339
114 148
137 146
216 357
43 78
69 241
1 235
26 309
137 305
48 142
227 255
67 174
196 318
36 111
184 431
155 181
79 390
195 440
58 400
282 337
243 285
37 116
177 319
154 260
99 285
127 320
47 60
63 104
338 392
99 178
249 429
146 368
80 290
291 426
320 333
268 388
75 123
131 434
57 361
134 295
216 372
204 316
11 195
11 252
185 428
5 248
33 376
311 313
1 198
74 331
205 371
154 416
4 74
81 401
126 136
66 297
110 353
155 391
50 404
33 214
124 128
23 407
137 430
43 110
293 325
189 289
47 396
101 143
373 410
57 145
197 373
147 193
109 138
230 336
342 344
278 420
125 435
144 344
258 336
142 252
248 373
27 116
142 372
35 138
14 230
123 233
19 440
174 306
15 195
172 409
296 322
81 405
183 260
126 310
222 292
102 116
178 201
2 85
36 141
10 375
209 409
340 350
15 130
103 260
9 165
110 330
26 234
118 406
350 380
108 241
65 391
170 336
189 335
54 178
41 267
134 402
66 397
29 76
337 347
162 330
162 395
89 249
333 414
35 95
180 309
116 246
21 46
46 264
23 403
137 294
288 321
82 230
168 350
82 269
314 392
376 412
12 189
104 361
88 306
300 345
333 390
150 325
0 105
71 289
424 431
198 437
14 344
142 209
227 287
176 196
182 373
68 165
12 407
93 387
48 324
11 264
174 247
31 109
86 164
192 212
166 321
46 117
67 265
17 137
158 416
331 423
3 245
19 290
106 325
176 414
195 350
259 331
49 201
73 211
156 315
97 120
140 254
1 296
12 47
111 159
72 124
280 287
65 372
233 306
44 373
20 125
102 207
281 414
186 319
52 206
136 427
116 120
241 326
271 443
54 377
42 376
347 425
356 405
2 132
397 420
86 360
23 76
86 398
41 229
106 349
62 86
91 340
113 333
44 420
150 183
103 284
36 394
91 398
317 437
333 411
182 403
35 212
57 177
60 176
19 99
67 372
305 375
48 59
110 389
150 323
13 296
374 402
156 301
4 99
2 297
125 267
221 302
123 378
82 332
23 418
176 332
113 405
188 324
63 400
93 414
108 303
188 309
9 83
99 102
28 330
154 370
98 229
147 152
67 437
385 391
189 312
114 290
19 131
101 171
129 391
51 224
14 56
4 200
140 443
92 199
411 423
231 354
162 435
137 399
94 303
111 380
202 370
139 395
261 338
204 226
107 139
278 362
82 159
36 322
385 429
39 103
263 413
184 351
186 243
93 403
144 244
266 331
339 393
16 147
15 323
316 412
20 298
277 409
152 408
123 305
48 308
121 278
40 187
347 385
1 167
341 422
267 328
239 442
110 293
20 291
200 302
181 434
136 189
142 352
170 419
228 268
185 234
330 413
169 431
37 390
142 281
92 130
126 386
325 389
79 85
78 88
325 410
298 432
101 299
144 166
39 60
188 429
218 310
150 371
49 91
11 213
12 339
28 181
360 437
23 354
209 381
199 444
98 358
32 215
213 408
45 208
137 282
176 229
2 26
51 93
291 339
184 297
86 226
119 156
409 431
199 429
217 236
66 150
44 199
66 208
233 435
79 408
98 253
195 216
225 317
294 337
202 335
27 263
76 440
174 189
12 401
107 376
77 190
82 213
4 355
245 419
159 293
156 436
3 357
401 433
81 258
106 394
50 83
200 429
151 236
68 386
319 404
37 404
281 415
93 151
61 351
306 383
9 137
160 374
43 382
37 208
193 244
105 318
214 381
297 359
251 379
162 177
305 384
51 207
145 290
108 344
22 384
16 242
236 332
129 395
94 150
51 193
39 48
94 261
26 366
339 348
1 322
109 350
65 156
241 442
112 405
68 240
145 433
64 354
40 85
349 412
125 334
102 224
94 285
63 280
97 276
261 358
165 295
291 413
237 297
63 273
44 197
99 321
58 388
165 369
29 194
204 238
20 76
33 67
27 74
91 359
90 215
273 378
30 368
25 144
372 378
32 395
312 326
115 348
24 302
293 326
270 323
23 43
133 392
30 421
66 303
190 241
25 184
162 285
9 310
347 413
262 439
425 442
107 189
249 370
19 248
214 400
110 248
78 236
148 197
39 143
233 437
305 415
149 250
168 437
59 438
74 246
238 437
77 434
204 355
161 355
1 319
270 427
99 370
63 121
144 319
382 385
26 175
254 268
131 167
243 360
22 257
255 295
56 405
242 356
50 211
27 320
25 73
379 414
1 45
157 229
278 388
155 342
1 5
160 225
160 183
148 255
34 337
235 379
11 100
54 167
363 368
88 392
173 387
218 415
300 366
370 376
253 378
129 271
53 127
69 302
150 339
25 178
115 232
369 430
253 350
136 235
100 116
29 71
233 355
11 359
2 363
372 431
75 273
158 247
11 351
62 286
147 263
203 389
106 120
28 402
207 437
114 375
158 176
153 230
158 286
306 342
72 400
398 425
235 401
59 280
114 209
193 395
288 297
61 110
213 387
275 403
282 361
103 310
141 396
50 242
189 298
197 261
47 97
153 269
134 262
292 374
9 287
45 281
103 298
209 362
75 415
29 289
128 240
64 370
394 441
275 284
125 391
40 220
145 226
28 121
10 148
204 218
14 93
191 388
72 288
274 328
297 307
337 372
34 159
385 438
173 414
132 309
0 53
188 275
275 430
260 294
87 440
134 277
95 242
174 255
274 437
29 297
168 413
113 314
118 241
147 273
106 204
57 374
80 238
166 232
183 322
75 95
78 357
244 265
314 406
148 150
294 353
169 172
10 395
176 277
337 432
186 381
8 181
34 225
56 294
125 290
186 328
211 314
321 352
8 227
9 96
75 93
361 392
189 258
83 248
189 372
257 412
227 407
122 200
3 221
4 60
27 87
391 398
194 442
49 223
78 290
142 316
41 409
268 381
252 377
88 141
33 38
33 114
195 333
231 320
220 280
27 357
36 187
62 259
343 440
112 183
299 438
44 144
138 337
124 179
19 429
105 352
218 416
132 164
380 399
270 296
346 378
133 410
291 322
380 443
42 162
155 189
18 377
26 408
69 204
296 431
176 255
300 341
92 373
70 358
94 239
204 216
47 176
10 132
335 395
176 356
103 168
67 161
56 415
22 94
163 235
98 327
83 253
327 330
64 414
156 242
28 387
212 319
117 330
57 328
272 347
326 442
196 423
286 300
40 388
43 258
114 246
196 341
0 11
28 68
235 283
6 276
178 269
130 436
96 272
2 248
39 187
37 367
151 239
231 396
340 383
10 46
189 346
280 362
112 327
17 230
18 29
22 107
82 99
216 398
244 362
57 344
116 410
153 304
196 434
10 15
2 278
233 278
197 274
230 311
64 367
50 55
201 225
47 292
65 405
61 298
79 109
256 375
259 297
302 420
100 365
45 107
297 379
106 391
65 259
375 407
38 209
74 245
125 320
89 308
106 388
97 210
289 379
294 336
169 250
124 258
321 424
153 229
72 158
1 306
184 414
61 251
230 329
60 431
100 191
161 194
6 248
97 346
107 333
329 434
21 370
134 163
365 403
120 314
57 84
21 354
336 399
9 27
282 444
176 377
122 145
111 416
267 414
74 171
60 185
33 71
84 180
199 438
93 323
142 368
45 255
3 201
306 393
198 408
52 291
200 332
188 357
296 311
290 346
322 364
273 413
254 396
212 306
225 303
167 302
154 257
73 102
56 284
173 214
10 391
228 406
149 245
292 420
158 266
26 259
127 393
277 429
57 209
320 410
115 285
179 311
59 147
157 430
46 104
58 312
288 293
147 160
72 189
202 421
105 431
60 71
63 291
100 131
42 374
30 134
215 313
420 424
171 372
135 426
184 294
96 170
125 292
146 283
46 263
289 314
165 374
105 329
142 309
436 437
20 356
38 317
244 398
107 212
117 181
204 367
98 367
213 392
1 389
293 427
60 148
153 160
365 428
53 217
221 367
318 395
210 291
70 287
146 413
19 232
168 396
428 444
83 104
231 251
134 310
36 425
197 379
65 182
106 108
94 115
165 360
182 294
33 77
306 385
105 221
228 305
256 412
300 314
112 431
19 48
135 412
290 405
18 349
56 329
178 187
78 262
398 440
259 319
43 51
20 419
267 405
21 248
44 116
96 418
336 366
85 189
91 298
284 440
191 240
259 379
234 442
141 372
6 53
165 331
21 444
104 212
227 428
86 332
177 294
246 389
89 329
28 384
231 418
155 301
292 424
251 317
23 272
59 72
20 404
37 337
36 84
77 356
88 100
223 290
72 371
123 221
9 123
24 318
129 220
196 413
279 288
266 366
4 240
110 337
155 248
261 353
205 283
321 332
78 399
367 438
108 394
319 331
67 195
43 81
5 284
64 353
219 323
84 302
212 399
14 326
294 302
20 191
302 444
71 440
19 439
207 211
267 375
137 324
122 155
270 376
243 268
20 327
109 327
