426 5464
285 363
48 101
2 85
343 359
77 343
261 382
71 221
48 230
252 302
45 87
71 278
110 282
163 216
240 404
42 236
358 413
89 290
46 200
192 244
65 229
31 233
342 348
196 261
178 242
85 257
61 136
99 151
84 323
125 162
80 105
26 319
235 318
200 259
89 146
12 419
71 96
120 285
204 287
263 269
180 342
64 262
18 123
206 298
98 126
57 58
213 350
47 409
98 242
265 337
243 373
30 31
203 289
140 148
27 166
160 386
30 348
0 320
182 307
155 299
145 340
305 311
103 420
42 86
0 318
34 393
282 411
138 342
56 423
97 283
23 319
153 356
135 188
82 270
146 406
228 287
196 418
199 390
197 358
217 222
165 280
243 379
193 238
311 400
75 234
196 326
126 311
287 321
139 216
74 145
29 269
121 174
258 333
119 176
73 236
58 301
30 395
197 367
205 368
21 329
270 364
242 259
71 249
104 315
128 354
127 394
169 406
115 373
154 293
275 399
290 350
89 215
357 416
54 419
137 184
66 305
27 417
304 333
54 246
12 422
121 334
62 89
9 216
153 175
129 266
179 325
116 325
221 384
281 347
188 352
111 144
263 347
275 291
77 135
162 239
58 212
63 379
41 96
356 412
82 230
57 133
58 352
151 323
6 96
44 310
83 229
343 389
341 355
189 269
160 232
71 145
51 88
5 270
87 380
158 229
118 142
237 265
24 230
109 147
250 298
19 215
13 127
11 367
111 298
305 355
190 245
164 328
140 256
146 199
12 379
24 214
182 325
275 360
54 124
174 214
292 358
114 375
172 286
1 283
338 364
329 338
223 316
132 209
332 359
296 324
106 366
291 422
240 280
94 207
54 347
11 201
141 165
115 309
159 228
144 205
180 208
165 375
103 243
192 360
41 198
38 391
141 256
2 217
179 258
161 287
293 368
19 415
4 122
52 240
94 164
22 280
218 415
205 388
12 397
160 266
344 388
366 393
14 287
104 246
117 148
36 206
149 397
126 254
195 324
149 361
34 109
52 352
231 258
149 272
120 137
81 251
202 298
5 12
164 421
96 298
32 385
186 316
133 164
283 338
182 373
55 75
216 275
179 407
259 352
109 238
235 381
249 314
55 205
83 350
227 241
70 134
37 41
6 209
415 422
193 209
373 391
241 267
222 237
2 91
294 351
166 270
337 421
167 400
50 296
231 390
199 319
62 340
19 386
117 345
3 59
171 173
304 424
83 87
265 316
15 143
271 287
159 163
112 377
199 335
101 322
84 172
221 396
115 343
87 309
341 418
23 120
212 251
301 331
29 214
55 338
132 179
47 274
0 354
169 329
80 285
33 194
32 381
141 417
253 348
19 260
186 404
160 292
224 265
291 369
110 129
22 186
248 287
138 152
54 299
96 415
338 401
78 106
232 259
328 410
158 250
148 160
27 200
121 413
146 403
136 192
257 277
125 398
75 115
6 201
13 102
73 244
153 195
98 225
143 346
288 406
122 375
258 351
55 170
40 242
64 285
2 172
240 259
129 312
253 295
180 340
138 159
207 254
99 335
346 421
107 359
78 343
28 403
92 372
151 339
146 280
118 347
25 346
2 248
168 249
153 311
84 375
187 378
27 295
49 101
4 368
97 112
271 380
113 133
91 254
96 329
47 130
54 171
19 196
31 417
14 421
320 396
19 422
27 368
135 297
333 360
210 231
264 324
90 195
333 387
240 367
82 154
126 225
10 343
297 322
161 379
225 271
28 284
51 215
297 342
157 423
200 232
250 272
145 297
36 95
32 176
229 386
56 73
35 266
241 336
76 402
30 286
5 217
6 377
85 188
265 419
233 283
192 201
79 213
101 116
62 115
312 383
124 143
123 154
1 335
99 134
245 251
162 165
76 178
14 358
157 269
18 126
152 187
43 83
91 232
117 135
291 419
63 220
236 264
298 326
237 423
243 263
8 114
243 318
178 292
25 115
64 323
92 93
80 320
30 110
269 340
55 133
146 371
91 288
307 380
215 279
212 409
129 361
289 316
167 348
267 271
347 389
99 354
61 122
32 48
189 355
124 336
22 402
205 383
179 343
263 330
20 189
279 355
41 99
336 419
247 414
63 74
8 227
64 257
110 200
220 350
37 170
37 211
274 280
331 337
172 222
183 423
60 65
7 386
120 403
211 346
102 289
44 251
225 280
95 158
344 363
51 144
230 398
76 117
149 369
65 160
53 325
189 324
206 310
24 324
105 289
278 416
15 300
131 347
212 399
96 291
274 335
166 420
113 193
95 159
27 138
103 161
42 125
273 306
246 385
186 383
19 80
77 405
199 308
2 25
119 390
159 367
139 239
93 361
126 331
209 281
131 326
335 347
291 421
126 307
88 374
41 398
229 389
138 200
12 335
87 164
66 129
59 133
159 393
301 366
12 72
315 330
242 338
181 200
140 423
234 307
222 359
99 388
131 275
54 223
0 303
294 362
142 274
67 335
8 323
14 126
53 110
37 95
143 167
236 328
156 330
119 425
58 72
322 327
23 308
250 415
99 353
113 243
273 277
216 247
97 219
230 397
182 190
160 207
81 252
14 128
66 159
37 70
23 125
179 306
193 226
54 94
303 325
111 253
151 217
134 366
7 316
56 114
212 263
13 396
52 261
18 185
47 397
32 403
56 157
357 385
188 390
45 220
147 396
157 326
161 268
139 393
149 408
157 234
330 372
22 175
254 378
209 277
56 155
27 62
159 249
18 107
166 332
270 312
159 281
88 423
35 264
83 251
50 372
85 365
203 319
92 147
116 214
25 416
276 359
25 124
25 383
75 181
412 423
118 274
213 399
31 208
133 284
91 322
1 226
366 390
70 161
3 320
178 356
209 280
241 341
41 120
39 377
113 321
193 376
39 418
142 208
123 313
213 381
219 359
259 278
123 201
211 365
306 404
95 332
238 417
266 397
272 288
266 345
339 378
99 163
104 149
161 331
319 379
223 278
201 393
94 388
96 147
52 174
86 104
215 400
294 310
326 364
183 386
62 76
108 404
106 261
155 210
323 341
17 21
220 305
231 347
28 123
52 316
403 425
201 275
22 385
9 102
169 171
288 359
144 191
52 394
189 314
340 345
3 108
24 54
11 233
55 73
74 353
60 328
23 98
65 288
81 173
68 138
76 129
37 399
60 152
205 261
4 217
33 53
77 239
67 106
250 411
65 421
44 90
46 260
99 315
44 387
199 200
40 214
91 362
62 291
28 49
286 342
31 352
97 260
32 336
329 342
314 379
91 422
151 338
152 401
267 390
240 400
307 321
104 411
177 357
13 79
145 197
43 336
126 379
108 376
188 278
102 190
47 153
37 326
142 188
260 394
38 364
61 352
293 378
82 211
81 101
110 267
85 238
67 320
212 401
227 356
383 385
33 39
132 356
7 385
243 291
25 283
220 391
228 335
248 306
61 126
7 251
33 234
322 333
121 293
3 24
5 263
26 243
297 352
66 379
62 345
174 288
42 229
268 313
99 181
80 239
75 364
55 371
25 164
149 339
104 142
413 425
225 349
249 310
141 178
100 106
187 385
54 407
57 119
234 313
24 302
63 151
62 206
63 68
88 281
357 366
198 403
73 366
306 312
23 203
82 271
53 191
2 411
15 193
261 334
178 234
104 335
118 326
87 239
116 255
265 284
49 339
205 405
96 239
365 397
88 258
334 382
10 413
258 323
3 58
58 380
267 354
321 378
269 422
87 410
223 235
166 296
12 398
294 375
96 166
294 344
134 142
48 213
70 130
121 127
33 224
29 379
29 96
252 297
28 163
309 407
126 314
296 391
114 321
168 240
218 345
56 208
151 303
16 374
78 114
172 279
289 411
377 390
75 251
196 297
97 180
123 332
253 294
90 164
108 352
145 380
70 195
56 338
23 165
174 181
372 421
194 203
21 369
153 316
142 399
206 413
68 162
125 191
117 164
190 210
341 419
137 322
4 72
64 121
28 227
306 422
326 370
169 218
295 297
149 184
330 387
45 354
70 363
124 158
13 199
60 188
14 316
53 223
128 199
142 229
300 356
368 411
285 313
101 240
72 336
209 422
194 285
135 262
95 109
87 110
11 22
63 415
137 332
213 306
98 322
134 404
239 328
239 319
223 270
96 324
56 165
54 92
140 251
165 214
10 281
282 363
78 270
204 294
6 394
299 370
81 156
142 388
69 182
16 406
115 236
322 385
292 324
97 251
277 406
109 189
73 213
138 412
16 79
52 415
12 214
142 290
37 79
93 254
277 311
172 266
117 293
63 233
388 398
149 177
87 255
382 415
58 310
273 294
154 380
85 157
23 399
288 356
182 229
46 350
214 230
226 270
236 308
358 414
22 278
335 382
365 375
71 395
32 369
279 354
75 248
100 326
414 417
100 268
271 301
225 315
56 133
117 391
132 421
141 331
126 145
104 111
63 251
62 257
199 361
131 216
364 425
159 251
9 385
234 301
131 379
135 344
57 171
210 234
198 424
271 389
216 305
157 289
19 337
350 354
7 49
4 205
42 97
265 293
184 327
3 255
340 364
33 154
33 376
10 310
23 365
33 77
17 331
19 141
117 404
114 137
161 358
131 424
66 266
160 227
217 358
42 222
108 394
41 98
289 421
26 56
329 363
51 302
89 262
77 208
108 324
85 114
140 193
103 122
32 335
10 394
306 374
160 238
61 145
141 245
91 116
25 415
284 365
16 381
164 277
185 239
225 302
340 365
118 282
86 299
222 358
47 345
12 16
79 343
83 210
276 366
107 145
31 399
180 285
271 343
52 82
223 286
0 170
39 307
293 328
108 130
81 254
244 294
119 355
123 139
156 346
375 421
134 166
164 200
328 382
139 154
144 422
37 359
245 348
103 347
135 418
249 393
17 322
114 420
301 342
238 342
211 357
304 361
249 307
173 187
26 255
238 409
214 253
175 199
43 422
50 309
159 217
8 243
8 133
216 337
42 78
57 328
267 360
270 397
165 330
128 344
66 81
324 337
388 418
79 244
94 377
291 342
237 365
36 46
36 96
232 405
208 261
284 391
106 209
2 364
134 257
43 169
99 239
42 45
268 304
9 351
83 125
174 357
146 349
0 7
81 364
108 201
18 252
28 381
64 310
105 166
176 288
162 384
37 270
45 402
182 379
61 239
157 247
273 282
40 327
372 385
327 369
98 243
1 374
217 244
171 298
225 389
35 183
309 379
94 234
204 255
28 205
100 384
58 123
174 299
2 297
1 14
113 270
189 234
70 148
168 220
111 126
205 364
3 184
218 283
25 246
140 381
188 239
328 333
153 419
88 126
89 230
147 156
108 355
134 296
90 209
221 226
124 417
35 227
4 264
13 358
74 167
274 289
134 268
151 252
38 356
267 385
62 147
361 424
124 301
91 416
264 425
275 342
156 260
18 392
224 283
208 363
285 312
215 231
72 272
55 301
16 253
67 232
272 353
45 282
402 406
348 406
195 257
193 419
34 47
41 71
48 200
368 398
10 132
159 265
187 199
86 126
68 233
333 355
29 325
78 179
56 84
150 196
235 369
308 339
249 356
60 397
98 376
3 230
189 351
88 420
314 351
62 317
114 189
239 425
11 217
304 309
111 183
258 277
276 350
180 299
156 239
22 374
63 285
25 126
69 193
157 355
199 417
100 273
92 368
17 410
57 101
339 385
174 354
373 382
243 348
114 218
126 383
143 265
44 358
30 193
67 226
182 237
129 399
271 315
53 133
195 267
32 358
25 222
298 404
75 106
232 357
177 311
74 339
42 201
118 278
262 420
260 363
146 311
2 338
88 246
36 322
113 293
120 237
169 338
44 146
1 74
280 297
382 383
181 238
56 109
13 162
328 386
152 233
351 416
49 407
96 248
70 379
214 240
231 311
209 357
307 382
81 329
144 383
100 123
372 386
35 295
226 306
192 379
37 120
289 344
168 307
17 210
240 360
341 414
23 247
164 329
165 279
213 349
36 241
48 121
297 303
143 414
114 309
180 200
260 268
11 122
136 423
110 249
12 405
16 348
347 388
212 302
0 313
6 299
266 394
247 279
137 156
41 108
14 417
151 270
244 267
66 168
145 404
10 13
304 404
137 338
73 243
174 255
232 372
85 154
174 407
221 318
111 248
4 198
288 298
12 347
352 377
43 157
256 310
93 342
288 392
57 243
157 308
97 393
32 194
139 305
194 374
182 271
7 258
271 284
10 198
52 101
95 119
136 372
244 261
48 80
246 375
120 318
150 336
208 264
229 406
15 166
98 149
191 384
25 326
172 425
286 379
111 287
157 400
132 244
140 305
200 337
290 370
29 241
86 355
170 329
206 405
14 334
203 259
76 216
10 208
206 218
149 253
56 413
2 182
230 353
216 283
38 144
168 418
170 368
171 300
217 305
218 317
68 137
260 413
154 157
140 311
3 256
16 192
205 247
15 344
319 324
249 312
91 150
257 384
125 397
59 159
81 123
161 241
118 319
208 249
52 299
195 244
101 387
17 347
335 360
27 119
181 356
215 282
374 396
63 203
32 304
391 419
19 206
270 354
192 253
121 400
343 411
25 252
154 335
27 146
77 139
345 424
235 298
215 274
247 411
188 195
127 324
23 52
180 197
138 363
114 266
325 386
8 425
256 413
186 214
236 263
80 161
1 81
56 260
108 176
113 254
341 364
1 365
22 322
69 412
65 112
5 266
175 332
118 293
406 409
346 368
66 358
61 314
56 117
136 393
203 290
277 381
328 342
120 294
89 414
189 404
344 376
69 236
58 275
300 419
88 120
249 389
45 113
14 25
24 58
367 405
110 199
71 347
156 349
125 374
131 333
40 345
231 285
86 386
100 203
177 213
354 378
293 356
29 361
208 387
2 121
198 243
70 132
63 398
236 410
229 337
216 269
111 407
221 277
12 173
324 363
103 390
109 230
37 249
20 104
208 413
333 335
109 283
185 361
117 224
155 402
243 355
96 393
115 213
184 188
0 167
202 396
193 236
16 33
140 403
273 278
68 327
30 130
202 219
65 315
54 64
174 298
33 210
200 343
77 141
303 344
14 290
279 357
253 329
223 277
39 141
58 399
151 297
100 207
42 345
291 316
2 195
310 424
319 394
154 383
93 380
101 260
19 351
213 248
220 263
2 322
35 392
38 66
187 370
393 416
222 413
150 328
67 230
378 402
134 315
5 36
110 153
21 107
228 402
81 396
311 408
20 315
130 160
147 281
24 223
173 383
83 148
1 390
145 263
98 115
179 277
230 301
237 375
118 333
5 186
341 410
190 273
8 161
179 238
13 328
299 388
207 388
166 259
266 313
81 330
181 275
84 342
1 159
92 409
7 259
117 235
27 286
173 230
57 178
68 147
67 129
73 374
43 350
324 419
370 424
135 387
163 256
10 181
4 277
28 351
358 417
339 387
293 334
120 132
317 376
44 164
33 229
66 180
358 362
183 365
0 238
47 328
202 418
5 43
39 344
336 390
206 268
62 186
229 419
16 168
169 393
21 418
56 94
378 399
111 122
307 328
62 266
32 183
60 115
42 188
84 362
164 394
180 350
152 310
140 389
269 397
217 359
195 313
71 350
276 309
5 347
92 357
303 404
142 367
184 340
19 189
91 390
82 293
88 358
151 348
143 329
267 355
178 236
58 168
100 328
23 284
121 288
31 410
356 365
128 193
253 277
192 322
60 93
68 202
87 223
236 377
164 333
28 393
229 302
97 159
10 179
243 336
257 365
19 278
176 396
45 97
67 382
196 282
8 42
9 117
52 214
257 378
247 396
68 113
147 231
171 278
217 408
39 109
117 414
1 23
2 53
243 385
10 236
277 362
36 198
94 395
82 284
215 236
22 180
306 350
166 302
65 294
64 156
71 176
191 314
57 189
206 244
259 264
33 98
256 345
59 399
304 379
420 423
266 347
340 375
47 121
167 200
333 364
79 312
135 283
5 340
87 227
5 411
123 338
290 355
160 363
248 297
15 74
330 402
213 252
197 328
45 202
101 424
342 349
197 357
180 211
127 227
360 379
200 203
339 400
3 226
105 360
247 318
223 357
193 361
180 414
318 321
276 368
387 393
45 336
198 249
15 66
317 384
291 352
75 282
192 306
126 261
57 201
94 283
34 296
245 320
21 414
96 141
173 259
53 347
39 197
166 276
48 49
182 216
160 353
188 310
73 373
11 404
172 289
297 345
54 202
114 271
90 413
162 253
40 135
117 173
17 250
86 359
222 414
142 186
117 241
38 208
285 377
165 360
211 285
115 275
85 236
93 420
146 250
59 243
55 63
338 374
118 315
84 336
129 186
161 396
135 269
48 248
32 406
63 352
202 344
329 347
118 322
23 180
137 279
263 387
210 280
127 356
246 380
104 228
153 186
23 405
302 387
90 366
367 425
286 293
151 264
45 193
192 240
187 284
110 349
86 150
190 236
173 249
142 262
62 265
97 136
187 318
50 171
153 210
347 406
49 292
171 326
233 421
264 332
118 406
100 306
158 226
2 181
80 225
194 308
14 344
290 352
74 217
10 140
92 103
13 408
153 297
246 402
4 358
78 418
56 59
9 272
96 344
42 274
267 331
87 116
208 318
80 381
195 297
38 407
86 362
322 383
160 195
183 197
64 205
67 124
238 318
224 388
187 354
66 164
366 384
121 366
135 422
30 98
91 421
106 388
17 323
271 292
10 186
229 341
4 13
107 365
237 359
25 216
28 267
33 249
56 131
362 405
237 346
56 238
319 392
84 330
185 297
178 326
92 328
33 237
71 244
320 393
284 358
317 366
224 394
289 368
62 222
401 403
245 308
99 409
289 360
202 206
103 275
177 205
236 383
141 304
314 392
121 157
117 174
189 371
238 332
129 286
255 398
158 182
89 164
208 422
16 353
234 411
31 126
57 345
200 217
111 338
37 259
245 402
221 404
6 319
66 340
202 238
326 336
349 402
195 381
102 304
229 370
141 208
38 200
120 127
80 117
331 383
242 356
178 235
34 365
87 344
141 409
355 405
48 129
46 327
68 124
69 220
271 286
5 236
122 377
41 53
1 399
17 55
88 193
24 357
205 213
134 273
27 160
24 389
74 237
92 308
95 323
70 335
100 178
209 373
136 190
10 68
89 404
7 195
139 173
391 414
237 238
19 266
12 318
89 395
137 223
141 394
292 335
60 180
250 326
154 340
234 422
53 324
80 256
319 329
57 209
206 253
273 333
210 223
354 365
294 340
67 416
33 380
54 320
96 261
24 258
191 224
16 333
203 366
179 184
147 408
150 305
46 296
120 247
271 379
177 308
106 260
139 200
21 422
227 343
141 290
138 370
200 365
145 222
63 159
129 254
261 401
64 382
137 425
215 312
71 392
201 354
252 409
182 262
281 391
110 183
111 262
124 134
54 151
63 172
120 232
130 285
73 112
163 317
21 363
23 144
224 295
170 219
185 251
134 370
162 216
153 247
216 282
249 304
74 310
56 278
157 380
47 321
114 344
200 357
35 159
189 305
237 351
306 414
189 397
182 371
157 257
117 120
214 327
52 288
202 378
107 216
251 308
7 397
29 354
104 307
134 412
41 377
87 424
188 273
270 345
79 117
88 236
157 197
40 258
5 57
166 293
247 313
78 236
39 297
55 125
53 209
73 287
305 338
132 174
47 190
149 403
250 394
319 367
204 218
89 328
233 333
281 349
52 172
15 67
119 244
94 418
148 241
237 251
315 331
10 373
263 363
63 393
202 304
36 276
219 305
47 74
35 255
235 377
113 373
23 176
202 408
358 364
294 348
381 388
156 283
102 159
142 377
113 360
372 413
189 308
0 32
93 171
0 12
243 409
156 267
214 383
260 370
245 323
62 189
173 330
2 9
77 371
263 361
248 416
12 348
115 290
147 196
96 253
305 379
293 398
77 219
178 416
42 72
153 344
78 420
101 309
193 420
321 347
112 244
98 302
339 375
130 388
141 228
93 289
98 162
65 204
72 419
148 340
129 228
32 92
117 183
33 298
178 390
310 323
217 258
72 399
60 134
58 213
202 233
175 283
154 404
79 286
209 289
349 397
43 295
313 381
256 261
165 327
11 165
33 160
139 394
124 211
312 413
104 286
150 275
186 282
310 317
6 239
263 423
6 302
196 241
22 324
277 280
38 241
50 345
138 321
197 292
186 417
101 354
188 246
84 134
8 305
186 246
60 303
173 290
160 275
158 318
181 290
306 406
43 59
192 318
58 332
379 403
49 384
71 257
262 266
367 371
97 363
278 405
246 416
72 129
11 300
264 372
85 220
0 82
370 401
180 275
135 148
343 392
69 253
251 323
199 296
60 178
75 95
294 390
341 374
166 182
2 115
212 272
23 195
131 234
43 409
73 361
216 250
166 213
129 168
80 300
101 289
254 391
266 353
12 321
93 132
3 236
39 204
386 393
173 189
11 283
34 401
28 140
167 379
141 179
211 266
341 384
393 395
102 204
276 339
196 339
270 349
72 329
29 52
311 414
257 415
10 43
24 371
80 224
50 196
109 304
125 387
155 229
28 230
271 421
7 401
53 224
158 339
2 382
37 360
112 269
228 270
153 189
319 327
185 193
33 336
130 297
91 94
13 361
101 390
212 333
30 103
69 157
316 422
247 257
55 269
91 144
178 320
370 408
38 350
31 250
120 139
297 389
354 367
285 329
161 266
46 331
41 354
81 246
8 331
22 404
122 261
165 370
32 362
141 237
66 215
20 312
83 104
93 261
11 241
31 147
200 312
136 395
12 28
289 348
240 340
147 401
134 397
298 342
102 346
21 46
0 186
313 345
79 138
251 325
50 80
12 414
24 424
9 137
250 306
91 419
85 223
135 168
350 351
143 207
85 370
83 197
101 224
192 298
8 361
24 80
102 115
242 345
141 146
313 412
87 295
44 63
186 283
112 394
93 319
157 393
200 254
56 383
13 257
252 315
125 311
50 87
155 175
257 377
34 205
115 376
200 371
94 224
74 281
86 101
123 276
31 283
137 201
238 303
163 202
325 327
160 202
187 214
96 149
84 245
13 375
58 244
249 347
61 377
121 226
238 386
186 241
104 134
327 336
64 81
23 79
23 350
45 231
160 194
28 250
347 355
363 418
76 254
180 231
27 260
60 183
115 238
219 377
32 185
42 424
291 330
310 340
167 222
207 414
126 272
192 409
320 420
28 199
76 360
43 306
187 276
178 185
88 280
242 420
42 409
81 230
191 234
126 420
13 214
37 272
76 271
58 254
4 66
191 418
36 104
97 200
277 339
157 280
282 349
6 334
80 156
85 147
88 285
259 283
231 400
332 412
107 176
145 362
179 356
7 16
209 239
3 217
170 249
10 250
4 49
93 281
233 258
25 201
47 186
86 195
101 305
10 22
268 415
134 334
164 326
284 360
239 421
292 310
41 290
155 248
43 421
200 220
240 343
24 44
0 392
205 341
234 275
382 391
17 386
12 52
129 368
206 353
142 235
231 335
228 257
13 412
103 127
72 219
83 99
134 248
67 140
18 215
102 378
43 199
88 103
57 85
37 424
96 385
168 380
129 171
112 391
282 414
105 243
252 405
63 71
192 368
42 153
115 400
80 411
216 274
130 174
255 305
28 85
43 401
134 328
77 158
268 414
52 194
219 329
95 394
194 195
15 337
23 310
64 421
20 406
204 354
112 422
136 221
23 128
312 384
13 391
134 295
133 174
336 346
37 87
152 169
343 422
43 250
48 391
156 327
196 319
99 200
90 263
88 409
66 389
113 405
166 188
180 392
13 124
114 327
168 185
156 288
119 220
120 189
18 319
255 419
116 181
190 302
247 370
49 280
50 285
373 406
52 225
113 294
66 192
41 191
259 312
50 413
200 261
77 307
9 267
340 373
191 356
190 420
72 392
42 189
70 294
100 299
162 280
261 391
73 307
121 199
60 174
303 357
100 154
175 290
55 394
131 278
141 383
171 311
168 237
50 256
240 287
181 192
46 288
226 261
56 189
100 253
202 231
127 283
43 294
70 407
60 200
83 344
72 306
300 332
207 211
312 335
150 246
175 334
277 415
126 203
30 359
193 201
58 411
21 63
78 268
184 356
68 345
179 209
13 342
105 379
234 288
71 132
203 335
71 258
31 108
85 281
264 385
189 261
87 349
334 360
308 405
91 152
96 167
8 250
52 226
206 278
350 396
56 204
247 344
403 414
201 392
19 68
90 414
238 320
44 200
116 307
330 381
383 408
215 219
66 286
156 341
29 311
22 215
267 395
199 313
8 66
107 117
282 304
100 202
131 295
116 379
112 172
37 194
72 390
133 210
108 421
275 288
283 346
69 241
28 131
229 248
13 235
135 402
16 202
12 116
34 119
369 395
112 396
118 265
210 389
176 369
373 418
23 258
43 176
83 175
251 282
269 315
37 298
251 296
176 410
99 291
230 355
337 404
220 370
83 144
190 216
129 152
75 157
95 252
256 338
222 302
122 311
57 257
121 200
348 412
293 315
287 328
27 154
275 330
117 287
13 202
123 144
70 376
100 262
189 393
410 422
270 421
137 298
12 289
260 290
110 364
159 189
109 412
38 80
125 143
39 389
310 383
266 318
95 144
117 203
84 142
164 335
127 269
141 353
9 372
306 417
282 323
32 90
213 343
52 143
50 186
32 164
51 192
80 358
119 414
198 223
81 253
246 388
195 230
32 114
87 261
261 306
51 80
238 283
76 219
327 383
86 256
40 306
403 420
308 420
6 91
113 365
117 204
187 398
9 205
8 18
102 132
67 295
67 248
65 119
402 411
161 194
135 164
215 248
403 418
176 402
48 233
218 313
239 292
184 321
28 176
30 232
321 357
27 239
359 396
250 419
191 294
48 70
64 116
40 122
384 402
209 348
313 357
69 340
254 363
208 383
50 63
167 219
41 88
60 362
12 35
20 195
10 228
57 112
248 348
197 262
45 248
28 77
179 369
359 368
119 191
373 400
151 311
137 259
223 302
20 198
87 293
133 422
138 408
152 418
138 169
59 102
180 328
7 318
166 299
31 292
26 221
131 381
88 231
95 150
86 264
82 110
91 193
108 115
185 395
187 420
123 195
72 345
112 356
25 411
49 273
283 411
171 289
53 264
7 147
239 323
60 379
220 286
123 400
343 421
76 154
320 332
59 114
3 315
26 152
41 199
188 298
163 373
138 281
42 171
344 425
53 178
84 353
103 408
176 230
235 265
199 345
161 413
190 397
227 353
185 312
174 287
272 425
320 404
271 276
347 364
130 289
138 199
167 243
4 384
85 196
50 317
15 187
185 363
113 272
275 401
346 411
112 194
265 392
177 346
209 318
216 304
210 414
232 238
16 146
55 217
264 284
286 417
62 249
358 387
28 275
112 191
212 259
189 365
146 248
287 379
3 321
144 310
70 352
226 336
109 193
69 206
27 244
166 260
93 417
6 74
83 157
50 312
88 127
121 256
79 323
35 108
142 251
42 66
108 121
213 342
320 418
220 408
218 373
75 304
12 170
161 375
276 318
15 46
12 70
361 365
281 317
16 335
363 404
132 239
87 365
62 390
21 104
87 199
97 238
139 229
310 347
301 409
48 278
239 397
39 228
323 325
58 67
259 393
25 26
10 251
13 42
159 282
53 405
44 88
182 368
50 350
10 391
96 364
258 283
8 110
50 369
19 38
324 402
270 305
117 276
215 393
74 187
204 373
228 321
196 203
129 409
190 260
59 295
226 385
94 357
50 315
76 407
91 208
162 406
10 93
46 185
118 163
65 152
86 413
267 386
241 420
31 154
309 351
157 305
57 403
60 195
95 107
175 216
89 138
167 417
176 305
0 200
86 347
250 280
187 366
279 384
59 103
263 288
96 401
299 311
56 105
123 311
128 381
26 153
30 323
64 296
65 103
229 236
8 273
102 164
87 133
186 235
23 109
30 278
156 276
183 339
175 384
37 49
35 90
338 381
19 286
92 325
326 415
95 251
70 189
301 411
116 250
73 425
277 402
344 360
344 422
21 421
136 164
77 270
114 387
252 308
131 291
310 407
305 324
253 325
44 332
17 338
16 228
317 373
291 406
207 262
196 396
81 197
16 127
35 408
4 275
58 71
97 335
114 397
24 380
139 300
154 274
33 96
48 254
54 351
67 137
23 216
12 135
93 410
341 372
28 299
14 114
71 82
126 190
151 423
177 334
202 372
234 257
50 56
117 264
48 223
51 150
107 223
71 150
17 104
115 210
31 243
172 306
72 162
222 223
121 171
35 209
59 343
247 395
129 219
48 324
128 170
320 335
269 286
208 400
232 290
283 403
72 284
263 312
129 178
189 196
186 376
204 306
283 365
339 340
20 279
162 308
349 416
245 408
236 387
388 391
51 108
164 393
133 374
3 268
268 362
2 341
94 250
63 324
199 221
3 81
63 365
77 401
208 365
164 348
135 252
242 351
225 231
349 392
81 310
111 115
80 249
124 349
20 396
137 389
55 85
127 294
257 352
23 354
101 278
134 185
122 396
263 401
82 156
58 239
145 282
123 229
13 27
166 407
96 352
23 311
184 238
68 377
88 417
154 315
31 369
10 76
152 196
103 399
97 327
5 157
272 320
83 128
203 396
108 364
260 364
120 281
161 307
115 355
107 128
56 247
131 175
185 327
303 316
223 236
88 308
48 85
281 306
285 392
138 189
30 114
42 82
77 347
113 152
136 201
229 267
46 238
54 342
170 399
297 302
283 422
30 346
145 346
29 57
19 393
261 310
122 395
310 350
141 275
25 307
236 278
255 374
32 274
246 362
254 370
288 380
2 418
166 295
124 268
177 342
144 407
2 76
61 94
178 337
367 383
134 186
101 160
130 207
130 293
69 342
238 364
213 220
150 424
414 415
19 371
132 292
166 266
305 390
148 246
114 396
31 107
106 415
116 170
120 157
154 313
169 188
17 273
274 284
29 394
4 221
78 155
238 253
199 260
61 231
23 186
226 263
273 280
247 357
316 340
14 386
23 130
64 164
65 380
186 318
243 408
231 302
170 271
55 111
96 153
173 341
40 213
40 277
41 344
143 146
8 246
5 227
130 303
6 288
2 238
94 103
127 384
38 324
61 124
70 287
67 72
91 106
137 409
47 319
174 336
19 402
25 406
129 206
50 57
107 361
158 263
228 343
169 298
350 408
32 77
79 165
181 281
168 309
212 328
45 419
127 416
98 370
192 272
23 412
239 366
335 423
179 200
8 369
95 395
92 389
177 377
27 416
286 370
120 311
309 405
203 414
45 360
99 191
158 279
215 381
67 122
149 263
111 344
36 239
140 386
102 334
68 75
133 418
86 310
185 326
247 386
136 310
69 231
226 252
202 355
242 328
176 379
15 353
50 90
252 335
122 420
259 310
300 307
182 344
55 378
75 145
279 376
62 297
369 389
261 368
185 211
120 400
61 423
324 373
31 106
141 209
281 380
52 370
0 386
108 127
158 218
7 175
140 265
99 412
24 339
314 391
289 300
101 175
140 143
31 53
348 405
239 414
27 48
4 402
184 264
117 172
131 142
76 104
45 86
305 385
103 271
111 351
36 351
308 403
235 375
295 389
79 316
46 175
399 402
88 412
146 147
59 122
152 392
209 343
41 298
222 390
112 425
279 412
1 68
100 380
55 325
218 235
315 376
357 406
46 297
121 376
300 408
230 381
174 381
130 204
148 267
301 378
138 179
268 293
251 302
35 45
140 167
33 109
17 66
126 367
338 352
156 411
71 80
70 124
5 212
300 310
98 101
299 395
118 166
81 369
58 367
121 297
115 296
54 105
79 98
322 332
260 262
162 422
141 216
83 113
102 228
41 349
20 365
48 229
269 306
184 297
84 364
150 241
112 328
120 227
242 368
56 350
156 361
29 405
267 369
298 414
207 332
331 344
30 285
70 90
29 359
168 277
143 389
270 363
316 379
15 130
371 386
36 39
38 346
344 364
79 245
246 258
44 327
50 421
170 299
379 404
105 418
291 301
321 414
86 215
69 172
66 385
8 139
28 66
205 400
185 392
165 401
40 380
359 417
57 315
253 289
218 408
352 388
350 381
8 191
47 288
143 409
218 247
161 269
37 376
284 330
158 272
177 228
107 386
98 275
77 333
45 394
209 279
120 235
195 364
166 235
183 238
396 407
66 334
21 192
129 277
87 259
112 340
249 382
1 213
153 167
101 299
280 421
38 370
171 275
227 271
34 187
320 370
99 372
218 304
5 101
127 185
267 411
227 363
15 148
125 352
286 381
67 343
296 354
122 387
14 232
129 380
221 425
346 360
208 280
18 130
53 240
52 108
114 287
44 325
52 285
251 350
144 244
90 115
260 353
372 402
140 255
127 360
233 340
241 288
228 304
29 183
304 425
160 405
123 354
264 334
97 358
202 349
83 189
390 398
171 343
28 221
155 326
148 287
36 209
202 214
137 357
165 184
54 204
338 350
12 292
32 256
117 382
246 272
310 363
26 39
67 153
329 337
129 160
14 342
47 118
8 108
61 283
131 399
204 215
67 379
171 244
107 135
146 362
338 400
32 327
35 347
22 327
213 386
136 171
331 349
280 346
65 279
147 301
3 37
392 393
30 292
9 130
258 339
280 315
58 175
27 382
92 108
92 175
168 386
262 425
55 77
184 303
8 335
59 358
65 118
177 417
301 303
207 369
26 276
283 320
184 328
217 280
6 169
193 356
279 394
384 415
328 347
280 379
159 349
190 288
130 169
235 376
318 351
86 328
246 282
111 286
253 271
125 225
126 231
83 218
36 331
69 290
109 361
333 385
25 318
230 403
146 230
20 264
66 247
239 250
22 254
130 272
323 389
122 183
40 372
277 374
253 378
4 259
76 81
355 378
10 225
113 265
33 104
181 227
48 287
328 403
4 362
47 276
65 95
81 405
93 245
110 398
173 420
217 347
85 175
190 384
226 228
32 387
157 396
315 350
273 375
11 291
197 203
198 268
186 352
278 388
212 369
112 122
13 156
12 420
149 235
46 241
247 402
11 342
302 365
152 398
191 230
188 263
71 405
66 264
321 384
131 418
231 238
187 330
87 414
390 403
175 232
172 178
296 311
82 173
102 248
242 398
91 349
48 348
35 409
8 81
210 342
257 328
265 321
221 380
70 393
166 339
121 257
191 364
301 413
28 208
205 229
158 169
221 223
16 319
98 199
173 198
123 257
266 391
37 50
247 307
151 414
170 404
68 358
231 246
211 363
354 379
281 301
349 408
18 57
135 417
152 286
170 296
90 383
67 394
60 150
228 381
143 168
26 398
179 187
121 211
163 257
186 413
31 398
129 384
185 206
34 118
299 406
270 279
211 212
139 286
106 279
141 382
73 334
30 321
257 409
39 242
26 102
44 166
13 422
41 366
384 404
133 187
258 279
190 388
50 136
39 421
259 387
111 219
258 300
322 357
125 150
72 311
17 320
188 204
144 164
27 182
62 323
67 409
107 384
124 386
19 37
31 185
347 421
299 418
36 120
366 380
107 138
39 376
49 182
286 397
237 425
355 381
99 307
156 316
93 130
351 361
83 254
73 268
276 316
94 129
37 425
106 130
37 130
0 95
271 344
1 5
188 398
59 357
191 299
157 299
126 318
143 367
149 170
176 418
143 399
135 398
273 372
120 122
115 306
229 398
192 418
306 346
12 337
17 358
49 72
233 401
193 364
21 130
20 35
10 30
77 104
16 157
83 190
126 293
15 97
110 259
352 382
226 289
277 394
125 148
75 103
149 376
76 96
29 151
81 111
198 227
204 281
168 302
141 197
273 424
49 98
367 370
4 22
241 282
201 341
71 154
122 132
259 343
126 302
161 181
376 389
59 131
145 371
91 230
162 285
137 267
405 415
17 243
102 406
31 297
324 406
201 320
214 227
8 268
183 230
7 372
22 261
108 329
185 298
17 183
71 108
56 234
171 331
293 386
33 128
68 196
239 279
90 349
112 173
334 392
120 369
139 403
262 327
110 395
327 357
112 238
37 263
172 354
96 281
13 353
143 244
14 235
149 227
71 222
103 395
121 405
132 228
10 71
28 257
119 366
357 384
47 332
181 303
76 179
257 332
170 214
125 379
274 419
93 365
251 361
26 380
97 254
229 418
20 140
20 116
293 297
34 373
21 368
156 192
29 260
95 166
143 390
5 425
247 417
187 356
170 348
46 369
346 348
115 223
254 265
86 266
36 245
168 335
140 397
20 247
210 341
193 377
108 125
275 395
85 98
187 277
74 169
373 380
78 208
72 75
90 266
277 388
73 397
19 117
171 273
286 404
186 346
255 356
28 306
37 411
178 296
23 300
377 425
132 419
7 235
126 386
38 165
178 422
21 109
309 323
37 384
108 119
38 400
58 108
173 211
53 289
132 222
248 259
163 314
214 324
279 282
143 396
68 117
132 309
112 347
321 393
254 405
157 279
65 239
273 362
50 269
397 415
211 275
163 260
167 269
128 380
76 180
110 391
284 366
35 192
104 390
0 398
281 356
384 416
265 309
6 94
124 372
137 187
191 256
53 181
132 304
322 389
5 407
123 140
216 417
19 376
99 275
7 209
148 422
54 409
101 290
123 383
296 407
64 387
381 399
75 124
316 323
132 412
111 414
165 283
142 199
57 99
65 364
126 287
66 69
7 272
284 392
87 266
82 375
358 392
97 103
35 146
79 93
171 361
57 417
132 189
243 292
114 374
204 407
246 389
296 372
55 197
61 389
5 341
77 154
169 353
14 90
326 399
266 395
35 396
124 238
53 84
18 243
92 349
329 372
67 255
298 406
24 294
98 357
119 410
58 328
10 106
177 394
6 264
46 355
146 182
367 389
64 77
2 343
68 222
328 376
107 371
97 201
193 414
368 420
302 407
131 407
211 375
32 50
228 324
168 268
148 304
41 216
134 159
69 166
37 200
4 404
2 227
96 181
207 222
36 223
300 400
14 233
40 370
204 210
198 293
90 244
315 420
80 82
289 370
5 237
9 392
108 227
60 305
257 383
82 239
56 120
174 413
253 272
168 202
76 160
37 367
43 134
131 195
36 168
142 220
130 141
102 185
96 280
91 296
72 113
6 87
177 239
209 210
152 325
129 211
143 148
127 316
83 368
144 295
127 347
138 307
263 316
118 380
119 413
192 220
97 232
128 157
193 223
160 233
269 404
72 413
299 374
94 246
76 422
306 409
76 374
58 147
134 408
3 324
2 3
183 323
132 193
210 275
147 243
100 289
185 259
102 254
113 401
65 146
84 90
264 270
32 384
160 234
15 18
73 271
69 115
96 234
32 135
46 335
138 202
66 409
358 368
136 206
284 408
38 188
106 351
161 205
82 357
264 285
74 295
17 397
197 232
99 171
383 386
239 304
55 414
81 132
139 335
144 207
242 395
7 71
339 383
38 423
6 235
28 102
99 325
41 422
165 193
29 336
101 271
137 262
0 171
22 232
47 188
230 406
348 415
234 268
206 307
324 351
15 226
11 69
133 255
83 255
292 331
87 346
21 252
177 218
198 346
57 418
45 417
130 413
69 286
41 56
10 115
173 190
15 126
136 420
4 110
27 327
277 413
8 35
68 185
294 349
211 290
65 314
222 256
351 402
384 418
27 391
378 397
71 191
22 131
256 321
48 83
152 327
172 420
188 348
61 204
272 292
334 387
129 252
199 375
282 302
88 113
73 340
151 258
256 414
166 343
287 334
151 355
71 324
130 275
197 204
58 74
9 355
1 410
48 318
154 287
229 348
66 263
84 280
221 358
25 239
90 297
252 346
372 382
389 392
236 378
36 215
198 396
44 92
176 245
275 372
336 350
83 352
282 366
243 262
143 419
14 346
22 359
379 424
219 346
205 424
165 378
111 232
134 264
165 324
181 216
43 397
42 395
28 248
13 280
202 217
322 328
59 256
210 360
222 272
225 347
6 277
136 229
192 235
349 396
221 385
349 409
44 240
43 167
88 219
234 409
31 32
207 334
55 400
19 98
29 135
80 364
1 137
14 288
30 198
219 324
191 397
265 365
61 281
270 401
26 62
391 413
25 207
30 280
35 225
56 290
134 237
294 334
84 192
121 163
21 156
129 161
67 250
275 397
102 410
298 376
76 210
146 226
155 200
137 297
34 114
11 264
187 249
215 221
116 144
168 320
23 385
238 416
48 162
101 330
46 193
319 335
90 95
163 349
96 307
32 205
77 383
70 255
4 324
45 165
71 367
106 219
70 133
173 197
156 224
99 260
92 185
216 356
138 181
262 414
62 268
273 379
136 137
49 298
50 377
270 359
171 214
321 348
32 120
315 327
54 264
125 256
137 160
270 294
225 314
7 204
9 195
152 173
57 372
48 99
1 289
12 176
95 274
355 400
84 303
55 233
153 274
66 295
74 138
165 227
170 184
245 293
106 248
40 41
208 423
344 382
215 295
129 138
363 392
65 206
61 408
8 179
8 336
180 241
105 203
264 366
89 366
182 352
217 306
29 314
369 381
167 399
239 411
33 307
139 352
136 251
222 361
173 417
92 420
147 154
133 337
237 337
8 138
101 323
153 293
130 305
177 300
180 325
266 363
156 183
50 405
100 276
18 250
32 318
101 113
166 252
33 141
336 410
60 276
137 407
19 322
281 383
274 337
18 144
47 407
223 344
143 271
354 411
273 293
11 271
60 128
122 367
49 276
319 422
34 273
359 380
13 150
293 408
21 391
363 405
169 328
59 201
371 401
195 325
44 367
220 288
93 313
214 285
169 423
4 359
83 221
236 301
172 334
318 362
280 339
36 235
28 410
96 168
6 355
224 407
213 216
3 208
29 255
37 96
289 382
108 250
136 322
39 334
13 59
256 301
342 385
269 390
62 81
174 405
110 138
42 359
275 309
145 341
223 395
49 425
77 258
8 316
137 319
0 270
89 286
61 256
40 146
1 227
146 324
19 118
103 196
24 171
171 236
101 328
194 314
36 311
360 425
72 136
131 172
3 377
0 212
382 407
80 109
98 394
248 387
129 142
43 282
101 112
30 356
88 288
106 168
321 379
16 299
165 217
120 368
20 350
335 358
177 266
253 323
211 323
222 352
232 391
340 366
117 304
20 252
6 186
403 405
84 278
38 182
189 193
87 337
295 415
5 349
127 326
235 354
216 342
56 425
275 378
15 24
124 334
3 225
86 173
0 222
153 404
399 408
142 166
165 325
175 228
64 152
0 37
101 298
58 339
175 296
212 295
41 79
204 206
11 387
359 399
213 390
32 132
228 314
117 338
181 350
92 354
173 217
24 210
180 252
20 302
127 140
39 51
67 402
247 309
105 293
135 210
55 146
140 196
70 309
249 285
119 350
237 340
78 239
298 415
166 288
242 386
32 84
11 334
28 56
0 352
194 332
53 125
74 173
152 227
175 358
90 357
77 255
46 281
111 360
170 352
107 174
245 376
64 283
196 222
312 336
16 245
78 192
90 255
15 367
196 199
176 342
357 418
116 357
30 415
88 159
116 225
122 305
243 289
27 396
250 323
198 363
106 110
255 394
372 383
93 273
376 397
259 280
250 353
158 399
25 189
208 345
272 278
181 228
90 196
72 294
141 411
167 381
36 125
40 195
241 303
164 283
244 295
47 323
73 206
274 304
71 102
36 289
36 303
69 247
46 347
89 331
2 33
174 190
30 176
71 302
90 284
117 412
19 35
250 253
351 389
16 300
26 310
341 421
67 242
286 422
378 418
226 330
223 318
14 294
228 310
79 377
97 127
123 185
42 400
103 286
176 394
178 271
200 369
125 353
112 185
159 219
260 348
92 305
169 210
169 323
290 322
232 374
234 292
89 397
133 414
234 408
256 272
300 309
80 171
112 145
235 405
195 249
27 422
133 251
149 278
208 258
186 192
106 206
26 390
53 398
23 269
55 276
266 269
4 268
95 233
62 372
314 357
171 325
101 380
100 313
138 305
151 253
233 370
112 285
18 270
124 261
177 217
198 311
100 119
212 332
5 355
226 403
130 212
155 293
175 388
34 140
291 385
211 246
65 391
325 355
193 366
131 176
29 211
96 345
123 152
311 410
176 326
35 269
207 336
30 164
105 239
25 275
75 386
107 318
68 225
335 338
83 238
14 302
23 283
192 232
54 260
29 411
266 381
158 257
16 377
67 419
374 419
70 282
62 382
57 68
62 364
122 308
297 408
285 373
288 373
70 421
186 345
220 308
165 301
70 106
346 374
165 224
172 301
342 395
30 228
120 161
173 337
120 370
21 208
329 349
119 300
54 392
125 147
76 386
21 94
254 320
80 349
282 372
129 293
54 378
125 421
194 251
6 140
208 382
31 397
146 184
288 396
20 193
142 207
159 410
296 341
29 126
152 317
299 416
129 328
113 223
267 418
236 300
211 382
48 214
117 373
211 288
9 305
286 313
336 347
280 425
372 377
178 184
300 369
37 199
250 266
382 414
48 124
76 403
23 387
4 84
15 31
51 347
168 313
262 374
127 308
42 138
18 148
27 36
61 88
157 242
206 251
118 250
169 312
110 152
253 397
104 133
79 405
58 393
198 406
17 86
151 388
54 270
122 292
90 382
254 327
49 328
53 309
72 224
17 144
209 294
95 267
3 111
258 410
316 393
203 232
143 288
56 316
231 338
280 362
293 310
72 240
189 348
72 285
137 179
129 315
39 131
145 360
6 397
153 373
185 391
263 403
82 222
37 255
74 205
7 293
269 325
187 333
51 127
1 84
153 273
61 208
233 319
149 292
271 314
226 247
54 247
144 151
87 128
105 403
190 253
246 274
132 290
191 216
155 163
94 319
138 288
5 168
63 331
108 378
57 197
17 378
294 393
25 101
169 237
143 335
37 138
50 347
265 400
172 271
25 350
69 324
76 205
288 366
207 316
221 297
299 358
74 317
152 372
111 302
75 370
174 276
127 418
24 206
48 111
64 189
54 248
79 217
168 255
167 397
136 365
287 351
311 389
68 78
259 325
186 344
97 221
159 387
38 106
186 408
28 260
126 392
129 241
42 327
76 94
175 382
333 419
302 345
55 191
74 255
59 276
209 349
210 213
31 360
312 362
15 120
75 411
165 233
79 351
211 294
19 102
332 403
84 392
320 328
239 241
124 284
66 227
39 184
177 335
18 54
158 203
15 50
76 283
29 173
67 334
214 256
165 306
259 304
106 309
163 421
41 67
358 416
205 332
82 217
131 184
238 264
32 187
9 398
146 347
260 318
31 232
9 15
63 369
165 385
264 397
8 280
19 155
18 97
60 141
266 336
297 366
278 394
53 87
23 111
9 225
176 423
69 333
165 345
66 171
78 363
118 168
124 179
32 54
19 79
403 406
6 132
221 412
106 355
85 383
61 125
190 423
80 396
80 382
198 310
7 31
259 408
162 315
74 106
98 132
5 183
278 325
191 207
188 302
69 110
43 108
121 399
15 220
345 410
4 409
230 234
82 182
15 312
102 319
106 187
307 343
220 252
35 415
160 340
0 359
210 354
262 343
70 204
25 247
130 132
222 273
154 324
52 229
273 304
197 272
47 361
249 250
113 300
140 274
132 357
56 284
292 354
223 255
237 339
197 383
67 367
69 208
302 320
108 302
292 392
126 359
156 363
69 188
197 339
48 385
287 293
94 396
9 217
328 338
126 306
20 31
163 398
214 295
51 254
163 407
292 415
332 384
258 332
18 239
161 360
187 233
18 234
310 379
266 274
37 114
88 245
95 256
151 394
66 348
222 280
89 352
87 190
219 296
14 150
204 286
58 402
122 278
207 226
76 131
114 207
251 383
194 324
114 129
134 300
128 319
74 341
157 239
311 340
10 58
31 272
99 290
251 317
264 294
135 407
216 333
128 346
162 238
206 355
300 364
153 211
57 250
241 304
246 394
178 311
24 332
63 77
45 46
120 147
337 361
138 316
83 121
295 354
27 122
176 416
15 270
307 368
15 305
56 218
285 322
320 366
262 323
88 93
137 400
191 200
221 248
214 313
37 409
92 184
18 91
35 230
160 171
84 165
389 419
245 317
326 385
185 321
11 54
47 112
44 167
312 326
76 226
171 189
264 322
262 402
141 365
207 423
64 282
222 329
255 404
6 104
218 393
60 401
164 287
121 263
185 328
63 346
177 330
403 421
129 319
153 418
192 353
181 300
13 225
29 185
112 410
40 391
5 417
19 106
5 252
44 380
361 388
65 273
51 143
282 341
25 220
244 260
26 352
27 214
68 139
107 110
143 178
258 330
12 109
89 197
83 317
197 284
284 321
17 202
290 392
185 223
203 382
78 394
3 258
75 164
59 96
242 255
346 392
334 404
25 361
29 274
173 183
21 347
180 181
24 191
203 359
15 222
152 299
162 263
68 104
361 417
95 308
192 408
136 397
75 347
159 233
155 421
357 399
94 182
57 134
3 129
85 376
136 371
90 160
156 241
377 416
109 377
225 283
334 370
133 289
110 299
58 201
196 342
341 389
130 398
145 339
288 424
337 425
251 366
211 279
63 323
184 313
164 343
346 418
220 254
76 364
152 360
281 316
91 313
29 279
215 227
291 338
196 421
163 204
119 199
228 236
329 389
196 340
296 424
64 204
46 102
143 216
192 274
13 43
5 149
276 422
226 395
54 181
213 261
135 250
