492 4629
225 339
19 55
162 444
3 263
253 343
19 289
33 354
15 72
304 469
392 439
86 156
367 483
15 307
285 450
194 450
376 467
104 441
123 228
83 340
134 400
65 148
173 408
100 415
316 336
327 434
32 434
123 147
43 209
43 452
109 220
19 33
145 449
170 467
268 344
252 482
226 312
341 484
144 361
90 122
258 447
20 414
109 365
83 423
199 447
221 394
234 284
415 466
323 467
221 266
0 149
280 322
44 368
19 280
3 489
188 362
23 370
200 297
164 324
183 387
257 444
84 158
132 228
76 158
109 214
265 399
10 260
230 425
200 411
232 381
112 439
413 463
414 442
183 442
74 353
66 417
89 441
102 316
100 469
459 481
224 282
40 90
248 487
88 130
109 242
187 423
40 222
240 477
45 437
163 422
77 458
59 284
31 94
262 483
31 387
234 488
114 416
124 487
363 376
351 432
334 427
97 287
54 100
35 348
53 253
327 401
4 213
47 373
48 439
239 263
346 427
197 393
57 350
11 147
247 325
369 378
8 433
326 345
268 399
61 187
3 172
88 255
2 112
370 478
374 409
44 265
59 404
181 297
178 375
119 325
45 139
12 304
25 343
97 165
383 485
84 86
266 325
55 282
53 186
103 421
107 468
106 259
113 448
386 478
170 311
185 479
187 491
113 183
354 431
120 162
112 426
59 192
46 257
115 361
67 455
147 348
277 461
380 453
169 377
251 277
382 406
130 426
398 447
49 461
39 337
419 485
215 488
356 462
216 260
100 444
17 255
2 353
176 232
127 265
210 490
101 112
10 36
327 437
57 490
175 442
342 456
133 480
44 214
50 227
128 174
18 86
252 444
83 204
180 473
256 342
177 409
119 389
97 185
73 191
213 472
185 444
45 118
40 425
71 391
239 290
75 412
153 215
214 237
188 368
166 348
292 491
164 473
215 259
218 306
328 430
32 466
129 429
300 316
231 238
187 231
149 254
153 486
399 465
31 87
35 189
42 169
88 322
411 453
71 277
431 439
212 403
167 353
173 455
55 303
13 378
86 415
308 369
139 415
166 238
436 460
46 300
30 395
106 237
85 441
1 69
246 312
58 110
92 211
187 419
51 174
337 464
325 371
66 236
284 292
18 414
115 142
257 286
121 225
20 397
414 483
174 286
40 170
270 407
8 197
79 285
417 477
214 304
185 463
189 348
206 352
81 389
44 396
177 338
154 413
117 380
79 337
1 201
27 208
65 473
21 421
226 324
103 380
123 175
180 321
276 321
25 346
90 346
178 220
463 472
87 335
10 156
119 366
115 177
384 422
69 86
323 402
107 252
332 429
345 453
80 430
23 273
11 139
36 106
17 79
99 412
51 262
191 456
289 321
346 384
112 286
366 414
202 447
308 447
46 224
25 67
164 270
312 315
293 384
23 429
310 419
340 406
107 204
89 208
46 419
101 322
218 243
283 355
90 338
183 235
281 373
418 437
114 294
166 355
302 375
148 423
136 316
105 354
59 397
37 412
12 232
121 406
316 325
217 466
59 106
11 348
91 415
78 218
340 479
211 388
35 461
130 338
74 194
194 435
90 95
297 389
321 339
158 457
150 361
353 466
184 196
129 411
34 187
96 149
281 368
163 240
168 367
66 99
157 313
147 158
7 231
268 353
128 171
93 378
377 486
111 464
136 203
123 375
293 478
385 426
216 480
26 445
65 158
259 387
300 484
17 74
169 350
30 488
64 121
363 365
41 155
238 480
21 380
304 461
23 490
32 387
158 355
394 417
247 358
138 428
249 279
236 350
169 216
79 412
271 487
165 332
44 78
382 396
365 400
144 324
49 278
5 255
364 484
364 410
212 312
86 108
358 398
204 248
206 245
233 289
170 275
71 205
66 78
331 412
114 410
123 196
229 234
7 168
310 399
89 396
281 365
64 293
401 467
231 464
340 433
38 104
80 111
319 460
68 347
242 257
380 490
263 474
28 115
481 483
70 156
166 328
301 375
257 294
70 375
116 308
122 441
78 359
37 100
36 85
394 421
29 289
3 432
76 450
54 181
215 253
400 465
198 407
281 289
258 325
50 366
148 417
218 341
147 314
283 491
25 446
17 125
412 483
263 427
128 350
48 327
27 33
60 186
184 302
119 466
394 475
137 294
38 189
37 342
190 396
251 415
17 102
196 405
45 283
18 419
234 458
225 415
176 252
93 491
256 471
209 448
155 438
82 466
291 355
90 126
171 422
114 260
448 453
276 296
54 97
149 328
145 445
204 387
81 255
310 339
277 367
192 349
155 189
445 453
280 290
253 468
253 482
146 288
410 485
143 389
87 115
132 227
40 176
236 327
29 63
118 232
203 440
229 266
160 310
417 447
163 280
236 264
116 329
215 217
287 342
10 391
139 180
243 441
75 384
361 391
347 422
45 340
22 202
330 393
200 287
242 337
370 374
13 376
58 364
110 294
385 391
350 472
369 425
170 451
10 141
162 291
48 308
219 359
272 290
0 12
0 461
340 447
403 484
16 55
413 442
263 452
177 249
176 305
36 360
174 238
231 365
248 351
370 425
381 416
168 178
80 308
188 367
196 487
4 292
252 451
6 489
29 282
16 139
64 210
53 285
91 420
52 333
214 464
82 248
85 235
268 468
7 87
30 65
44 150
252 412
82 187
139 184
216 313
43 266
51 286
84 145
131 193
11 297
113 144
276 341
306 346
35 465
187 434
114 125
130 432
199 318
160 340
175 378
153 266
6 13
54 401
102 181
8 113
13 166
116 441
81 423
181 427
4 73
418 473
152 462
466 472
156 183
334 442
203 214
219 340
168 443
102 267
122 368
25 94
130 177
106 464
69 72
364 402
49 481
354 397
285 447
57 344
32 460
38 153
395 479
341 453
405 428
195 362
200 365
392 431
164 343
52 392
7 27
8 483
24 260
187 446
239 431
90 206
250 321
316 387
221 327
197 250
155 198
273 301
252 290
271 420
155 228
41 488
132 203
454 484
131 183
113 234
412 476
185 469
300 407
191 435
330 432
123 362
353 418
310 445
30 231
142 253
62 265
254 309
271 330
245 384
151 331
65 374
201 459
129 410
237 298
188 308
378 380
200 479
122 302
58 370
98 382
20 271
17 110
125 275
25 382
47 221
104 488
20 78
46 164
60 289
151 345
191 295
162 179
60 254
13 278
27 234
77 270
338 414
145 277
242 467
412 489
167 375
93 94
51 153
182 262
151 222
130 434
311 415
268 358
201 278
297 325
155 445
320 423
155 365
280 411
324 380
407 413
160 184
7 28
24 28
321 463
71 94
305 356
64 474
320 402
22 74
159 233
238 378
388 458
204 348
125 179
4 64
12 161
428 435
410 436
285 485
20 151
133 490
14 424
256 390
128 201
29 225
0 141
241 380
313 393
127 266
181 361
96 472
69 289
52 120
236 328
180 386
407 460
355 368
107 327
292 376
167 478
218 286
166 356
262 467
318 407
203 490
5 299
116 266
87 445
217 445
51 78
227 237
175 329
113 455
189 242
41 238
185 235
334 354
242 350
53 146
147 384
27 153
279 372
68 299
132 308
171 273
257 397
407 431
196 413
60 368
74 102
2 66
223 398
455 473
140 310
140 290
75 317
5 313
302 315
37 357
70 134
15 351
39 149
171 258
1 72
312 371
315 452
391 431
144 447
63 425
97 379
186 230
439 483
342 465
152 194
185 280
278 387
22 389
199 254
391 455
145 263
35 438
87 231
286 420
203 350
76 356
38 260
36 258
167 406
73 382
103 206
198 245
181 448
69 340
52 326
62 303
151 170
175 416
164 444
157 368
345 391
188 402
173 280
372 375
53 276
95 340
100 116
302 449
16 431
299 314
59 474
75 458
123 353
354 487
1 139
12 443
366 478
185 378
152 262
123 182
63 205
335 478
219 458
127 315
337 412
168 245
41 305
87 160
289 371
175 254
52 434
274 277
218 221
405 484
183 238
193 282
372 441
91 200
125 182
109 139
58 369
341 364
100 288
77 228
357 388
31 452
248 418
2 95
224 418
286 491
204 317
97 201
202 399
145 214
143 448
38 389
361 423
212 406
28 405
139 355
273 399
81 377
259 390
181 202
294 447
75 132
67 168
249 405
204 401
253 405
143 482
82 402
225 441
26 452
1 446
156 296
38 74
137 328
413 443
160 400
135 305
104 478
131 194
232 482
252 307
86 437
423 477
191 308
363 436
353 354
241 441
181 319
373 388
347 481
34 375
98 418
190 350
16 177
222 422
73 216
287 447
150 366
71 143
105 126
177 378
68 490
87 219
269 407
194 364
205 322
1 244
42 138
113 351
121 172
369 473
55 251
100 442
29 230
40 58
19 436
133 363
337 400
87 410
221 389
191 253
172 174
90 194
41 330
349 467
66 385
463 473
259 468
151 439
243 244
178 328
370 391
21 419
97 380
174 262
367 480
392 415
241 466
286 322
170 191
211 292
108 251
48 212
238 375
362 413
10 308
250 424
16 160
227 487
75 455
4 479
140 181
4 301
62 270
274 302
186 408
147 355
49 69
42 427
13 97
309 369
312 389
174 251
255 368
425 453
248 320
39 271
130 315
157 261
15 463
66 344
42 201
299 430
13 324
27 142
295 388
231 319
86 181
69 158
37 183
300 337
62 368
39 81
229 264
85 136
25 128
21 272
83 389
146 442
206 427
406 438
92 239
49 252
23 392
23 239
179 485
384 433
44 237
391 477
4 204
188 448
215 320
172 186
87 310
33 461
125 211
358 383
55 414
362 484
364 448
358 389
27 360
219 435
236 275
361 430
250 465
168 360
439 489
219 343
28 315
13 479
62 318
403 447
188 416
211 397
417 425
480 486
200 359
85 487
202 470
252 279
357 403
275 357
368 379
168 336
212 440
9 287
62 360
463 477
124 144
43 421
212 364
5 252
20 293
34 438
44 79
98 146
12 180
227 376
261 401
422 483
59 455
293 357
104 322
44 388
452 454
78 181
201 257
158 257
185 207
170 261
169 173
269 358
215 349
125 302
294 398
182 429
98 130
393 475
227 318
400 459
452 467
101 369
5 419
209 455
88 455
90 227
277 359
64 467
121 408
336 402
276 423
106 312
148 393
197 204
147 224
350 412
146 286
365 368
45 210
395 417
268 428
159 288
1 455
226 232
272 483
117 156
274 314
258 295
286 305
134 272
230 429
225 294
61 149
78 480
300 440
22 416
345 459
383 470
97 391
192 301
55 256
55 262
228 467
235 384
240 450
36 137
342 426
207 479
293 411
6 99
103 358
280 331
71 342
238 423
139 289
359 383
240 345
9 333
249 463
242 446
324 412
189 314
310 334
342 390
42 491
127 260
112 332
211 256
129 332
173 391
52 76
418 477
290 374
7 476
50 98
16 412
137 378
62 319
240 464
98 99
3 163
91 92
178 353
106 122
169 476
60 264
56 223
154 323
268 365
71 174
108 287
443 463
275 351
247 261
122 341
135 337
397 436
316 422
185 411
153 251
38 364
232 319
262 462
16 314
15 141
182 456
179 208
226 280
94 107
84 103
12 464
159 400
325 394
97 198
137 386
103 359
374 398
87 236
435 453
41 48
211 422
102 282
321 487
225 333
216 289
440 453
266 428
149 253
157 310
203 292
138 260
202 284
109 370
165 485
100 217
113 302
190 381
316 442
23 338
192 489
49 96
148 262
347 358
37 56
161 465
378 465
400 484
295 320
14 204
302 381
239 282
122 260
165 417
200 304
277 350
254 266
178 471
184 468
126 421
206 297
195 228
19 259
54 133
221 246
26 166
9 242
25 372
373 377
225 322
257 321
204 311
76 453
135 189
41 94
63 189
27 165
340 371
187 467
261 419
119 188
222 330
213 434
302 310
75 447
123 422
248 440
173 236
73 317
238 322
126 473
29 234
211 225
165 287
294 450
347 476
269 316
138 355
53 96
274 312
54 94
162 340
256 446
81 85
39 441
375 398
205 451
409 419
64 317
29 444
118 393
355 429
107 158
76 363
78 184
132 356
157 331
122 352
64 145
32 226
184 489
69 199
127 373
34 177
54 451
34 456
42 392
195 400
382 417
114 381
433 450
335 451
340 425
14 308
37 304
195 459
35 433
406 442
9 31
19 114
103 283
319 368
151 191
74 415
309 408
5 229
118 251
38 471
201 280
388 449
278 292
204 475
392 412
170 243
46 350
88 350
227 419
52 207
149 338
272 308
6 417
168 295
415 465
304 452
276 450
47 111
59 69
145 467
302 469
311 411
156 387
41 240
61 214
145 272
50 374
422 487
330 372
292 477
411 431
93 409
234 413
32 276
301 479
145 459
239 360
95 453
132 212
414 428
143 406
15 85
313 353
73 190
193 397
395 437
236 369
185 367
219 331
168 394
142 158
280 360
202 257
0 331
59 86
124 201
192 298
120 452
127 264
27 30
117 480
114 189
334 471
180 408
279 483
123 171
296 397
26 298
91 289
51 451
230 231
275 299
289 422
48 368
139 460
217 322
88 136
154 452
92 225
168 469
86 267
250 448
119 201
16 137
112 203
329 429
15 364
265 442
103 109
71 343
67 454
65 430
381 470
357 400
328 455
277 394
92 317
306 438
201 385
7 133
78 228
103 205
337 468
272 445
142 246
28 406
79 343
258 315
265 488
54 447
185 279
64 445
207 256
268 430
324 437
5 218
260 265
237 265
33 210
6 23
267 294
129 422
121 449
323 476
13 71
288 340
84 371
136 412
26 204
18 374
19 223
247 264
99 391
32 356
68 278
340 411
390 440
33 463
196 415
1 154
258 308
245 263
396 400
129 251
187 216
92 160
114 168
186 302
130 345
31 446
205 290
30 203
62 407
447 483
293 353
309 456
233 384
82 86
108 325
95 432
145 337
70 347
329 460
276 288
40 61
30 274
255 293
34 252
40 108
95 257
330 379
43 258
84 88
124 378
344 352
43 483
310 409
178 412
34 463
98 487
89 167
9 306
242 451
304 336
212 224
76 271
134 285
131 222
170 397
81 459
24 116
4 247
126 176
2 12
235 386
23 211
70 149
297 374
239 273
240 317
26 252
107 310
365 373
210 370
382 428
139 314
36 399
88 178
416 426
129 452
49 204
486 490
370 466
186 470
382 394
287 391
0 192
451 470
291 399
31 287
180 467
74 477
205 426
202 329
4 159
90 432
217 433
134 249
232 475
40 374
201 287
31 201
65 111
45 367
121 252
53 222
34 468
84 326
238 444
57 365
307 469
91 449
297 456
204 370
132 442
100 316
99 208
128 194
285 409
195 446
6 325
105 339
0 332
154 406
10 344
9 258
307 490
231 329
197 251
17 160
431 452
145 455
189 402
62 416
281 484
252 349
403 459
321 480
87 184
32 152
71 418
50 124
66 454
22 431
292 342
188 489
94 203
152 343
84 407
142 484
223 296
46 377
254 257
273 325
333 445
20 464
401 491
301 378
222 354
88 380
96 374
255 400
50 432
4 335
106 230
213 340
173 405
229 491
386 437
364 365
188 235
198 485
390 399
213 222
187 462
35 231
116 240
237 310
89 236
142 355
118 370
99 449
42 364
101 375
202 259
232 328
190 430
31 173
237 393
280 306
57 136
332 475
108 410
152 176
337 367
218 359
27 310
36 293
35 409
348 425
124 242
367 486
123 124
43 288
172 416
24 246
425 433
127 128
188 312
122 343
90 131
1 60
166 465
265 473
151 474
426 481
179 228
26 222
396 473
27 383
247 459
112 464
0 319
457 470
59 171
184 461
56 183
61 124
19 84
197 219
326 330
123 138
28 120
31 215
110 225
12 363
34 65
43 71
124 196
41 162
142 482
250 482
72 467
286 326
30 288
25 312
81 82
188 397
386 431
108 387
9 327
258 312
112 150
61 244
256 475
243 321
172 454
255 264
134 165
131 152
319 440
187 381
130 169
48 250
0 468
430 467
191 214
431 447
70 338
117 140
139 258
296 490
49 149
216 380
51 56
132 397
39 467
133 298
221 353
11 224
50 321
170 337
109 485
67 292
17 337
340 372
123 483
92 162
7 162
274 415
93 382
114 413
50 455
147 426
153 385
50 392
347 370
246 271
23 222
83 214
253 439
61 150
33 81
134 341
115 140
319 359
290 360
167 394
120 478
43 463
43 365
192 425
69 299
172 340
48 56
169 223
8 438
25 268
103 237
60 310
362 410
53 72
118 446
34 279
43 363
53 232
160 354
99 321
222 444
292 401
161 478
186 390
223 271
116 262
257 467
134 262
29 426
240 308
60 172
92 179
265 427
130 150
19 248
206 323
157 402
130 209
125 399
140 472
64 322
13 478
22 68
125 174
196 298
11 131
152 320
233 273
136 425
215 400
205 359
286 413
126 283
295 315
121 306
371 422
13 474
50 479
376 448
163 269
241 416
147 186
76 89
191 218
140 186
60 70
371 411
139 219
325 399
60 489
30 63
63 134
29 316
78 387
35 430
226 266
271 384
48 440
102 419
46 486
64 490
360 483
185 439
3 174
124 363
203 371
83 146
172 344
223 337
47 118
185 386
204 337
73 366
325 454
196 470
65 195
40 490
262 457
191 208
59 121
60 247
228 271
106 360
283 463
58 388
160 349
190 393
201 338
75 102
257 480
101 477
130 238
301 377
83 263
25 211
145 291
24 352
167 448
216 383
45 60
201 365
5 101
243 427
197 429
34 38
314 408
247 385
291 308
67 224
261 332
12 71
96 237
361 482
109 476
28 328
53 372
165 235
232 441
323 354
296 395
321 332
220 225
186 393
54 77
484 488
47 112
172 311
108 476
283 340
297 429
259 327
245 418
240 255
23 400
287 363
1 92
22 185
412 474
25 409
25 39
1 30
0 282
280 420
382 395
181 404
4 219
228 313
50 134
269 433
365 424
121 194
286 289
110 120
260 411
168 217
19 167
141 409
258 373
140 209
347 405
78 439
179 311
144 488
127 476
117 469
355 421
340 474
68 79
105 160
273 391
31 274
216 392
326 421
136 291
63 166
204 410
97 388
195 476
33 86
23 450
186 229
356 473
46 322
173 390
158 280
99 455
204 309
4 266
324 484
134 326
29 61
75 212
40 310
267 303
23 347
380 441
201 388
27 44
99 458
226 285
90 136
17 215
243 266
1 108
113 317
22 210
47 197
159 251
416 445
27 174
333 425
299 377
64 309
17 228
200 290
6 207
20 59
314 439
43 135
139 470
297 490
112 334
134 230
205 381
60 464
178 306
277 393
48 458
69 174
161 163
33 169
227 280
345 466
86 389
14 92
185 268
50 460
245 436
161 310
44 474
184 434
165 265
14 403
191 415
302 355
262 342
31 437
446 483
25 138
18 389
65 210
283 371
56 490
45 181
53 337
135 390
113 131
8 337
109 174
331 334
314 387
220 336
54 458
35 220
88 312
230 486
31 218
91 279
326 350
249 425
132 138
99 128
47 357
125 212
186 227
38 408
180 411
14 120
214 267
100 321
48 370
113 398
129 377
222 301
57 133
86 439
47 99
126 337
34 114
157 290
28 443
195 210
79 125
22 34
87 244
243 252
163 419
1 447
207 222
22 140
171 367
411 455
64 107
384 445
80 208
15 230
243 339
70 138
131 440
359 487
210 371
107 231
193 433
8 157
333 350
142 237
274 304
53 249
185 437
50 144
92 337
106 304
243 251
208 484
157 372
99 491
114 313
55 387
294 481
52 236
209 431
183 222
218 346
187 369
214 324
401 475
167 256
94 482
253 475
120 284
325 405
320 394
48 254
262 477
108 455
283 438
146 452
281 364
281 411
13 445
257 414
26 95
131 490
203 217
263 467
97 230
38 190
179 464
139 228
246 425
372 449
157 159
73 449
243 253
151 213
89 468
366 426
49 192
289 394
410 469
361 411
381 462
197 262
168 450
123 315
263 412
159 169
110 464
42 476
164 283
260 323
256 295
107 116
99 451
43 305
5 392
3 438
239 262
2 83
38 399
94 222
223 473
298 434
141 299
123 452
310 388
66 193
45 479
306 350
303 390
308 392
5 17
323 391
10 165
434 455
284 473
239 395
78 373
192 270
172 381
342 478
185 486
18 132
30 129
121 134
411 420
62 164
162 487
479 489
312 335
161 262
233 258
155 222
194 405
60 318
68 156
73 486
57 214
5 83
398 426
208 234
66 427
211 353
229 393
222 307
290 430
33 424
168 249
71 321
178 238
328 359
20 431
306 321
148 388
26 273
81 132
105 145
259 434
164 231
317 461
153 255
179 436
244 280
83 477
252 475
290 468
51 372
61 217
114 151
47 475
46 179
357 410
0 329
377 484
243 322
24 158
132 445
307 329
226 298
124 222
92 98
366 480
122 418
404 414
176 447
14 450
150 308
428 460
345 482
17 368
231 268
58 295
22 326
201 395
51 165
98 104
101 167
445 481
104 327
29 250
7 196
20 205
271 462
21 451
2 169
394 461
274 324
32 420
156 392
188 471
77 251
329 344
422 461
271 439
52 109
96 186
113 421
373 441
170 387
52 301
311 353
334 481
383 471
264 316
131 354
42 85
116 169
320 408
328 337
385 412
45 152
13 322
7 334
355 373
123 345
19 117
105 176
33 384
21 130
153 419
250 471
252 400
373 418
275 424
21 222
186 320
53 121
8 145
17 458
279 329
24 95
417 471
32 332
264 454
5 230
309 334
286 343
179 300
331 433
169 344
152 388
201 308
260 428
109 413
462 487
358 408
75 262
123 486
85 424
21 228
154 303
42 184
25 444
253 275
101 381
59 105
23 418
128 261
60 117
339 471
130 480
115 121
113 402
77 363
398 471
61 298
16 145
111 355
3 141
281 403
2 436
97 407
311 464
241 264
18 457
107 123
16 88
315 444
89 403
152 337
140 336
161 228
51 234
188 265
397 471
87 97
258 484
133 327
66 305
109 377
353 387
321 361
350 452
232 277
33 245
144 167
86 343
359 462
22 410
10 348
113 374
295 337
38 85
76 99
308 491
305 440
181 436
78 247
160 365
108 220
299 380
47 319
254 363
13 141
150 260
361 393
2 475
340 388
181 397
54 98
169 343
99 219
214 260
108 340
189 309
286 408
76 207
17 346
144 189
121 325
137 398
48 279
142 275
27 56
121 229
23 123
252 442
110 372
83 142
260 267
79 481
76 130
186 377
416 432
55 229
1 309
30 111
160 247
278 437
174 188
97 161
29 372
369 487
84 173
14 250
27 368
15 300
220 303
269 282
286 321
297 349
280 353
187 409
18 123
1 490
96 286
29 277
69 491
153 424
3 121
0 110
185 193
2 480
461 480
112 121
39 300
49 207
23 242
186 407
206 235
208 241
142 290
165 198
93 259
37 265
70 300
198 465
359 376
88 225
67 320
235 484
389 419
114 335
129 473
313 411
289 309
203 209
51 313
150 310
194 363
33 50
241 429
14 102
353 373
71 490
92 352
266 342
354 457
324 445
254 481
4 137
69 117
86 462
16 96
225 439
21 140
392 476
144 456
15 104
384 415
107 396
360 466
191 241
70 390
10 45
48 252
116 121
390 409
6 167
66 334
267 376
255 371
293 474
161 343
6 43
174 283
103 106
148 343
84 292
292 438
66 312
130 281
55 95
66 407
96 155
86 293
96 148
155 426
68 377
93 126
207 373
348 421
273 275
319 441
165 328
99 135
188 222
216 248
118 160
178 436
115 362
35 487
334 353
182 225
99 477
144 182
79 473
263 290
316 411
353 440
139 186
330 347
330 332
23 205
79 349
4 447
345 467
238 455
112 184
188 384
379 427
71 279
25 72
85 432
3 7
144 205
17 270
90 242
32 351
69 312
263 408
108 442
125 443
22 75
31 489
142 311
411 441
71 129
329 348
53 405
12 44
105 231
235 457
214 309
291 327
283 421
7 392
108 443
194 302
418 474
57 99
4 473
110 247
34 40
125 272
114 175
108 284
6 67
240 481
217 318
29 114
211 334
278 356
88 406
17 146
136 401
336 339
27 79
178 205
132 140
272 343
144 220
179 234
347 470
152 445
300 358
185 395
93 310
307 466
130 419
270 467
434 438
390 462
186 439
91 344
270 418
23 214
270 305
452 459
229 415
106 148
276 376
323 439
245 471
261 383
288 313
103 378
138 273
436 485
289 432
102 325
162 303
59 290
233 375
192 319
90 115
102 137
132 285
70 280
245 396
26 192
302 442
200 347
88 408
177 245
79 367
324 404
73 420
259 330
74 97
81 439
205 306
194 373
17 119
10 395
59 445
198 453
101 291
127 345
8 429
86 168
93 389
70 361
33 350
174 422
192 312
235 377
17 381
219 462
149 340
55 242
150 184
175 285
107 205
106 266
63 237
70 271
97 264
194 342
41 349
262 296
227 253
64 332
393 462
44 99
263 364
86 397
147 436
193 358
164 233
68 399
275 383
281 406
355 392
18 468
9 400
8 107
19 374
114 202
170 180
159 229
285 410
74 337
5 264
27 415
143 255
299 483
100 483
258 466
200 251
38 44
158 391
64 113
268 400
188 296
228 408
44 408
133 274
267 490
73 464
184 442
302 415
13 94
208 218
1 158
131 244
351 461
132 250
241 479
152 486
192 325
27 116
175 249
119 359
163 475
129 176
434 476
235 378
97 211
379 483
417 467
38 52
233 383
338 413
24 97
292 344
13 191
236 482
199 281
190 220
372 413
15 381
365 421
319 382
313 343
378 393
291 417
46 256
178 329
14 262
152 201
76 84
89 479
247 406
167 266
298 338
71 471
337 469
310 479
108 416
157 279
66 337
66 379
51 211
67 264
38 391
181 291
78 157
29 302
134 142
80 466
95 436
116 383
336 342
149 310
192 210
175 288
173 304
182 381
246 321
293 414
152 427
68 223
161 277
341 390
102 125
137 139
142 323
238 362
249 424
167 352
147 317
47 77
94 387
380 465
240 357
89 100
210 314
171 401
204 263
88 363
329 445
393 404
136 388
82 312
155 208
240 453
156 285
264 271
123 327
184 227
75 103
247 454
61 448
361 394
197 359
28 108
363 415
53 142
77 329
127 257
71 124
83 197
447 470
278 378
22 213
221 248
477 482
30 396
147 419
198 356
5 476
49 404
50 113
107 233
235 268
204 481
52 100
24 403
66 158
203 489
82 348
286 447
113 329
186 331
18 196
317 463
190 214
170 490
15 149
4 49
192 415
93 457
8 189
175 467
130 272
136 299
210 226
10 142
5 118
245 407
299 428
58 201
320 415
317 446
9 155
207 363
87 151
174 406
125 152
41 64
41 310
28 137
328 459
22 125
187 254
21 344
159 196
47 66
276 279
76 379
65 460
207 337
62 190
28 60
221 340
322 343
72 462
313 422
401 435
115 305
106 139
34 50
310 406
119 162
18 326
0 224
379 439
155 420
191 371
44 312
110 357
259 455
351 391
155 160
213 466
267 354
3 133
290 307
214 264
93 374
120 288
170 278
189 265
112 159
29 56
252 448
96 454
105 127
191 454
83 193
252 347
131 349
93 292
122 147
43 476
351 371
64 360
343 368
194 257
377 406
174 223
66 381
142 309
90 411
147 300
132 272
95 244
108 309
139 487
386 417
346 462
17 114
50 87
124 452
151 320
225 471
77 88
121 207
121 167
67 491
49 336
256 341
186 289
86 477
202 424
137 231
18 421
75 305
84 96
366 475
323 470
238 268
21 385
198 313
140 298
282 486
351 382
21 93
94 197
20 445
416 481
45 138
233 464
68 98
239 391
208 305
371 396
123 231
184 373
98 195
215 278
184 297
134 318
280 393
131 254
396 405
111 132
14 252
117 408
157 172
235 453
92 228
227 316
99 340
115 283
128 376
178 288
226 455
32 166
407 444
32 340
226 478
159 437
50 379
114 302
288 430
407 411
319 350
238 337
353 484
290 456
86 294
314 342
199 335
269 475
144 202
220 345
205 411
16 332
126 362
212 320
182 440
22 193
23 479
104 380
249 407
325 334
30 89
329 385
287 367
5 302
69 352
190 382
326 342
24 435
412 425
217 335
23 193
301 361
63 305
359 465
93 150
267 461
237 296
134 467
31 383
81 144
108 245
86 378
89 316
110 192
42 339
177 272
37 135
17 306
35 356
143 436
10 238
425 457
106 135
14 26
56 324
200 302
180 207
210 301
125 339
234 490
88 122
202 449
75 193
30 292
85 165
42 405
231 406
53 482
78 260
32 352
117 190
39 407
1 137
106 456
309 422
393 451
325 468
319 461
48 475
206 479
146 458
269 330
257 484
25 246
236 477
423 471
28 165
29 464
23 133
4 396
242 312
109 134
448 455
139 183
270 293
202 333
14 398
257 361
280 485
157 163
307 345
98 337
190 316
5 428
295 486
161 290
179 362
142 286
177 291
115 391
178 429
172 407
257 388
303 315
69 215
274 412
111 293
74 422
352 419
215 374
138 434
250 295
75 312
387 407
117 211
116 293
249 298
250 446
37 447
304 400
111 161
65 268
201 332
72 365
346 447
107 303
80 310
316 394
27 255
15 243
136 488
266 363
124 139
106 136
175 433
136 262
246 285
311 372
197 490
22 437
147 214
267 353
438 486
99 268
1 420
309 367
364 457
60 467
243 349
116 449
266 369
40 450
157 470
296 454
329 487
12 466
90 225
288 343
104 218
383 414
224 294
36 419
35 120
11 368
71 188
231 489
14 229
34 81
139 178
189 350
397 473
273 462
220 461
26 245
97 387
21 285
223 428
260 336
92 387
247 480
118 219
85 232
39 482
138 288
338 465
98 126
280 349
159 480
348 365
211 474
160 304
11 258
232 353
82 450
104 273
89 466
40 302
284 395
26 75
112 442
317 355
366 465
188 284
209 416
100 416
157 213
203 294
43 448
149 378
54 302
4 480
288 413
0 199
171 215
41 391
206 307
238 454
107 338
164 316
228 325
89 326
321 396
101 397
29 46
10 108
154 208
117 228
136 342
116 237
25 476
1 155
460 487
146 245
263 413
14 69
226 346
68 121
135 166
88 150
127 405
214 369
287 428
100 459
212 250
129 157
133 413
240 403
82 226
60 99
184 479
254 380
275 290
90 154
305 443
122 406
409 478
2 489
375 431
263 461
116 129
23 367
29 146
237 246
221 228
232 256
206 241
81 490
271 430
49 340
18 130
331 373
280 447
254 422
236 476
366 445
220 242
64 410
211 395
278 345
76 402
148 227
290 429
176 423
347 460
157 319
94 415
145 242
296 310
75 367
18 69
205 332
2 460
223 430
433 477
115 422
191 480
16 46
188 366
217 341
384 491
1 341
67 180
257 363
265 369
263 335
181 477
83 446
31 344
148 257
335 396
336 354
136 280
347 359
227 327
148 476
284 475
79 380
292 459
222 368
97 244
410 483
382 403
86 215
200 255
343 464
100 148
406 453
96 200
326 471
141 477
161 344
161 326
87 312
352 366
224 266
291 420
9 59
31 486
185 284
432 480
68 92
92 432
148 289
228 459
70 346
323 458
306 351
276 338
121 360
184 309
59 333
17 82
102 430
22 358
260 426
133 332
73 319
51 76
20 319
24 165
65 463
230 388
69 178
68 285
205 469
1 87
342 444
52 280
202 275
122 446
23 478
97 133
259 297
255 410
16 22
191 412
415 460
230 318
355 462
6 51
62 79
102 133
309 319
1 53
55 338
29 349
33 126
9 373
170 291
169 215
20 130
62 182
79 422
43 134
82 136
27 78
25 228
40 347
8 39
62 177
170 354
238 264
389 392
457 473
185 358
28 141
4 256
5 433
210 326
282 461
254 358
255 317
10 309
99 443
77 255
295 482
208 408
13 194
48 55
218 387
66 333
62 447
8 51
100 387
108 436
224 272
378 458
3 273
6 455
37 167
8 131
222 223
123 390
44 387
136 281
40 346
110 223
382 398
166 293
152 254
185 425
82 143
411 478
13 48
105 313
159 197
151 270
69 184
135 346
311 470
46 427
265 406
360 364
216 437
240 262
325 396
305 375
111 278
346 392
221 477
105 229
87 230
443 467
32 342
307 349
128 232
31 109
62 109
393 415
152 350
2 399
445 456
78 270
195 331
122 465
69 271
240 428
16 257
5 142
220 269
101 399
35 406
74 414
18 99
212 461
308 410
219 399
97 221
32 284
109 389
359 397
46 356
72 403
272 394
243 447
155 181
115 478
64 82
126 415
187 362
93 237
191 195
12 248
335 419
20 490
31 166
320 345
218 453
255 291
377 453
239 243
302 338
10 209
174 252
265 412
305 433
304 405
146 464
163 426
45 345
240 433
28 114
31 390
99 358
104 424
101 169
264 297
12 303
292 380
143 261
219 364
68 304
315 390
275 347
184 391
376 422
241 445
6 131
142 415
304 458
86 307
345 407
253 491
5 224
106 142
321 439
132 249
172 176
263 312
176 247
346 419
143 253
57 448
48 354
164 249
342 472
88 407
176 353
111 227
166 332
320 358
34 429
412 482
378 379
13 473
293 487
399 478
466 481
261 426
75 273
106 254
210 421
135 195
33 440
66 438
160 402
92 111
89 155
168 280
37 270
123 423
18 199
114 487
344 394
0 225
193 286
334 350
352 429
326 331
148 424
259 446
14 108
100 250
270 432
98 314
8 327
234 383
200 420
73 349
178 261
172 272
205 334
156 444
296 301
7 345
333 452
170 270
38 182
258 381
175 357
50 230
424 429
70 401
228 473
176 246
208 304
127 220
32 173
84 376
204 386
203 415
288 290
106 398
32 34
0 376
203 312
17 122
86 337
286 425
279 440
208 224
191 338
319 480
95 373
177 237
211 313
86 240
79 123
390 439
251 268
383 391
85 451
138 465
52 114
193 279
99 235
6 415
137 476
356 402
132 385
150 430
430 457
123 445
121 147
56 260
91 435
102 404
362 419
85 300
110 186
367 410
14 117
88 230
22 212
425 427
247 338
39 472
19 94
1 480
142 334
53 369
27 410
36 160
200 313
11 179
250 267
21 202
243 315
322 380
343 479
218 257
49 102
25 116
423 441
268 386
118 182
42 312
130 208
57 134
19 50
111 133
25 443
315 362
64 105
175 273
343 423
76 457
206 454
304 471
221 337
239 471
279 469
6 458
343 478
268 372
150 192
94 434
119 413
3 412
321 334
277 480
269 388
100 131
46 177
85 207
253 396
183 198
180 349
377 439
152 354
235 365
78 219
131 438
88 95
164 442
305 390
153 262
175 351
165 482
119 376
260 400
192 397
19 450
45 170
180 451
169 209
295 362
249 356
274 474
339 443
152 385
44 449
252 390
143 422
85 131
81 229
145 157
350 424
207 306
312 391
34 340
249 396
32 303
141 285
164 426
101 394
198 252
49 147
42 415
152 471
444 459
75 280
150 320
108 275
164 455
291 425
428 437
4 88
159 484
13 467
16 279
2 118
365 472
72 190
23 241
20 338
33 83
197 244
177 236
380 448
110 386
171 295
2 180
111 314
170 374
338 424
250 408
320 469
201 433
171 187
24 343
281 401
150 276
186 316
33 443
274 417
44 315
129 271
59 479
74 355
425 488
198 241
103 202
66 281
155 464
136 172
87 272
181 386
259 478
39 401
3 52
155 478
222 268
22 432
209 218
31 409
211 327
43 407
104 296
284 338
60 346
281 347
84 434
100 476
83 265
312 362
78 289
43 484
335 400
105 343
136 376
293 399
114 254
30 377
212 338
166 480
40 438
421 434
375 388
119 336
146 462
163 451
41 278
206 278
42 198
128 176
94 379
92 186
139 346
162 362
219 313
42 306
208 451
139 140
248 415
177 361
145 444
250 407
18 329
377 466
100 173
28 102
88 356
279 296
336 408
288 319
103 308
12 295
121 379
122 439
115 335
69 260
74 293
42 372
393 445
259 312
3 485
128 392
83 331
46 110
73 116
127 431
116 426
107 402
61 234
416 436
73 368
375 412
39 166
403 450
209 395
141 192
159 255
217 342
94 319
148 232
27 102
308 404
7 295
92 97
11 398
156 280
240 297
203 425
185 440
25 410
225 304
138 195
326 360
241 413
145 399
23 52
412 426
79 247
86 445
327 488
104 244
105 168
47 474
158 284
75 370
10 307
325 432
235 305
132 167
227 230
63 214
113 192
182 234
17 485
201 241
61 132
343 398
61 239
54 276
306 453
326 422
259 308
246 405
147 195
343 437
53 400
199 353
239 266
72 397
124 294
221 454
213 216
318 396
285 426
155 247
59 70
186 451
319 332
153 306
195 392
233 330
371 452
165 182
104 137
429 485
135 197
101 143
192 326
125 490
48 106
116 136
166 277
137 298
270 362
455 460
2 146
215 350
448 461
303 406
367 372
28 280
158 339
376 484
397 430
110 213
205 269
127 387
76 310
50 212
316 369
133 261
58 254
270 397
237 328
27 274
57 346
4 236
257 298
43 85
163 428
396 432
86 388
80 84
167 401
374 450
177 282
148 382
176 372
184 433
247 446
39 487
165 206
95 313
106 387
90 438
136 166
156 240
366 420
213 346
74 470
2 298
42 436
18 303
121 438
278 284
224 274
117 146
33 128
60 211
167 459
12 274
238 403
34 404
62 314
366 464
75 136
153 400
50 440
106 260
23 200
145 282
37 395
94 410
292 417
60 269
224 370
169 380
173 198
43 296
257 362
287 396
255 276
158 352
320 389
193 295
272 393
283 474
350 393
212 354
33 328
396 453
295 407
143 359
209 211
57 259
13 144
259 421
164 330
87 164
33 408
13 154
23 183
15 491
2 377
240 362
82 84
214 275
402 451
357 379
224 395
305 351
79 365
311 360
230 352
30 206
142 363
261 473
149 330
118 329
48 80
174 459
81 453
245 406
152 411
34 180
444 451
151 153
34 314
283 411
34 306
4 144
255 469
407 441
129 337
118 212
265 280
14 15
141 187
326 487
351 373
15 170
10 231
169 356
230 398
47 49
239 406
11 38
182 296
75 100
40 343
4 133
304 386
387 450
160 257
113 412
276 375
46 279
38 142
208 363
14 95
103 210
126 472
169 487
344 476
247 333
42 183
427 484
35 286
21 318
109 459
273 488
61 141
59 325
64 443
97 305
199 243
112 294
149 425
386 460
127 272
236 348
426 477
138 452
90 330
71 354
74 83
120 287
385 393
323 423
19 71
219 250
303 319
196 401
203 274
105 361
117 388
284 312
189 212
37 196
394 420
35 377
146 164
44 354
347 475
350 437
251 346
140 254
26 240
88 106
31 296
70 221
235 264
58 236
33 378
102 359
140 149
155 353
122 234
418 478
294 396
16 85
7 435
153 270
5 469
32 133
363 437
124 238
293 418
202 431
34 136
186 280
116 312
165 308
135 192
49 175
122 401
21 88
101 489
257 403
33 149
285 323
349 397
225 261
180 403
212 358
131 452
111 277
94 187
194 320
344 465
386 481
35 224
181 420
237 303
133 210
57 135
21 223
261 417
263 446
246 274
312 488
87 288
33 433
40 475
66 341
113 362
82 454
291 473
424 470
12 162
384 449
286 291
81 487
298 366
90 305
15 240
200 217
57 226
158 171
46 373
344 416
77 209
42 382
81 421
62 308
116 225
18 299
247 378
7 198
195 401
339 434
147 332
48 155
347 352
126 279
167 383
177 449
193 309
27 288
256 395
87 346
64 475
61 378
291 364
97 122
141 252
271 440
221 436
103 227
164 437
343 356
43 151
258 393
305 357
130 413
391 400
11 135
34 167
183 455
53 217
39 43
198 267
90 249
196 197
158 310
51 96
70 412
57 304
192 254
54 227
40 256
236 363
30 404
167 313
240 280
487 488
208 230
117 266
231 276
203 282
23 264
240 265
186 194
143 277
129 428
12 347
276 481
236 395
88 218
138 460
6 394
167 186
454 479
67 74
417 485
91 380
104 411
148 438
392 487
150 415
87 408
285 423
127 491
174 490
330 475
88 321
1 182
339 363
93 362
294 319
87 106
213 459
262 321
179 449
161 192
28 75
249 284
355 417
145 340
121 426
33 454
25 118
174 472
92 453
116 288
32 383
176 436
310 314
51 424
194 234
256 484
82 129
9 419
64 74
124 353
120 300
140 224
92 234
93 279
367 473
159 245
17 276
72 417
116 431
90 372
98 291
90 461
256 456
229 285
370 484
84 427
196 414
152 257
385 418
364 411
51 113
201 301
287 322
288 439
155 434
396 477
298 439
227 478
379 435
91 317
462 489
60 487
320 375
2 429
2 145
70 215
201 243
183 311
158 301
262 399
51 205
266 399
252 447
54 130
472 482
72 147
295 361
11 69
35 39
133 487
148 451
17 252
353 388
83 457
203 402
32 205
271 353
220 363
35 168
279 421
163 404
41 443
48 452
274 311
52 160
8 86
35 325
6 467
228 285
71 469
54 418
141 176
264 347
26 271
85 162
70 405
22 134
71 190
176 290
199 232
116 355
380 475
30 326
335 457
272 376
238 301
1 130
120 319
207 286
12 359
25 41
324 408
137 362
1 328
32 168
49 267
73 186
30 165
37 88
323 336
388 440
92 362
238 477
53 456
118 187
468 470
152 377
259 262
345 448
357 419
81 136
143 348
51 324
17 49
177 455
35 54
173 185
153 447
291 384
302 401
129 233
295 480
25 136
18 251
111 304
25 350
175 426
175 374
189 257
156 480
398 465
347 401
154 428
211 311
170 251
75 428
391 410
214 386
164 364
199 455
157 440
95 170
104 265
13 86
142 203
143 286
316 365
264 431
261 287
333 356
250 359
203 277
261 305
363 390
264 427
311 398
44 394
32 453
22 354
123 408
62 253
163 200
22 329
61 212
309 347
63 156
272 338
14 219
20 240
406 447
183 330
95 278
234 405
377 444
360 459
280 381
