387 4738
46 236
232 342
322 373
69 167
263 313
73 209
57 247
67 258
125 310
52 71
50 130
38 46
91 277
52 96
51 72
239 340
149 334
196 230
152 305
145 199
92 104
104 155
310 381
269 283
142 177
104 168
222 246
20 371
52 345
28 381
285 332
54 218
12 174
22 48
146 241
144 345
196 311
172 302
200 277
140 341
112 314
273 362
15 247
58 210
251 308
115 178
367 379
267 300
359 361
317 359
112 344
84 191
37 335
14 306
319 334
173 301
144 383
70 361
61 340
155 162
242 276
165 246
166 175
15 147
145 170
193 224
90 194
226 230
76 302
56 103
202 374
140 143
66 205
30 210
69 76
112 254
39 59
49 299
45 66
47 235
1 203
1 120
13 29
141 278
45 300
72 78
102 354
376 377
27 128
109 356
68 126
157 293
119 177
163 363
219 259
133 380
136 170
71 171
119 231
15 91
143 364
291 371
215 374
121 196
85 166
191 197
201 308
71 302
91 104
122 349
197 286
51 261
181 213
228 327
149 333
172 206
109 286
107 347
151 293
116 219
19 375
0 386
354 380
179 283
267 268
62 271
106 289
173 253
23 365
111 199
186 211
62 310
148 228
146 224
152 329
302 357
156 268
240 308
180 250
97 348
41 46
100 112
115 120
101 228
287 306
5 374
116 199
18 298
123 257
65 378
289 384
26 267
72 104
234 261
255 270
118 350
34 81
288 304
59 336
58 65
52 225
85 352
227 302
165 382
87 267
30 279
89 145
253 363
281 317
227 284
19 23
341 374
170 372
100 137
284 304
99 263
152 202
40 333
74 141
65 304
24 372
200 350
15 313
152 378
43 141
190 244
77 219
357 374
2 27
5 372
105 314
2 331
271 357
106 340
221 355
9 231
199 356
264 320
0 28
75 170
236 270
254 286
4 153
292 350
52 349
16 303
48 206
178 290
154 288
59 283
100 371
181 300
281 370
1 385
68 285
61 112
152 275
61 172
252 291
40 355
347 353
257 349
97 330
39 305
90 330
58 226
32 184
28 348
249 274
169 224
162 170
165 238
32 296
1 38
103 260
42 95
203 386
213 322
32 308
375 376
104 170
201 351
159 281
56 353
206 375
243 316
139 212
72 345
138 381
104 297
176 259
166 343
70 88
205 384
92 169
75 97
236 292
210 375
175 318
93 339
217 245
58 132
97 115
244 372
4 187
99 178
230 341
14 88
257 262
216 359
144 252
43 161
18 72
251 291
352 377
344 358
206 233
239 310
164 346
93 213
103 215
85 242
187 293
151 153
78 348
173 259
205 282
105 182
31 249
83 101
317 343
30 331
33 186
107 140
52 383
72 257
17 35
204 333
166 209
298 320
212 355
67 306
35 282
1 83
17 54
14 135
280 320
86 139
36 54
36 231
52 68
114 209
211 226
199 217
78 347
259 282
62 380
221 293
105 206
224 241
268 373
99 182
79 243
195 333
151 280
60 374
53 97
143 291
75 247
114 320
97 161
166 349
280 357
192 193
23 200
28 308
188 237
41 352
0 257
30 352
324 334
135 270
136 362
176 232
172 217
199 272
102 188
89 190
10 129
134 352
18 74
266 379
96 248
93 236
130 242
9 10
6 296
142 286
107 228
78 91
24 113
254 283
175 365
246 383
16 145
40 297
41 261
56 153
92 94
138 272
241 355
234 252
84 168
354 357
191 243
175 197
183 275
119 298
56 320
18 341
126 238
46 207
143 340
149 291
200 356
177 330
214 286
41 113
201 288
69 122
85 257
89 311
278 332
125 322
6 275
184 348
35 381
151 298
17 348
107 206
8 293
160 226
60 169
201 284
211 248
312 327
90 209
124 222
95 220
190 337
19 20
63 279
25 142
191 342
348 353
5 252
37 239
114 365
201 221
215 314
38 359
142 143
39 69
188 349
35 345
263 362
184 326
65 376
228 249
260 384
32 146
52 341
345 386
292 377
208 282
149 290
95 208
145 255
80 143
50 119
127 383
72 312
150 242
28 50
93 97
120 160
18 131
90 251
2 361
25 234
282 328
29 361
80 250
17 141
261 360
197 218
57 71
75 166
70 307
269 330
88 276
101 122
45 279
127 233
21 357
183 291
220 332
218 302
79 151
8 356
277 359
25 288
13 255
12 375
11 121
7 281
20 242
43 194
3 203
240 353
153 174
112 161
173 281
39 291
65 363
0 14
152 314
35 54
82 338
84 187
76 184
53 317
121 137
85 193
24 128
162 249
41 344
134 347
78 319
20 161
313 376
214 295
112 139
211 361
259 323
39 259
38 244
75 264
23 373
116 139
41 142
32 130
96 99
65 200
26 354
283 349
75 216
45 161
76 195
212 351
32 54
163 164
79 325
152 255
110 220
33 247
90 95
61 380
84 161
182 236
77 295
35 353
251 272
259 321
21 277
245 367
26 102
172 359
180 249
210 373
185 320
113 308
0 304
64 186
24 180
54 364
67 269
222 295
78 127
113 228
101 313
150 349
5 77
227 229
223 272
302 312
0 186
271 318
12 376
8 77
84 364
55 308
248 342
317 318
34 192
107 149
168 345
19 53
90 243
137 155
34 91
112 338
51 289
24 173
321 357
16 169
25 255
342 359
76 283
39 306
178 309
349 376
77 176
178 215
43 370
0 223
1 251
110 130
79 326
25 117
184 205
58 99
130 172
95 206
43 204
5 95
152 371
224 252
261 293
80 240
40 111
168 342
294 377
146 280
315 382
6 352
77 133
216 259
46 159
112 364
292 330
149 325
335 336
46 116
270 297
114 316
16 344
136 193
164 235
55 156
263 367
258 272
13 319
42 93
155 157
23 121
131 138
218 317
202 379
114 249
165 383
143 270
0 72
286 292
259 318
94 122
142 361
49 377
9 185
158 325
12 200
47 241
115 159
156 269
152 284
2 216
296 380
192 260
167 231
264 291
32 63
196 356
75 121
84 163
203 370
170 318
17 149
270 288
101 201
193 223
37 201
20 101
164 336
81 118
16 146
77 130
43 218
106 351
8 210
131 150
51 121
201 360
154 312
212 321
356 383
24 195
144 216
312 325
26 270
14 268
37 189
98 229
25 230
341 367
159 353
18 95
165 365
6 54
82 340
54 195
49 125
106 207
241 278
9 139
18 82
12 101
200 297
190 302
47 50
80 270
108 263
214 312
73 136
28 244
60 236
42 151
88 225
134 303
108 120
32 352
355 385
238 251
6 292
185 311
60 164
263 319
69 310
190 282
69 262
179 266
111 337
157 261
34 197
37 141
326 355
50 269
17 229
176 290
225 269
197 268
215 348
171 180
142 221
127 301
230 302
52 242
147 251
30 375
130 187
212 283
13 79
140 234
116 237
42 347
283 385
30 247
258 265
27 201
119 228
88 194
142 366
91 374
188 311
6 74
49 313
221 290
145 306
36 80
45 329
7 133
61 363
173 221
272 302
268 332
124 300
97 351
57 185
158 212
188 275
250 339
73 288
36 285
61 220
141 240
93 147
115 240
20 53
281 321
47 180
62 225
129 173
169 356
36 305
53 196
152 355
84 135
105 239
39 314
221 373
111 146
195 300
28 193
65 192
207 239
246 276
186 253
33 74
67 320
15 324
96 237
68 290
217 380
1 95
81 341
275 301
169 187
165 352
4 177
205 364
4 122
20 210
23 327
77 121
264 310
194 322
293 366
178 361
227 313
153 345
194 208
90 378
115 291
193 256
23 188
199 381
309 332
5 275
229 311
183 353
255 365
371 374
182 246
90 154
59 97
190 256
238 299
10 228
20 381
51 267
36 216
136 259
240 386
73 201
62 348
33 245
16 204
64 196
129 320
205 288
158 366
3 287
74 250
145 182
69 311
26 306
206 363
46 105
254 289
212 314
85 243
191 220
119 205
199 306
133 225
180 252
92 313
256 288
67 282
14 313
235 301
33 224
16 194
34 366
59 331
137 350
230 303
91 179
167 198
254 292
240 364
135 217
280 323
58 111
38 89
116 306
94 99
31 223
37 327
113 153
108 222
257 282
282 381
228 307
37 272
236 272
322 355
122 346
124 169
8 11
34 190
4 95
164 365
226 278
49 52
52 267
190 329
56 198
42 376
116 296
254 278
42 67
190 236
207 362
10 62
115 169
163 211
173 178
184 370
70 222
67 266
5 164
302 310
112 359
9 67
132 343
8 206
193 296
69 188
7 278
108 371
177 327
161 242
289 292
258 299
259 381
120 314
133 285
174 185
25 312
213 255
104 338
70 168
26 300
252 345
72 142
119 302
210 351
264 346
132 150
203 283
57 320
46 248
75 268
170 321
83 199
197 374
126 221
121 253
49 187
1 230
50 355
113 254
51 317
100 277
56 123
3 83
188 276
152 321
77 259
213 336
265 279
13 288
283 383
22 241
225 228
104 295
192 295
49 96
169 273
58 306
20 71
126 308
50 150
81 92
156 194
58 128
147 237
147 368
122 230
345 373
55 137
227 382
28 100
50 135
146 210
314 357
52 200
343 365
141 269
88 386
71 119
225 314
280 369
169 342
137 138
32 360
338 340
79 109
365 380
66 380
172 271
186 296
173 237
318 337
35 382
176 294
11 311
221 357
162 298
129 298
33 289
178 312
144 262
2 213
27 88
90 337
87 310
121 210
94 133
155 264
62 88
1 107
85 305
287 360
242 345
74 360
215 301
108 314
250 300
23 179
14 383
104 254
89 286
127 262
43 330
41 245
0 107
11 37
72 111
51 343
109 203
18 53
73 82
107 136
39 47
35 270
187 385
40 159
298 360
51 147
89 261
45 225
67 217
182 339
200 209
142 289
209 274
190 367
77 169
200 303
102 373
56 178
174 206
99 269
50 148
23 248
4 191
0 148
13 226
32 250
218 340
122 187
139 184
87 309
56 362
153 352
243 332
237 300
5 346
329 353
252 281
217 340
5 378
313 328
159 286
320 366
104 135
229 288
200 259
51 240
220 289
271 299
22 329
40 148
12 93
167 363
49 324
7 155
254 386
243 364
305 344
161 232
262 346
66 102
61 365
24 154
180 240
5 360
136 214
253 270
4 332
353 369
312 370
327 360
131 222
99 368
32 99
243 306
81 335
69 120
6 298
36 147
140 164
359 373
23 103
27 385
3 313
322 357
54 282
162 317
65 95
42 100
98 180
141 308
126 354
85 112
226 273
20 209
121 185
239 256
303 321
216 254
53 155
92 100
274 380
108 227
32 165
256 327
214 315
46 88
30 167
144 333
36 377
242 269
220 324
202 380
139 221
73 92
165 244
208 307
194 283
24 207
155 234
100 153
237 311
26 375
144 296
170 343
182 262
159 165
97 287
226 375
115 218
47 268
13 78
176 240
323 324
240 290
349 369
195 365
89 321
34 351
70 111
15 205
184 188
14 110
191 240
189 190
102 248
60 144
60 170
283 331
109 223
25 167
65 326
195 362
138 316
64 80
184 371
51 243
38 260
26 78
45 182
148 261
97 355
11 217
60 264
60 81
295 330
230 304
149 347
8 241
202 277
5 250
98 300
15 37
188 377
53 205
35 70
35 167
213 290
75 312
299 309
80 366
160 272
192 217
27 362
39 253
65 106
168 333
74 361
90 101
138 299
27 179
91 215
333 346
115 262
55 370
120 335
113 291
129 146
278 281
116 297
21 137
204 246
173 366
4 243
146 370
219 302
289 348
20 143
25 296
118 268
87 157
320 363
68 286
10 192
264 285
297 369
22 24
216 283
221 371
109 311
110 125
186 256
11 345
150 344
78 376
151 284
36 351
4 193
152 372
130 358
115 226
37 39
124 126
108 132
110 267
140 319
38 217
129 134
183 255
140 195
72 287
201 306
88 185
356 380
54 82
57 245
208 357
42 65
246 367
14 121
104 371
208 224
319 379
32 337
85 382
252 285
309 314
172 192
16 189
180 261
136 299
60 72
300 323
5 22
332 368
90 124
10 82
117 223
104 264
199 366
76 290
167 260
136 293
196 233
60 364
7 333
8 340
109 182
114 382
272 351
261 326
119 218
59 330
59 176
74 261
37 332
69 112
176 179
232 351
91 235
110 384
53 191
48 85
15 44
40 249
32 177
262 312
234 250
234 348
127 214
319 338
276 280
10 291
222 261
1 57
193 212
297 333
97 122
171 234
117 213
20 362
105 349
154 377
95 338
23 73
32 171
16 25
105 242
124 133
124 307
47 231
96 113
22 300
66 99
64 291
21 254
221 295
282 287
42 115
54 164
300 328
135 302
338 366
112 136
47 186
325 339
88 333
94 352
277 309
267 276
29 125
187 226
201 239
184 324
305 356
48 68
58 162
10 74
29 338
232 260
291 373
302 361
174 258
266 280
188 287
357 383
47 164
330 366
67 377
200 272
375 383
20 150
27 89
277 385
75 295
339 379
40 66
268 270
65 113
104 210
28 117
37 364
49 157
56 82
188 294
219 254
260 291
269 306
176 213
353 381
113 114
260 267
343 370
99 356
109 208
279 305
145 156
360 363
79 380
337 339
13 201
222 370
102 238
110 126
102 276
58 288
64 332
135 254
14 94
120 191
35 55
244 366
184 271
47 104
118 185
69 104
141 150
9 180
125 151
58 102
168 191
189 308
190 309
28 30
42 247
46 220
87 291
111 118
61 84
210 367
224 286
57 343
124 159
210 253
46 160
93 248
285 292
95 270
135 246
10 127
254 274
78 173
13 223
294 342
39 269
169 309
37 267
298 319
107 229
153 255
56 135
310 383
206 219
22 82
52 159
136 172
114 218
0 194
16 335
72 131
128 342
0 129
42 74
291 378
88 134
319 371
146 161
214 222
42 150
7 207
347 363
146 252
64 187
33 126
329 338
67 369
102 346
56 262
55 112
166 231
135 356
44 113
122 164
97 138
152 254
101 307
156 319
25 146
17 233
172 203
152 285
50 364
68 364
80 93
298 310
310 377
27 280
3 178
35 287
15 341
270 284
250 279
102 246
128 195
118 186
100 209
15 220
64 100
9 375
31 245
192 245
281 338
107 220
123 349
223 247
100 101
76 257
93 295
77 150
97 370
245 365
44 293
105 322
144 190
61 116
220 261
187 378
202 334
165 368
135 310
196 244
10 196
122 344
232 309
205 229
199 284
113 164
229 279
27 321
114 186
243 319
213 381
225 362
175 192
19 116
161 230
137 302
195 317
174 235
162 233
227 240
91 343
192 380
5 100
158 181
259 296
171 258
105 321
169 321
8 343
140 233
104 161
91 222
109 283
295 365
39 50
24 55
194 313
336 353
122 377
296 302
144 251
156 284
299 321
127 222
259 275
40 291
116 260
310 338
216 255
102 345
99 379
3 382
196 209
91 260
59 155
153 234
234 245
245 301
196 364
19 251
99 223
180 271
51 182
76 374
174 278
196 262
59 382
106 245
154 166
76 145
109 297
114 201
118 285
282 300
170 266
189 208
266 347
246 365
67 260
82 191
129 342
197 204
61 350
190 357
130 281
159 362
247 341
13 312
300 336
71 294
189 359
296 363
10 18
34 216
180 198
301 320
76 208
6 109
15 146
68 76
110 250
264 379
182 275
116 221
91 191
23 128
238 259
124 292
224 265
110 343
148 206
47 369
157 219
9 240
346 353
44 240
11 304
184 252
342 377
206 357
9 291
37 132
8 161
214 245
9 143
30 122
34 265
253 316
19 367
2 252
76 136
283 323
123 243
173 350
40 312
228 331
103 362
242 267
88 205
181 320
123 274
276 308
8 123
306 353
338 342
293 319
74 333
121 234
114 256
36 159
86 114
153 287
301 321
36 160
350 365
92 284
211 240
123 170
144 286
37 240
30 356
163 225
53 371
73 348
103 147
127 293
242 264
95 106
32 376
64 345
61 322
73 359
14 337
279 361
33 256
34 229
16 342
51 110
349 374
7 272
109 383
137 176
124 367
313 327
140 320
75 362
220 275
151 232
81 104
4 185
4 123
49 137
80 258
99 129
288 355
137 245
130 210
285 337
174 302
138 232
154 357
59 162
17 329
93 103
70 320
67 136
51 90
98 280
61 297
42 351
124 381
43 373
83 211
9 42
11 138
194 331
128 214
8 73
105 165
128 269
209 364
180 267
92 234
96 365
154 179
229 379
193 311
128 352
146 230
220 345
60 254
25 371
155 384
83 328
30 67
116 341
50 358
177 230
337 360
57 269
139 291
97 382
70 83
61 386
63 321
29 171
135 251
87 377
52 131
186 228
149 259
40 117
84 339
322 342
219 358
175 386
64 222
242 251
29 96
185 193
21 259
185 275
170 217
52 355
199 337
242 352
60 231
99 165
145 364
12 233
250 321
89 276
150 195
4 92
75 228
19 259
149 167
155 285
14 350
6 69
214 299
178 200
217 294
85 139
87 217
294 339
321 331
120 124
44 165
230 377
87 271
46 282
80 145
2 231
192 246
346 362
24 385
228 293
30 372
304 341
134 180
255 309
171 344
365 381
64 247
349 355
74 76
79 153
51 117
157 265
170 190
197 248
47 84
5 330
23 271
41 355
37 283
261 333
30 86
172 314
166 374
183 223
16 202
226 378
16 84
60 250
105 362
20 315
44 188
227 367
98 102
212 359
18 30
272 360
230 244
262 370
11 158
203 342
213 330
144 243
30 213
224 352
302 368
214 310
201 383
101 213
55 186
90 271
164 271
93 246
39 326
135 188
17 298
219 306
136 295
105 214
186 235
39 121
104 202
107 301
136 184
98 264
33 246
140 297
45 220
302 351
257 331
326 333
57 383
48 297
15 43
214 340
251 374
41 195
264 286
159 208
120 125
249 358
19 139
174 370
292 355
10 347
65 303
332 345
226 290
54 358
35 152
25 94
344 384
191 255
11 141
260 294
271 315
26 218
43 126
75 83
83 380
110 295
101 128
209 348
275 338
199 304
96 304
124 375
205 379
70 286
156 277
171 205
69 308
37 151
46 156
71 283
209 231
114 191
100 158
46 136
147 157
18 352
1 315
373 374
38 203
2 46
147 257
69 96
279 384
156 301
95 362
322 346
137 272
174 227
62 102
185 284
188 358
334 378
177 305
55 254
83 259
21 100
227 243
131 260
187 311
206 240
139 245
240 384
65 184
99 313
23 326
201 267
31 181
4 76
170 267
5 133
291 320
67 68
74 289
8 108
16 153
104 126
7 317
344 379
72 86
30 280
102 170
256 338
121 306
38 43
251 297
84 376
85 136
57 223
96 213
62 236
95 382
170 193
38 198
10 277
306 318
103 385
255 381
114 336
96 198
8 301
120 358
49 50
66 320
49 249
181 220
85 105
31 372
240 281
77 184
11 60
162 295
4 311
81 365
45 294
288 311
235 348
143 220
58 229
17 275
155 280
16 377
97 319
226 266
195 308
320 348
139 371
272 338
234 289
210 322
50 294
158 321
41 305
89 100
17 288
32 358
313 329
287 332
22 287
73 282
203 328
233 348
277 341
46 301
121 212
142 250
176 370
21 374
26 205
71 72
79 215
168 220
100 227
228 366
288 315
349 357
150 377
257 381
164 358
35 238
4 365
129 378
195 241
228 312
82 228
162 382
45 166
81 191
15 348
102 242
11 319
78 238
76 140
169 194
239 320
64 167
51 253
296 329
43 302
126 273
5 234
155 323
51 96
276 347
148 186
287 304
206 231
84 320
279 365
73 174
235 247
57 121
164 280
47 356
145 303
151 213
228 379
114 126
27 203
0 343
38 143
249 322
131 278
37 98
114 233
30 150
67 244
55 182
43 155
142 253
36 82
68 361
112 175
112 234
280 340
11 278
111 216
227 298
8 239
345 362
137 182
288 320
194 347
241 273
112 378
118 161
24 231
253 315
153 165
108 288
45 109
175 276
219 323
39 267
307 345
22 234
197 310
114 205
25 320
262 286
218 373
145 301
2 125
78 183
41 181
16 242
298 386
367 380
0 126
204 223
23 99
112 149
29 339
82 357
113 350
180 229
274 378
213 327
153 325
24 141
250 298
27 312
299 353
105 302
374 385
78 367
232 370
160 283
83 253
146 336
256 345
1 349
11 336
132 221
126 164
340 362
36 304
231 320
45 361
108 235
53 304
126 262
262 381
110 131
157 257
217 330
248 262
143 288
103 288
4 79
184 258
89 228
65 102
7 161
16 216
133 252
311 341
42 174
97 298
54 280
101 237
164 269
92 213
148 318
121 334
175 195
188 333
179 322
34 167
19 293
179 262
37 338
22 126
48 183
262 290
219 370
91 358
5 313
11 282
47 201
82 237
103 373
10 11
54 222
6 371
150 379
328 336
251 261
185 372
96 129
34 171
175 248
38 312
111 172
309 320
118 155
248 276
80 298
319 344
54 114
214 345
53 75
121 211
160 368
200 207
249 382
52 330
245 275
176 313
34 243
245 302
29 144
36 352
19 266
11 273
111 347
1 116
112 195
189 320
128 212
153 205
170 289
56 237
238 363
218 336
200 230
148 201
260 301
185 192
180 332
34 375
290 327
141 236
143 353
15 334
32 124
75 107
76 125
246 258
43 321
141 309
94 113
268 309
122 245
109 216
261 349
298 355
242 343
58 264
142 182
254 280
8 213
102 149
11 313
265 283
14 184
281 372
12 210
180 364
47 224
47 69
98 119
81 177
165 349
90 313
202 321
75 196
58 179
67 152
58 167
161 342
129 328
289 331
235 250
11 346
222 259
258 289
29 336
174 246
132 179
55 106
180 276
75 137
24 304
102 382
35 236
90 244
43 45
190 255
45 202
204 290
383 384
317 334
168 175
99 236
51 320
122 139
45 153
128 220
111 191
26 361
16 264
175 256
23 74
34 329
110 203
119 291
97 157
332 374
32 72
190 375
86 154
353 362
256 296
180 350
193 345
42 278
286 351
37 120
18 358
239 245
297 299
76 103
239 375
48 343
45 207
169 384
70 280
300 347
153 218
221 297
102 134
99 303
88 335
53 58
290 378
15 289
57 156
260 293
106 362
239 315
144 288
110 144
81 359
122 125
326 347
121 261
85 199
9 165
212 229
0 251
169 214
3 276
261 274
114 381
50 375
273 319
21 58
30 255
193 279
290 366
223 294
12 63
27 209
27 352
218 312
281 334
49 317
251 252
58 113
91 271
203 297
173 220
99 231
135 332
142 152
13 90
219 365
78 366
14 281
222 274
205 323
34 364
232 268
100 357
179 209
163 224
286 335
179 188
93 187
73 147
89 167
25 232
24 383
22 95
10 369
205 333
160 241
141 372
243 346
170 271
49 336
68 166
120 360
15 114
275 348
214 335
146 351
220 252
104 285
197 215
4 148
298 382
36 174
43 211
66 385
127 367
151 366
74 100
119 172
255 327
52 195
328 350
94 132
132 383
136 278
44 313
193 310
43 223
305 361
24 353
67 195
29 51
1 40
166 240
91 159
158 175
324 359
63 354
95 165
245 249
63 92
197 199
74 370
9 372
154 168
133 246
201 333
4 340
198 341
332 385
29 312
58 285
216 333
46 239
134 369
291 356
18 222
257 295
175 220
192 324
155 195
12 136
238 353
199 258
65 271
234 340
154 343
48 335
220 284
102 224
233 359
78 107
153 377
168 195
55 336
80 114
222 327
57 81
25 382
205 382
61 210
5 344
7 233
26 69
206 351
133 190
77 218
85 231
277 336
217 361
120 313
68 129
313 362
69 219
168 177
103 354
77 92
15 329
157 235
32 131
108 190
82 114
79 311
147 245
142 363
154 236
354 358
28 309
25 89
187 238
238 252
48 220
198 212
111 287
100 206
15 256
59 144
7 256
243 268
364 385
184 286
29 177
47 103
217 257
152 240
136 294
255 319
51 290
18 310
100 290
37 73
142 257
127 328
39 190
44 156
150 215
262 274
183 283
84 344
183 319
15 242
163 221
256 326
94 163
170 297
241 318
152 164
80 135
307 386
54 148
223 323
100 321
33 194
94 287
172 341
184 313
45 158
78 106
111 376
349 384
96 171
153 351
88 285
67 318
136 367
174 222
45 173
140 300
55 97
53 313
134 196
321 342
314 364
213 366
23 40
29 374
277 304
339 344
146 253
295 354
25 36
282 298
82 161
100 262
232 336
185 239
12 83
274 307
142 379
56 322
23 241
316 343
88 220
308 340
24 371
52 218
122 307
136 297
47 222
282 323
153 354
60 189
116 143
166 217
222 378
29 335
112 259
221 336
192 382
266 303
91 228
108 363
251 373
26 153
284 351
119 378
68 225
47 374
46 196
10 204
264 322
118 310
177 361
21 109
55 315
158 168
116 249
247 375
6 146
284 335
268 287
98 333
258 300
95 216
105 288
210 312
179 233
7 81
87 123
86 259
215 384
105 173
158 213
97 197
77 164
215 349
44 241
36 293
330 382
312 335
168 377
181 312
110 323
28 178
132 203
215 217
102 372
192 383
198 308
147 283
84 327
167 349
59 263
133 270
55 200
83 128
165 359
165 235
37 95
189 203
247 282
118 372
31 246
214 291
282 364
37 331
204 326
27 324
53 248
76 132
125 375
98 233
146 168
20 237
82 103
204 232
123 242
45 198
96 98
97 324
91 342
160 304
120 371
68 199
103 158
32 60
3 312
213 224
212 317
146 213
77 103
59 218
329 352
204 342
198 279
291 318
26 336
158 247
229 369
105 283
40 192
64 207
126 313
142 238
41 259
90 364
34 59
55 212
140 173
85 323
87 159
29 187
88 118
223 239
85 187
68 219
194 291
175 312
228 329
52 366
312 336
144 235
208 381
81 286
81 210
298 373
40 85
19 183
33 374
50 103
160 306
38 79
41 107
283 366
211 281
257 367
72 295
30 302
162 380
288 373
8 37
20 213
186 322
278 343
139 197
122 338
22 47
6 364
246 330
81 138
265 382
364 366
115 217
176 378
297 339
226 327
260 368
112 224
280 370
109 352
150 331
7 68
228 298
315 334
98 242
36 341
50 88
186 257
262 321
110 324
126 364
309 331
62 137
37 325
45 319
66 189
15 283
228 278
308 356
81 185
134 194
160 191
37 262
59 122
66 354
77 189
10 214
55 376
22 103
150 260
190 252
325 334
112 208
170 270
201 303
158 382
208 244
275 342
30 264
41 204
174 207
72 205
19 81
103 292
308 321
239 372
206 370
24 254
49 255
21 343
29 350
278 350
22 355
115 230
237 298
195 201
230 363
200 355
73 357
72 195
210 211
32 38
45 354
277 363
52 239
194 340
123 200
9 134
191 310
97 209
63 309
183 305
225 259
103 310
102 239
269 301
109 188
199 343
2 112
11 132
147 246
280 374
34 109
32 339
121 257
118 377
33 307
59 241
131 220
209 228
50 80
52 343
114 319
230 281
222 275
173 209
319 326
307 368
91 172
72 130
294 337
266 368
100 374
26 294
18 113
137 258
122 234
139 167
188 340
39 278
355 362
132 320
126 250
74 170
68 222
5 48
55 246
39 359
133 183
17 267
37 218
219 335
102 131
231 266
202 386
63 129
192 341
114 189
137 185
344 383
189 318
10 117
74 351
187 259
302 349
150 209
248 362
203 217
27 316
81 125
149 169
191 300
312 318
271 355
137 231
92 298
3 140
145 356
144 189
198 313
240 325
132 317
128 306
150 199
28 266
76 236
293 298
7 57
37 309
45 162
8 320
143 370
7 260
91 296
170 305
161 240
127 348
228 326
27 278
250 262
4 320
310 342
188 376
296 335
22 152
55 335
98 294
153 319
160 385
91 210
108 259
101 260
58 121
290 380
31 242
142 167
16 210
101 190
79 257
69 250
100 247
176 328
294 372
128 276
201 215
200 251
1 151
186 309
138 364
269 289
188 361
156 186
296 326
80 86
227 276
346 368
130 318
250 327
55 359
268 369
276 307
111 310
50 79
22 124
135 247
198 254
164 289
74 242
49 280
9 198
66 374
13 264
23 301
124 189
224 257
355 356
6 99
36 39
172 233
134 234
226 349
305 325
142 265
45 256
223 282
71 232
322 343
164 382
47 354
78 361
252 318
335 366
197 332
123 249
70 376
242 323
128 129
264 382
316 364
97 125
131 285
123 164
271 282
43 254
72 305
87 356
29 31
155 366
259 263
143 211
169 376
179 299
135 297
297 365
77 162
241 357
7 372
51 351
48 75
18 216
31 229
123 334
288 330
95 233
242 326
58 107
269 347
126 346
62 155
65 149
156 337
43 128
137 234
292 299
55 337
26 202
138 212
36 217
286 289
78 137
21 251
42 372
237 286
164 188
103 239
13 209
145 363
119 374
78 80
162 180
78 318
70 355
64 281
77 231
299 348
166 227
72 272
92 229
297 347
199 273
82 170
109 372
235 322
342 371
0 130
131 334
38 268
263 378
85 110
77 116
273 368
0 92
75 269
193 334
20 270
146 226
203 280
9 59
383 385
5 13
134 367
127 254
141 366
4 355
77 105
15 42
80 228
100 150
202 290
227 270
74 228
236 269
70 123
57 125
128 132
307 318
99 109
116 231
104 114
25 131
26 101
76 299
138 379
280 311
31 325
282 299
169 266
95 312
126 314
140 336
17 84
68 138
202 286
3 48
17 255
172 185
122 348
305 340
22 145
26 369
179 278
323 338
6 287
157 358
103 358
188 305
22 64
92 339
76 83
87 207
350 352
94 278
15 376
253 318
155 331
123 210
22 305
101 150
153 256
258 312
36 321
194 299
175 314
323 334
178 299
24 86
25 223
369 376
142 209
7 26
126 232
53 118
143 186
37 256
289 363
341 353
11 38
266 326
108 154
281 355
29 254
141 161
83 163
137 170
347 349
60 296
10 87
33 96
80 277
3 30
75 81
269 350
39 355
24 54
11 243
105 333
151 184
59 79
1 312
213 372
109 344
173 302
218 247
16 219
14 40
177 303
171 303
152 298
5 45
354 359
9 183
47 158
30 168
104 175
128 184
258 385
232 383
157 226
35 280
108 247
23 29
52 342
15 266
139 321
75 334
51 285
52 184
43 181
19 260
294 302
106 191
59 167
36 300
90 333
88 298
83 121
144 260
98 234
122 336
10 113
117 284
180 295
23 174
269 375
168 182
27 41
236 324
9 350
86 129
192 243
148 351
64 224
2 132
20 227
130 293
208 260
151 188
73 320
72 243
174 341
5 278
180 234
138 290
248 286
42 304
59 177
52 135
3 144
287 379
33 70
222 312
25 222
256 375
365 378
102 359
34 312
119 156
77 278
27 160
140 368
161 205
8 137
182 223
172 327
46 49
8 191
33 161
95 271
33 239
183 345
27 356
70 89
98 112
193 248
106 381
220 230
183 337
182 210
75 226
195 364
224 258
13 72
188 229
128 143
335 385
138 194
59 258
167 190
9 50
146 305
60 363
2 256
332 386
43 263
125 140
28 321
209 346
57 147
110 386
274 306
37 274
126 289
181 377
154 362
149 311
63 111
216 242
207 242
17 200
139 309
68 273
272 303
3 172
214 255
269 318
87 226
62 165
32 209
99 324
327 353
201 236
311 373
261 370
58 100
309 359
218 359
196 214
25 354
275 332
21 125
230 370
108 290
237 371
138 360
231 298
242 290
71 152
19 206
179 369
286 374
48 49
329 354
157 161
338 346
96 264
207 220
11 320
111 269
106 195
48 349
88 343
82 102
83 293
9 78
33 316
152 221
159 196
98 271
341 384
189 248
60 382
23 221
54 384
343 349
158 331
209 331
302 348
49 275
201 263
85 279
84 382
46 52
18 208
0 46
92 197
78 270
61 109
130 134
63 245
230 283
127 247
112 286
148 189
120 184
249 340
27 39
257 261
185 244
156 228
76 175
148 200
64 97
20 139
113 203
340 376
175 366
228 362
105 210
270 304
29 363
55 234
8 255
162 238
111 304
41 271
346 352
14 207
52 179
74 348
212 305
284 379
89 110
5 368
59 198
284 290
55 102
7 154
225 347
292 319
0 73
173 369
310 328
13 123
24 267
147 275
242 358
83 153
61 124
126 255
169 310
109 351
36 148
47 136
28 130
268 302
142 222
114 204
45 340
84 380
66 143
105 300
186 280
286 336
217 222
130 243
214 362
57 251
234 364
143 297
99 298
22 330
119 372
7 130
155 333
73 163
181 339
186 293
30 364
88 281
36 355
229 360
77 340
28 154
350 378
47 302
208 300
13 91
101 167
264 313
90 372
119 317
219 376
277 369
146 243
39 151
186 281
206 221
119 237
86 348
20 198
6 25
72 360
160 175
193 260
226 356
22 131
255 264
191 333
14 331
34 282
287 340
27 161
14 274
30 383
288 334
24 93
122 363
70 245
73 296
38 85
104 220
48 291
69 276
112 341
95 364
162 315
224 255
277 299
166 300
11 113
110 353
245 384
280 355
194 362
158 229
204 337
19 62
42 252
35 224
211 243
301 360
183 285
278 341
233 305
268 356
118 304
112 315
2 224
141 152
11 18
79 85
25 247
127 281
197 233
227 321
6 264
165 197
294 382
128 202
209 375
127 218
193 351
104 348
174 264
202 231
138 378
4 210
11 203
43 78
188 250
255 260
126 136
178 310
177 339
162 255
199 202
123 376
161 171
51 310
37 124
59 308
175 258
86 176
140 334
209 260
182 278
59 295
76 352
55 166
330 348
246 256
190 196
67 264
118 311
200 219
48 177
43 316
109 310
270 320
282 321
9 357
16 54
139 328
95 231
197 259
17 150
151 187
210 261
204 323
205 335
36 115
128 170
177 283
59 304
69 360
20 151
210 227
80 185
54 110
158 257
75 84
92 282
35 186
224 333
217 327
143 188
89 192
142 350
142 337
324 368
18 203
109 145
187 322
126 187
77 374
24 253
122 223
288 326
44 381
279 289
85 361
24 227
9 110
57 385
85 206
100 361
153 303
71 185
143 344
126 359
131 249
56 129
111 124
115 207
29 215
72 382
324 335
242 266
222 253
53 203
82 236
72 324
83 299
17 51
157 302
19 323
43 256
37 243
36 215
133 322
21 337
64 319
74 386
5 145
23 124
152 184
0 266
159 225
231 346
272 277
219 311
172 352
153 262
42 320
86 164
106 315
55 334
113 358
130 140
175 217
143 338
23 234
106 317
115 205
141 250
47 87
39 67
153 308
75 249
10 128
200 253
53 260
338 380
254 279
26 368
57 328
98 204
164 176
203 318
177 279
116 348
104 362
162 339
249 302
229 268
130 386
48 330
15 343
146 185
136 242
14 58
59 349
176 239
78 237
103 356
64 359
279 299
157 290
38 149
153 340
254 276
349 381
266 344
69 351
209 327
160 201
224 277
46 87
170 195
158 306
193 328
148 185
233 304
151 152
81 84
115 187
41 370
224 292
189 309
141 154
68 321
138 267
95 292
48 143
138 372
184 280
280 363
11 219
93 291
251 259
27 35
280 350
217 344
45 347
16 211
262 344
54 354
84 318
223 344
290 315
0 121
136 380
140 238
6 379
7 64
140 200
64 202
10 383
249 293
129 281
313 321
12 40
49 143
128 240
106 280
114 283
53 128
143 303
14 74
207 369
90 122
2 296
47 342
124 176
320 354
257 286
14 175
119 380
90 109
79 191
275 328
89 166
265 329
155 230
91 266
28 123
72 226
238 326
121 351
55 327
151 242
116 293
184 248
179 350
107 186
56 286
281 366
262 342
33 47
66 93
25 120
312 345
162 213
168 180
53 353
234 246
167 289
196 257
124 131
139 218
382 385
29 302
0 55
125 321
167 184
190 317
172 198
147 346
28 380
82 229
142 282
23 254
62 65
69 98
80 214
213 294
44 350
169 264
116 258
6 163
126 180
37 261
154 280
32 96
113 304
250 367
73 285
39 250
40 56
144 217
126 268
174 229
157 327
234 270
337 358
209 226
58 249
36 95
244 362
232 363
132 277
52 98
57 69
21 371
40 354
60 216
70 250
136 217
132 167
112 276
6 291
244 331
85 147
314 334
72 155
144 327
196 372
159 336
19 182
146 246
91 308
179 344
249 355
89 119
149 358
208 376
153 339
196 355
99 145
40 238
81 302
98 366
72 223
116 263
59 66
9 288
99 333
119 160
194 314
115 175
109 298
75 307
65 195
203 271
162 340
175 221
168 322
14 303
175 316
171 335
130 239
207 208
257 315
51 116
209 320
88 123
143 217
150 272
174 283
94 199
163 290
50 56
353 363
85 324
51 294
218 225
374 382
53 93
298 299
200 371
38 158
46 84
45 243
108 301
70 189
7 137
88 322
103 259
147 352
19 60
110 172
215 241
152 312
100 216
29 113
213 275
148 295
262 302
119 140
204 207
89 374
64 176
3 128
167 308
166 384
62 339
162 346
213 347
51 238
18 355
252 311
155 357
230 232
14 240
195 293
45 163
103 280
200 264
327 354
139 322
367 376
265 316
275 280
6 128
176 288
77 114
92 148
83 193
9 238
0 360
6 130
17 129
92 268
253 259
180 311
87 195
12 265
261 372
154 320
16 229
170 216
58 131
82 268
44 310
190 296
206 376
100 106
81 212
75 112
101 102
3 290
284 330
201 214
10 197
44 81
78 149
33 350
264 371
57 265
136 330
46 244
123 169
12 273
63 382
5 132
44 304
268 380
31 349
345 347
74 164
27 326
111 201
160 363
61 251
233 249
89 91
20 43
93 369
107 364
68 186
191 362
182 289
216 367
267 385
222 384
277 286
129 343
52 236
11 152
12 23
59 329
60 108
154 302
299 355
19 140
182 347
68 293
135 262
7 175
215 221
7 58
47 55
69 309
97 145
178 227
165 311
78 368
323 341
110 336
21 52
136 262
124 134
67 182
135 325
181 279
57 109
111 123
36 358
169 283
317 367
42 249
128 233
175 352
107 294
143 187
2 109
265 384
235 317
295 340
233 332
63 242
11 205
34 314
9 144
15 93
42 340
103 375
14 348
134 358
108 381
183 300
256 329
245 260
191 259
100 330
93 240
183 247
101 364
144 322
3 295
14 112
128 288
129 169
127 178
218 295
61 333
110 244
284 342
139 276
56 377
105 251
84 198
38 209
33 250
36 144
1 42
266 295
178 274
314 371
175 185
131 337
0 325
199 367
281 294
112 138
304 368
175 211
148 239
21 355
193 361
181 331
208 359
62 73
11 117
141 325
174 260
367 382
173 351
140 205
155 205
49 121
43 180
231 363
292 348
122 201
278 368
72 224
18 317
128 256
234 322
198 206
10 245
239 358
257 379
270 356
58 213
245 272
288 361
119 304
3 72
138 332
28 359
59 109
284 323
265 293
25 366
81 220
317 357
44 222
41 343
24 59
42 200
163 238
177 290
106 142
240 257
206 245
99 139
218 319
149 382
11 16
220 223
179 293
0 120
202 282
222 280
154 273
97 274
251 349
224 305
200 314
43 127
206 285
10 261
187 230
146 169
224 341
111 239
136 385
139 346
2 67
19 273
271 356
31 310
15 332
86 248
207 329
111 140
19 328
173 303
294 328
5 125
55 104
80 358
96 107
73 246
12 76
30 102
0 87
73 289
150 265
82 331
133 318
86 194
19 264
70 184
186 274
116 215
71 264
89 355
2 376
158 291
75 169
48 380
162 289
231 317
83 228
50 145
5 339
141 349
129 294
62 239
30 365
23 85
56 361
87 119
22 354
275 378
77 333
67 289
138 165
73 206
101 334
71 156
249 344
5 46
5 54
10 287
129 345
2 310
286 350
248 356
135 243
55 269
49 203
196 348
9 19
314 317
209 284
205 214
119 386
320 324
220 273
1 58
6 308
33 60
267 330
73 138
90 152
308 322
256 317
162 192
118 206
207 305
226 264
13 113
11 30
194 210
37 133
339 366
4 62
135 241
9 346
82 235
72 137
131 161
21 186
215 386
164 313
149 298
141 346
128 289
190 320
312 357
176 362
32 307
201 320
38 264
129 221
73 167
22 138
175 294
249 278
307 357
130 335
211 224
3 36
227 234
115 372
251 367
284 306
133 136
251 277
70 372
22 302
152 235
112 274
32 126
144 254
58 269
91 115
42 354
180 312
245 305
82 298
154 251
236 256
238 247
113 187
316 344
108 241
182 205
7 111
148 376
6 337
85 301
174 385
16 380
282 356
28 116
5 247
110 371
234 354
224 350
5 317
184 310
91 227
193 303
319 384
269 341
20 55
321 333
23 104
114 307
28 40
115 277
43 85
116 346
192 265
0 274
236 303
92 205
224 242
59 358
94 109
329 372
106 185
291 342
297 338
242 312
40 41
77 252
156 310
76 308
58 98
53 80
5 237
85 264
223 251
87 304
269 351
124 249
31 88
220 375
129 215
206 284
29 285
18 213
122 265
37 162
107 143
15 311
126 301
301 352
199 260
233 257
158 222
110 252
55 174
211 260
29 252
45 369
239 291
225 261
131 254
238 374
10 292
265 336
139 165
101 205
40 271
17 180
108 278
120 380
65 294
59 255
130 337
148 285
62 129
46 198
288 357
158 195
87 348
83 96
57 123
19 147
244 281
235 294
83 146
44 220
56 368
11 27
238 331
48 314
108 145
96 263
105 202
67 325
128 292
44 368
188 291
33 176
168 233
13 233
203 308
147 218
135 204
151 203
160 350
43 168
7 386
4 224
137 320
136 207
173 343
248 298
13 330
62 344
318 335
186 189
30 252
217 341
50 158
107 219
168 312
160 281
46 66
26 274
2 323
46 241
323 368
262 332
56 317
41 83
339 375
143 356
61 174
31 57
183 248
134 229
197 355
22 239
87 222
62 240
57 340
41 81
331 375
142 163
280 299
168 280
269 361
10 16
20 303
161 266
31 40
81 297
133 295
173 264
227 318
1 246
37 376
55 187
111 149
189 264
49 148
42 118
63 243
150 219
241 321
92 180
340 357
143 318
314 338
267 378
24 233
137 373
93 367
206 306
87 367
95 170
155 237
333 372
286 364
97 305
15 16
105 132
175 255
81 345
89 352
58 342
278 370
84 231
112 235
21 281
315 369
252 329
39 101
215 247
60 342
77 308
293 311
39 248
76 373
369 385
164 333
124 177
63 254
97 202
72 370
189 256
199 276
371 372
99 102
270 361
17 130
152 369
21 270
67 76
295 351
276 360
47 200
173 304
75 176
337 346
12 386
21 126
36 87
139 302
137 191
88 157
57 151
50 385
1 360
227 283
9 233
213 284
144 298
314 326
16 73
323 380
58 155
26 114
1 210
46 101
120 168
214 330
209 360
97 133
154 285
148 321
18 154
17 284
275 277
242 361
70 244
24 91
112 132
121 305
23 116
285 310
45 370
92 132
261 265
256 278
46 381
260 321
106 150
190 230
43 228
241 370
115 339
62 124
297 341
76 104
101 137
31 292
146 237
20 187
168 334
345 348
146 325
156 208
