449 4702
38 91
129 262
106 319
118 255
305 380
48 98
223 369
133 256
327 331
288 350
100 246
275 356
122 446
256 289
196 324
87 180
75 403
164 338
120 448
161 419
210 354
324 395
68 410
85 128
165 277
305 438
100 400
90 422
125 171
130 383
28 409
112 406
76 139
313 334
111 196
100 376
85 400
281 334
401 408
47 316
174 397
129 199
115 121
37 386
175 307
61 357
90 142
156 397
103 142
0 353
350 356
62 311
42 426
136 440
144 388
348 385
146 224
81 169
118 186
23 41
137 239
259 368
48 323
27 108
379 442
32 317
373 400
240 344
28 143
138 259
223 403
23 256
172 213
218 256
264 426
337 447
121 197
16 162
64 323
34 374
250 276
47 407
138 307
185 366
305 341
288 300
78 249
15 109
289 312
379 425
96 122
404 425
105 207
31 299
5 283
62 391
181 316
297 438
129 165
390 406
210 243
17 78
62 139
127 284
327 352
256 370
17 233
311 402
142 372
179 404
23 338
394 405
44 431
264 385
5 275
275 286
47 204
135 212
147 310
21 437
37 411
123 430
374 445
138 424
99 393
227 316
71 443
153 159
15 410
18 85
46 233
64 318
12 80
240 331
13 309
45 102
245 358
218 374
297 395
372 391
236 448
111 314
132 319
30 179
111 208
178 301
204 431
76 127
52 129
150 234
143 158
325 409
28 52
263 328
164 253
54 360
258 332
180 316
14 62
291 416
201 241
28 61
137 374
430 447
53 292
109 377
34 191
150 301
201 269
277 339
66 217
14 38
83 374
234 247
6 347
20 327
400 423
295 444
142 427
115 316
60 73
68 285
195 362
3 378
309 432
385 448
227 293
349 432
113 388
232 370
112 135
116 178
64 136
181 271
30 184
250 281
38 81
35 192
59 80
17 50
251 402
33 35
158 337
165 414
31 164
112 157
45 385
26 132
113 342
42 220
266 374
258 330
126 180
26 73
83 161
93 156
235 388
150 325
102 153
26 250
293 370
268 418
132 211
25 187
259 382
68 385
72 215
88 136
227 447
62 363
275 401
171 433
270 432
0 344
172 210
14 203
130 324
180 296
108 250
26 310
169 237
264 270
160 361
42 141
95 226
295 308
16 368
79 402
76 151
332 335
87 392
93 391
60 358
38 65
112 170
253 379
56 176
28 337
207 236
281 361
100 366
235 413
60 147
70 123
137 359
234 387
228 364
128 293
197 396
106 380
182 351
210 364
49 386
62 319
186 187
129 156
35 351
16 43
30 426
28 105
52 266
416 418
28 433
233 386
119 170
73 443
37 134
356 357
269 282
33 269
102 158
105 441
295 301
202 253
55 421
139 293
197 432
89 375
267 303
40 377
420 424
225 228
158 221
30 69
333 353
34 330
128 231
161 397
127 426
211 281
180 249
39 119
1 5
114 334
59 377
155 191
33 425
50 87
270 335
197 254
104 356
78 427
54 180
237 294
251 286
244 265
111 134
6 120
32 36
135 354
82 144
60 191
90 228
203 335
144 185
5 80
21 414
144 336
82 346
24 89
157 337
11 334
282 321
31 236
188 332
2 45
96 318
331 383
101 284
235 414
39 377
192 230
110 242
147 321
275 409
308 441
134 349
150 245
221 422
235 321
122 277
115 350
92 240
60 318
100 241
178 345
158 185
21 324
124 237
279 344
354 390
116 407
266 433
41 443
181 330
96 174
106 140
237 392
345 366
159 305
78 395
122 136
250 273
154 229
245 263
2 308
386 441
83 405
8 265
55 68
148 279
347 395
68 256
30 398
28 385
105 352
192 362
99 147
69 401
165 270
10 63
64 303
45 114
135 405
310 400
11 166
157 248
166 340
355 376
27 91
3 50
104 163
176 354
6 284
94 264
72 413
79 197
78 163
47 119
23 413
93 314
18 25
106 404
25 77
52 168
211 364
59 350
400 436
165 404
25 367
185 210
60 399
116 361
211 435
84 437
214 365
371 375
246 377
173 359
353 375
425 432
99 210
95 377
51 64
20 306
35 330
85 447
127 419
22 146
170 259
137 272
164 213
30 190
55 360
239 448
32 346
26 194
265 358
360 382
30 368
72 384
11 230
78 142
352 387
185 271
315 342
106 200
85 145
323 403
291 387
283 439
100 277
260 369
274 426
331 353
58 257
99 221
159 317
22 68
179 234
1 63
0 72
32 214
33 113
125 320
84 442
25 369
96 205
282 402
199 327
323 444
166 348
167 215
256 345
36 348
125 286
125 250
91 349
8 285
322 426
50 308
309 367
177 216
87 216
7 405
31 277
92 238
233 399
98 304
209 344
18 165
264 389
73 77
234 329
93 112
60 117
46 166
303 418
34 331
95 322
123 444
300 413
141 348
64 244
39 369
26 280
83 197
11 330
300 411
194 360
365 412
85 200
89 142
30 380
175 207
174 223
134 292
113 125
11 299
203 391
282 433
223 340
306 404
8 439
175 220
26 397
160 264
104 378
65 229
14 424
299 306
284 377
91 180
121 175
67 434
114 175
30 394
249 407
140 283
115 364
308 312
113 239
111 166
43 399
104 333
237 261
211 313
125 265
412 427
42 118
64 361
22 212
9 354
339 348
296 304
39 390
51 297
271 286
62 366
140 169
72 316
103 323
251 289
35 190
83 94
188 273
222 430
209 309
143 288
65 378
304 392
46 113
232 260
261 335
259 302
319 408
301 400
92 111
14 277
280 298
211 433
105 205
41 440
325 369
94 410
130 229
46 315
130 260
10 298
117 362
42 341
176 303
206 253
33 381
273 345
199 354
162 341
312 341
196 214
89 368
94 211
354 401
58 198
108 340
257 283
219 268
13 393
185 241
41 134
184 292
367 444
103 326
33 134
11 192
116 169
409 432
277 352
175 270
87 436
144 327
374 411
155 258
67 328
182 272
145 377
203 447
208 237
143 182
410 437
88 204
8 151
261 329
27 240
212 234
24 273
362 375
146 356
38 143
176 340
380 437
188 330
149 262
22 159
67 398
236 281
179 396
136 199
371 387
99 306
292 352
169 224
0 177
37 88
254 418
92 223
176 445
282 427
303 314
187 257
206 432
254 305
51 299
162 399
4 89
18 45
170 281
207 357
46 197
196 230
99 359
11 410
151 325
389 410
91 187
29 431
97 217
289 353
216 438
193 302
286 376
15 170
197 439
34 399
184 401
38 63
5 95
62 365
21 176
328 384
219 299
352 384
101 144
99 124
232 247
342 356
36 377
129 369
4 336
9 438
22 396
173 392
103 264
316 419
142 327
222 433
182 441
32 284
6 315
129 187
83 381
48 145
54 149
56 435
15 358
24 295
120 212
32 314
82 419
102 339
206 374
196 325
314 344
61 119
235 350
47 173
61 385
58 223
185 358
38 280
329 391
249 340
144 300
47 107
385 434
61 415
218 446
161 274
248 279
263 353
109 242
53 214
63 384
42 392
138 193
171 441
243 414
277 357
6 130
7 387
35 108
242 314
323 433
351 385
27 92
270 334
302 408
110 185
20 301
260 283
125 193
273 422
173 299
15 40
56 147
18 95
66 288
155 343
357 423
257 447
232 240
21 322
28 438
405 420
213 345
165 182
126 285
279 357
188 315
67 208
227 404
126 423
5 422
234 352
238 271
181 354
29 304
11 323
200 432
269 394
24 401
91 215
304 319
302 384
275 410
157 408
24 91
177 232
131 197
192 252
85 209
167 416
233 314
40 345
275 294
328 422
252 428
438 443
49 345
319 358
22 148
74 148
163 406
242 327
6 204
85 197
71 286
271 399
125 146
48 199
32 445
34 99
3 93
82 131
72 322
241 330
88 441
121 171
66 427
47 303
333 409
36 441
355 387
6 59
266 345
2 287
325 362
216 345
309 423
138 435
63 427
70 174
326 378
195 437
265 335
60 122
145 434
266 389
277 278
204 336
68 420
14 282
216 287
31 234
52 350
115 347
9 292
50 427
409 437
70 136
96 242
249 402
197 395
96 354
194 237
151 384
338 422
10 147
63 356
250 351
16 369
289 419
254 398
79 147
117 358
53 350
285 368
164 374
259 271
201 428
115 188
138 215
13 29
89 150
163 379
212 427
215 400
338 410
111 378
211 250
167 196
371 418
244 417
23 139
163 270
314 391
147 178
10 372
375 401
260 304
33 302
25 68
40 407
20 227
150 375
148 435
162 297
275 432
13 154
179 308
51 321
87 225
50 351
92 93
113 134
103 419
50 390
209 232
27 100
220 241
188 282
258 371
277 343
128 356
198 321
310 344
183 249
36 448
436 448
383 420
248 252
82 376
357 415
356 382
29 206
53 101
405 436
132 272
30 100
225 262
320 323
79 347
243 421
98 318
99 408
36 346
262 338
297 310
255 438
1 59
107 209
67 410
160 181
135 431
170 246
94 293
64 128
229 399
286 350
92 297
158 346
335 367
269 295
220 267
76 329
95 252
122 156
47 93
301 386
211 354
205 344
226 340
239 322
77 118
9 73
276 322
116 197
234 348
46 347
298 337
195 246
152 445
195 203
257 262
108 158
263 336
266 315
292 334
359 363
7 66
59 257
217 315
125 257
63 331
182 191
294 383
39 402
145 438
15 169
191 192
189 199
41 327
311 340
311 414
266 302
31 311
178 334
212 275
386 438
66 254
234 441
204 293
344 362
0 364
1 182
149 364
61 221
92 335
52 277
92 236
0 402
34 108
22 197
230 243
192 403
328 367
119 321
190 208
179 271
112 242
90 424
211 399
19 43
245 314
122 330
243 435
165 312
126 282
133 185
169 290
209 433
279 304
275 298
146 201
158 403
112 368
352 404
46 241
8 415
345 409
331 389
84 365
47 102
192 258
146 332
63 175
247 373
15 285
6 77
181 420
398 404
39 58
201 368
202 324
11 167
13 214
65 309
79 202
154 369
225 385
96 146
267 273
103 279
394 421
36 56
277 437
31 169
283 441
207 432
234 416
39 118
81 242
14 178
268 367
230 376
2 117
23 142
156 202
28 177
368 415
43 324
180 184
30 180
63 94
85 440
5 247
86 381
107 251
130 434
244 448
6 378
185 240
223 229
177 365
44 193
8 385
149 304
125 311
322 420
56 224
246 381
49 91
192 209
19 422
207 354
39 388
416 435
3 174
317 356
71 418
365 396
141 264
157 291
265 397
253 389
44 131
147 426
249 377
133 357
170 250
8 436
349 379
28 448
138 440
236 343
46 398
50 444
61 63
293 376
27 394
41 367
290 442
86 247
202 392
118 421
47 76
57 254
146 305
211 412
7 380
232 335
232 421
34 148
40 312
141 391
119 230
76 182
224 349
171 290
409 421
95 248
81 119
42 201
29 334
227 247
276 339
34 276
165 260
36 256
95 411
159 343
31 105
108 440
214 313
81 409
27 56
18 223
121 157
146 313
67 311
316 368
223 327
339 379
232 433
199 416
264 351
18 313
23 131
108 387
0 323
151 265
377 404
196 390
60 411
68 72
67 166
55 445
31 276
104 374
304 383
30 329
146 393
304 396
383 405
0 223
265 354
159 299
216 290
222 339
20 415
58 163
99 388
391 423
180 196
106 241
71 106
310 342
313 430
18 388
31 188
7 398
166 394
43 246
13 62
23 226
272 372
404 407
22 109
64 239
376 405
121 370
25 357
184 257
52 284
174 178
45 98
98 342
279 287
12 67
186 391
318 351
285 382
86 431
211 222
26 164
137 403
279 325
20 316
170 202
48 97
2 133
70 120
195 353
5 85
4 315
287 420
271 424
67 193
285 286
81 370
36 269
13 23
10 377
342 418
92 166
89 190
299 438
75 350
133 153
120 257
131 245
182 410
73 220
129 383
145 332
82 407
68 206
2 268
390 419
177 350
277 388
18 328
144 418
142 173
124 176
23 347
217 386
78 246
216 282
1 230
82 331
182 446
293 425
35 261
179 274
160 336
5 96
109 425
114 330
76 199
146 302
123 258
25 132
19 53
131 427
28 205
10 295
342 386
214 284
197 363
87 279
219 311
18 172
212 392
304 421
28 211
115 223
124 332
88 395
132 139
223 296
90 376
122 260
186 226
101 210
50 221
168 427
167 421
263 409
183 399
123 402
326 430
5 435
179 352
321 423
210 376
104 402
65 393
169 443
22 346
305 415
362 407
127 165
187 381
40 413
69 159
107 197
144 196
282 333
13 232
23 258
172 320
84 386
115 172
121 321
173 219
97 167
331 401
52 224
367 382
83 229
182 186
7 45
116 235
89 117
26 145
6 18
166 437
186 410
83 362
5 22
100 317
57 72
31 68
123 166
179 230
140 165
226 237
173 333
226 400
194 207
199 417
319 381
266 381
98 143
201 382
322 396
30 344
96 445
150 401
127 245
53 224
66 278
139 167
16 41
322 400
266 397
110 341
27 430
338 434
82 186
37 289
67 185
230 395
155 263
74 397
150 167
165 198
158 313
224 300
173 342
40 73
165 207
367 440
106 427
168 297
118 332
305 400
18 336
110 167
186 273
87 126
309 396
103 416
386 424
72 147
398 447
162 207
10 50
70 138
288 325
150 365
322 325
190 299
397 439
2 266
215 384
0 69
147 213
349 367
273 367
205 394
33 317
113 403
110 112
63 180
254 371
62 299
13 305
119 361
44 293
384 441
304 341
67 203
101 135
130 394
52 432
355 374
40 166
235 325
4 387
150 353
73 374
140 298
181 248
139 335
21 279
12 131
18 227
86 122
328 379
61 280
267 323
26 77
204 295
48 384
72 404
92 179
256 286
92 214
48 277
324 345
7 82
343 442
3 8
235 314
326 358
76 132
120 326
384 396
112 253
108 152
85 266
128 224
228 341
152 205
186 331
75 259
92 206
60 267
232 371
206 321
96 446
28 343
250 447
67 76
114 294
166 204
304 355
285 307
182 326
67 155
45 219
47 433
2 147
166 255
174 326
317 358
70 315
189 411
88 191
132 234
90 385
241 329
119 143
32 389
66 407
120 255
25 214
126 260
10 223
153 386
21 345
179 284
55 97
54 415
350 426
13 337
192 295
115 422
107 310
231 371
18 258
98 418
356 392
19 121
344 390
160 255
144 421
111 390
21 328
8 397
391 432
106 178
149 244
115 193
8 299
185 289
179 384
4 263
89 398
154 212
317 435
290 433
61 323
89 360
199 203
60 397
107 183
262 273
74 172
47 155
190 202
356 443
46 257
392 410
237 305
172 177
295 340
247 296
7 382
74 199
119 441
262 409
131 368
20 181
40 219
182 380
183 363
138 406
111 149
184 251
363 434
22 349
74 279
125 306
104 116
334 378
91 155
382 414
197 390
111 429
10 241
166 386
123 448
341 364
6 371
151 220
192 337
247 310
176 334
223 380
36 387
211 420
193 350
217 286
348 400
133 194
124 164
89 282
49 66
124 298
221 375
291 315
178 360
262 444
26 203
76 78
4 322
277 338
102 445
297 409
22 150
80 390
119 395
163 238
200 241
40 78
220 338
177 393
206 380
241 437
104 320
122 445
94 102
213 354
112 225
172 253
220 371
12 209
15 93
107 414
50 377
9 57
16 315
66 394
140 204
90 259
114 353
152 433
311 443
161 295
172 304
21 386
0 148
41 280
393 395
0 443
128 319
278 383
45 336
89 226
4 398
51 360
8 284
115 122
362 367
30 331
40 241
168 213
332 396
73 251
81 154
284 352
55 439
65 262
335 416
310 348
165 190
102 363
260 346
161 340
114 185
93 361
162 242
42 126
103 417
147 285
11 188
44 328
103 415
11 19
87 124
224 280
368 447
84 341
16 363
152 180
173 351
182 346
46 200
18 78
282 370
37 173
181 415
141 388
268 274
48 161
123 407
74 121
216 218
39 154
293 434
36 313
145 374
238 376
329 403
207 324
250 401
55 391
44 389
139 180
200 411
70 128
248 429
154 309
105 415
24 360
132 258
25 37
9 396
284 300
199 434
74 255
185 206
32 81
28 356
271 288
40 428
13 416
34 431
119 167
39 89
60 321
331 418
50 110
154 257
32 438
59 146
300 377
77 406
240 427
388 400
1 337
147 353
78 147
262 306
103 329
61 137
133 301
162 439
23 362
82 175
218 384
60 192
21 335
211 361
183 216
170 402
95 447
205 250
158 265
32 95
55 161
387 422
349 444
119 344
108 287
311 396
224 302
141 342
178 356
254 412
93 278
266 413
167 290
331 361
59 88
265 351
18 446
128 189
93 399
50 117
215 339
155 173
109 187
180 247
171 241
0 40
54 262
70 284
19 38
123 355
294 423
131 344
367 443
212 293
7 273
338 387
266 434
102 265
167 269
145 302
332 444
128 211
185 363
237 364
238 397
132 327
352 368
48 273
156 299
171 421
5 109
389 414
56 346
258 280
177 352
11 444
39 242
225 257
34 208
168 326
166 408
220 357
192 229
171 191
172 397
120 246
339 413
46 70
127 151
333 335
106 259
108 251
3 417
253 329
322 338
309 365
264 277
260 407
209 235
252 434
329 427
113 398
15 352
239 391
194 411
245 294
29 299
95 423
217 241
181 221
343 371
118 346
112 210
214 432
123 363
124 425
166 411
40 403
115 181
177 437
318 399
35 381
114 260
77 238
19 184
159 390
116 253
149 350
153 200
114 219
71 442
195 409
169 282
191 328
31 307
116 334
99 188
140 230
164 431
20 28
209 292
186 259
98 358
233 256
57 84
6 235
63 326
91 267
240 350
269 349
176 212
9 328
370 400
154 342
132 430
102 396
62 208
189 417
19 219
356 429
225 316
58 157
247 421
127 254
68 377
135 355
43 205
73 100
4 52
64 420
62 169
45 392
98 136
72 144
34 183
9 245
312 372
150 404
118 197
131 390
33 366
124 258
283 402
42 442
246 425
174 277
214 293
408 411
176 361
26 400
40 50
72 443
14 133
299 371
56 317
84 140
153 227
124 204
182 369
123 327
3 91
70 84
324 344
96 376
82 371
389 435
59 411
318 340
204 343
119 380
214 302
63 194
188 312
28 66
248 396
30 206
278 372
77 170
354 403
321 357
224 446
52 186
129 144
378 396
355 408
130 401
110 261
337 391
323 398
115 435
89 203
329 392
362 424
204 212
309 410
188 306
172 217
171 264
68 130
201 297
84 408
304 441
15 92
266 346
244 269
53 360
78 342
56 285
291 327
42 151
37 235
55 153
43 55
33 282
16 45
15 168
19 442
304 432
38 430
75 244
104 417
378 386
234 246
126 448
13 448
97 349
91 351
54 80
17 403
16 68
79 391
90 341
344 420
163 192
4 122
17 156
23 177
71 228
294 405
146 278
179 320
335 429
162 413
130 140
26 279
333 447
2 353
218 386
50 260
45 229
291 301
90 312
129 196
56 302
265 414
113 211
158 266
342 407
183 394
123 294
112 181
93 105
48 265
119 435
116 344
292 381
268 323
152 419
226 442
42 161
42 336
399 429
116 348
26 260
313 315
85 221
272 339
78 85
26 133
337 386
74 342
311 330
204 225
64 281
77 231
144 353
118 281
18 296
177 249
225 447
7 107
194 352
128 167
215 323
181 366
176 314
312 347
114 249
213 433
69 174
243 438
173 199
130 294
287 377
229 286
251 347
40 123
90 163
366 393
89 110
397 414
185 349
257 405
81 395
164 439
174 431
46 182
281 412
99 127
265 289
179 428
71 181
314 406
240 381
248 376
94 122
11 327
120 376
177 230
235 282
82 96
232 423
57 222
129 224
132 232
156 255
115 215
176 272
188 389
23 181
221 332
194 347
157 169
59 287
68 189
106 312
158 308
352 445
404 429
148 331
161 246
0 96
95 344
128 157
0 47
167 288
144 171
133 144
82 312
183 416
151 401
1 271
58 391
109 169
95 381
125 393
30 88
35 144
132 340
289 352
109 434
181 335
175 212
204 332
83 348
318 363
55 382
263 415
169 333
20 127
284 316
115 230
41 392
127 135
249 325
107 245
176 283
98 299
88 127
184 312
220 320
116 276
193 444
221 232
157 187
242 354
24 342
13 383
58 78
192 410
180 409
36 251
140 431
56 325
96 203
287 416
37 262
262 330
331 425
94 141
107 244
48 92
217 227
192 343
214 231
44 265
178 435
192 289
108 418
217 248
90 399
53 387
10 107
336 408
189 420
25 278
222 444
285 388
66 103
235 283
101 177
296 384
335 448
138 384
299 413
267 410
180 222
57 348
177 391
335 394
82 132
233 448
134 365
79 92
71 407
237 248
56 289
95 172
26 63
283 304
218 353
234 400
80 223
346 432
417 433
45 227
136 235
84 352
46 294
67 435
20 161
34 350
6 173
188 208
194 196
143 228
407 427
292 293
68 158
297 388
204 218
252 367
192 374
193 275
218 400
21 191
44 301
395 442
211 303
13 282
302 307
327 328
146 164
277 389
98 119
145 250
58 314
5 362
10 185
141 333
166 235
167 406
207 351
177 335
144 347
144 200
141 245
108 265
160 419
48 110
217 306
150 409
57 322
17 298
18 426
19 321
382 403
270 390
70 427
408 424
56 406
169 339
5 426
128 332
143 189
160 407
75 116
172 331
102 295
324 351
84 334
234 275
132 196
72 290
154 313
137 323
329 422
209 329
111 264
135 395
124 271
18 147
235 342
174 279
317 429
317 412
309 399
326 392
57 117
9 183
1 397
211 220
47 408
154 438
257 439
64 413
167 170
382 404
25 438
264 384
134 298
151 303
362 431
223 434
204 399
345 447
74 423
263 273
47 181
98 200
218 249
309 358
360 372
7 389
110 174
111 168
14 309
166 426
113 376
27 149
215 240
280 398
186 299
7 411
96 281
12 280
113 362
211 249
119 266
209 217
223 294
88 106
27 321
191 375
244 315
93 298
150 410
272 294
137 405
306 359
82 155
161 322
57 283
61 295
285 367
10 441
182 311
187 247
126 249
129 173
2 74
11 398
256 343
339 401
101 241
90 106
182 391
65 427
364 387
138 437
91 181
134 281
66 202
84 93
177 412
425 431
146 392
58 334
194 294
228 324
133 145
86 296
139 287
301 308
51 258
105 138
342 398
171 263
79 102
162 447
233 253
138 314
5 390
241 370
56 75
339 435
78 314
315 427
75 192
77 268
300 402
21 205
330 442
153 334
387 433
64 309
60 93
242 255
242 440
94 289
29 292
186 265
228 371
115 158
233 363
238 297
128 413
187 441
8 177
72 155
162 339
5 243
35 283
194 383
119 233
276 444
282 375
333 387
134 229
180 258
99 208
134 413
164 302
170 324
96 267
53 407
137 314
272 352
51 429
61 205
41 400
76 263
138 329
218 408
207 260
35 43
38 142
195 411
132 194
180 211
190 191
276 423
51 448
122 442
60 144
192 359
182 284
322 403
341 438
2 333
362 366
40 86
42 122
243 325
266 281
31 414
273 419
252 289
164 318
65 113
298 326
51 326
253 447
24 48
126 251
167 341
36 123
107 261
118 264
249 303
173 335
388 393
50 344
26 359
133 314
86 238
61 120
30 447
9 131
63 444
73 144
197 213
101 103
179 372
64 189
13 255
44 114
159 431
121 154
142 224
70 300
53 392
145 410
5 365
124 250
44 138
314 355
122 196
35 267
184 367
99 197
38 345
194 259
226 249
223 252
89 151
116 119
42 217
10 18
170 420
157 422
313 376
59 226
411 427
269 374
116 180
77 89
71 180
50 288
181 434
112 405
305 334
10 404
99 274
59 68
139 390
182 198
173 211
148 412
259 362
96 128
115 330
125 194
109 118
70 149
129 389
216 395
154 266
83 396
280 441
29 217
391 441
226 259
286 324
226 325
231 415
153 163
187 209
213 393
268 338
290 379
375 432
119 391
23 262
106 289
51 182
85 409
156 359
148 286
38 207
318 432
347 389
208 353
26 318
137 435
70 378
251 328
60 182
191 376
19 138
283 287
74 286
294 380
32 97
9 32
95 327
193 385
321 443
115 212
301 377
50 258
0 289
79 213
57 198
75 131
62 443
206 335
147 287
161 223
273 414
35 423
168 359
379 437
260 415
67 114
174 438
146 186
114 176
126 222
200 417
93 291
228 293
78 108
12 404
87 204
124 429
117 349
100 387
207 220
166 210
333 415
45 411
57 430
53 78
160 184
65 167
201 313
353 439
120 147
68 74
17 245
129 428
324 438
57 194
61 354
220 334
189 369
3 41
279 283
95 100
121 208
290 307
54 384
27 58
35 258
317 327
342 405
218 314
105 303
283 315
259 310
16 158
191 298
69 251
208 360
96 204
92 420
106 204
43 133
269 385
106 389
344 393
76 121
111 194
339 364
84 415
91 261
26 220
196 340
208 286
33 280
83 310
240 411
20 141
214 250
186 413
109 212
125 235
156 368
83 165
270 357
218 440
238 337
82 340
97 242
88 179
331 375
302 349
309 360
159 442
18 39
48 329
106 189
133 213
27 172
153 436
13 322
108 409
2 206
157 334
74 413
35 440
21 232
233 247
115 140
294 341
99 303
236 307
36 396
54 63
136 296
33 322
59 359
174 273
48 295
186 411
10 356
261 320
163 289
194 321
10 174
231 271
262 433
60 407
221 426
84 388
126 399
96 200
14 28
69 167
203 214
11 85
359 399
100 210
53 382
182 298
176 244
236 440
396 398
324 346
3 311
213 331
3 403
297 367
183 410
243 425
181 207
117 275
149 163
343 378
20 106
190 328
159 350
238 390
230 405
344 416
242 441
284 410
93 173
11 84
176 245
315 337
329 381
299 348
35 263
230 382
0 378
100 308
168 190
75 268
118 410
53 419
400 440
184 413
52 341
82 103
135 165
357 444
119 179
25 363
149 219
142 313
231 329
148 157
324 372
76 234
229 441
22 118
40 283
87 277
253 309
100 152
246 404
201 356
173 405
194 424
22 55
225 419
405 416
253 346
293 432
99 216
15 406
33 254
331 412
364 416
270 378
42 87
264 375
208 428
162 406
196 225
161 268
326 424
64 154
13 72
321 393
267 354
35 49
206 359
56 209
339 353
127 243
116 250
144 282
298 424
131 342
196 292
89 202
33 283
218 363
33 191
91 302
118 131
129 415
72 385
8 245
257 275
408 418
219 344
116 363
225 445
66 307
29 165
37 442
95 358
13 324
87 434
284 291
280 352
75 318
225 277
142 238
33 139
50 285
39 428
110 236
36 438
22 309
185 329
232 250
22 363
201 250
206 314
121 436
43 174
144 375
144 186
32 90
76 306
0 423
263 377
105 290
38 265
188 388
291 303
328 443
160 401
122 276
210 349
247 249
165 396
37 231
78 167
246 448
109 311
131 378
70 261
212 359
312 436
56 399
397 437
71 183
221 304
283 427
197 357
82 342
170 248
57 374
42 153
139 291
30 441
95 349
154 171
286 379
247 294
111 201
108 411
96 406
277 381
378 416
256 444
12 234
12 76
308 398
223 297
60 350
53 117
229 403
0 84
32 448
66 293
145 260
272 348
315 382
360 432
7 72
58 443
4 397
16 59
1 241
77 90
96 129
179 328
185 223
87 426
43 90
20 25
234 376
319 415
169 446
98 227
249 446
201 438
288 427
162 172
341 448
174 370
229 424
241 332
404 437
0 341
8 175
125 237
63 104
160 434
207 431
28 340
60 426
265 281
60 312
215 448
295 442
32 186
72 199
252 396
177 221
223 273
15 331
271 363
125 345
175 353
61 372
57 284
97 132
5 155
3 236
68 218
335 442
60 403
13 116
150 255
28 287
51 153
68 86
336 439
139 328
133 340
4 274
8 308
96 355
191 306
307 379
268 385
207 318
0 400
324 404
157 304
131 303
36 163
50 279
347 354
83 252
36 181
205 400
28 443
117 146
396 416
119 279
31 197
335 345
10 323
6 355
258 398
149 225
47 438
216 359
236 377
310 343
165 236
319 383
415 422
183 252
181 270
11 242
283 334
170 322
104 376
160 263
13 243
209 258
254 405
151 404
7 272
88 149
8 350
121 330
36 368
247 440
76 205
191 314
195 303
108 116
23 432
79 364
206 350
275 400
152 447
387 444
123 220
95 290
194 290
109 112
109 419
354 423
45 438
82 126
82 362
99 190
279 336
265 377
112 367
334 349
302 347
21 31
118 356
45 267
217 327
269 286
60 239
143 150
384 402
144 377
97 142
333 436
288 367
249 361
249 360
33 165
60 173
328 403
216 317
12 147
263 383
109 367
298 445
142 388
16 222
8 434
179 205
49 100
110 386
2 279
73 154
404 406
323 386
45 390
176 208
214 273
201 278
171 282
28 85
108 175
121 177
3 249
194 368
267 374
12 47
47 224
367 432
201 271
203 261
178 268
179 332
195 278
338 442
161 163
72 75
57 320
333 388
133 265
128 352
277 395
206 389
31 49
272 323
142 429
1 282
41 330
32 431
199 359
168 272
233 311
283 446
299 322
325 326
91 134
26 265
346 444
2 277
148 305
29 302
173 336
202 245
167 239
105 123
222 331
30 36
54 286
221 301
124 344
67 93
264 332
396 408
378 404
63 374
283 392
2 263
123 136
228 331
120 265
272 346
321 447
379 447
242 398
27 320
192 351
86 190
323 406
127 437
322 374
85 129
372 378
156 353
51 111
266 387
330 354
9 386
390 437
265 285
83 212
164 411
179 434
256 443
130 359
81 343
88 407
146 197
158 341
373 384
31 253
236 411
191 313
47 351
173 176
248 423
236 408
161 225
23 76
72 243
18 347
43 83
186 404
172 275
254 379
207 313
32 223
220 399
304 332
316 323
137 181
38 200
63 83
49 168
299 369
322 389
117 173
143 328
135 420
193 382
224 412
100 250
98 440
71 271
14 205
41 244
44 414
298 402
207 336
151 157
200 368
261 295
90 140
24 209
173 330
217 374
35 324
259 400
161 211
83 196
17 31
238 262
168 392
270 303
0 391
125 135
63 291
44 325
131 226
55 79
37 246
18 201
2 360
123 288
213 340
238 378
285 365
399 430
21 53
251 273
11 424
306 441
294 342
179 218
236 417
297 441
162 325
5 230
54 248
26 358
23 151
5 263
106 135
79 157
246 317
52 320
54 134
7 148
76 240
387 390
148 168
183 397
14 422
211 390
183 403
135 217
20 209
54 199
166 304
172 254
208 228
48 388
213 327
53 410
70 396
178 231
213 217
1 56
235 425
77 377
47 308
162 282
14 41
58 61
332 356
155 170
275 426
121 429
54 316
171 221
214 223
158 228
182 240
277 396
78 241
236 446
29 369
262 446
248 385
146 241
240 439
42 117
139 178
161 434
80 146
115 244
15 299
52 402
43 438
183 307
158 368
45 370
72 252
32 227
21 230
87 184
286 385
320 434
247 436
94 273
114 328
127 290
19 431
114 308
157 363
263 299
156 438
282 303
44 436
90 241
212 324
338 420
141 396
140 408
69 255
41 448
186 311
140 397
100 426
83 241
39 298
56 311
292 339
353 389
321 344
170 332
127 418
273 299
297 340
233 282
59 122
91 347
242 323
44 54
60 328
165 275
188 251
214 423
324 326
190 195
122 250
191 219
41 442
163 170
154 164
17 385
167 181
322 438
350 425
199 306
152 246
134 158
203 388
41 122
160 390
92 151
92 298
210 335
347 385
237 441
33 264
341 446
119 359
69 413
23 267
21 228
4 368
42 356
36 376
170 401
104 359
77 206
135 425
23 223
133 416
312 427
137 412
150 181
38 374
7 79
197 389
0 92
198 301
47 306
271 367
170 379
158 447
229 310
131 248
92 323
110 420
319 347
176 307
86 132
43 52
0 389
120 398
345 390
88 132
418 442
100 232
205 341
106 345
149 381
20 236
100 318
41 352
142 433
236 336
184 408
76 222
259 414
92 255
211 251
175 268
329 429
77 132
299 382
420 437
210 446
64 370
79 247
386 394
48 361
199 296
43 227
34 127
14 376
176 237
299 425
31 447
0 114
107 253
72 117
30 261
58 129
93 107
142 404
423 435
91 395
194 399
47 436
126 326
150 203
388 416
278 415
193 285
71 390
147 158
134 279
26 152
218 288
294 331
203 327
148 424
140 430
77 88
196 323
162 387
50 316
142 243
80 303
109 347
9 217
134 169
321 333
194 342
70 200
63 201
59 99
210 333
211 236
140 381
394 445
20 95
133 381
126 386
289 410
136 190
2 323
325 370
135 229
313 444
63 152
193 312
60 236
25 274
209 333
217 345
316 330
83 388
175 300
156 168
8 267
328 371
71 225
207 242
151 344
204 351
80 327
245 430
110 422
178 333
73 413
24 354
85 147
120 364
154 198
18 439
220 381
103 255
56 357
144 162
9 253
88 194
57 304
349 384
308 383
413 415
73 187
66 136
260 323
22 360
56 424
69 144
228 432
109 210
110 393
132 145
228 318
224 235
101 389
156 332
217 221
341 394
63 300
262 432
196 201
36 264
248 344
29 84
163 235
204 287
70 255
0 290
190 390
381 411
40 275
27 265
21 202
284 420
69 74
221 279
240 327
188 233
56 286
3 430
185 362
249 392
117 264
255 340
238 289
6 81
51 422
262 374
97 117
72 197
207 358
309 433
323 335
198 317
236 399
173 301
262 382
4 303
368 426
120 215
151 393
332 443
20 339
10 45
115 268
24 230
26 281
126 302
42 207
313 379
3 402
231 404
3 51
124 408
24 284
123 185
36 241
182 356
1 68
54 398
307 397
37 309
1 441
83 309
15 41
240 391
24 378
169 341
170 235
233 376
337 388
99 152
98 113
162 279
231 263
85 425
160 335
99 170
259 292
114 250
3 264
115 256
11 384
253 333
189 260
162 308
112 156
8 194
332 433
262 352
230 314
126 211
332 385
137 210
35 235
86 257
144 422
96 425
263 440
406 414
198 203
94 170
227 439
171 313
386 434
288 436
403 406
177 261
44 314
29 120
169 355
107 396
257 358
397 399
72 266
18 418
156 245
274 401
176 191
37 387
145 432
107 365
345 402
326 405
318 321
101 205
267 388
31 107
321 431
224 330
14 365
179 285
187 216
59 120
10 27
158 267
285 317
27 85
206 336
150 405
176 429
2 64
178 344
34 229
237 298
54 72
49 102
259 360
95 299
54 175
296 303
121 350
266 418
176 261
194 307
223 261
136 413
367 406
189 228
120 301
341 367
45 446
224 369
207 222
34 303
109 302
11 377
24 347
32 294
72 136
59 118
88 254
272 327
157 338
115 321
59 212
411 428
79 288
104 174
251 360
76 299
363 394
84 266
63 343
139 274
42 264
232 340
137 300
303 423
321 340
121 404
167 210
119 438
271 345
91 345
92 183
336 383
166 168
182 424
312 404
8 405
78 164
33 371
122 417
108 350
11 303
87 342
110 289
31 168
82 183
36 394
172 436
82 292
28 329
102 298
89 384
15 448
120 159
192 237
219 327
411 436
48 243
136 238
217 434
88 391
95 316
261 322
51 257
288 448
253 446
7 77
349 362
225 253
49 135
128 176
77 101
28 41
335 397
67 110
140 216
97 411
261 339
194 293
147 382
280 440
77 112
23 268
38 431
228 287
173 338
175 314
82 399
183 325
38 110
280 305
287 343
155 367
135 223
112 278
38 40
66 227
100 125
81 185
209 348
31 196
145 220
28 384
81 431
4 204
278 329
19 262
233 262
139 220
116 200
13 426
28 157
95 408
195 381
96 359
69 406
123 300
188 259
37 82
44 424
3 81
145 382
153 287
161 349
55 438
45 50
190 217
271 387
288 430
5 128
119 165
126 310
79 107
148 309
268 335
98 137
4 41
12 319
327 340
93 258
12 188
34 121
106 322
202 443
182 291
85 144
77 284
37 310
1 192
88 238
230 283
35 227
16 117
37 143
38 98
192 366
68 293
262 392
220 331
38 103
179 382
364 399
211 243
401 432
288 447
71 199
88 171
3 346
20 388
280 431
196 397
7 388
123 149
3 32
205 278
323 420
79 350
214 378
13 40
243 413
170 404
249 312
160 294
146 363
196 215
117 414
64 293
229 407
72 216
39 393
186 416
283 351
63 258
120 374
241 364
99 102
50 116
118 280
98 247
289 323
296 364
85 316
120 211
115 166
50 366
45 56
8 423
103 185
429 437
336 421
318 358
126 309
129 143
26 387
49 419
296 443
136 258
177 308
143 378
302 334
72 276
119 428
319 438
334 390
249 380
359 381
151 188
36 236
213 415
25 112
24 71
46 130
100 235
57 370
110 431
68 216
143 434
53 198
51 73
231 279
235 269
266 371
62 413
136 308
114 446
229 351
120 416
57 125
207 365
47 80
14 95
267 311
117 138
373 404
400 431
253 314
15 193
236 286
129 328
231 374
269 332
94 223
307 344
135 187
8 25
224 292
80 296
54 62
141 402
219 304
96 194
12 127
89 292
132 214
33 224
278 339
121 155
272 415
138 412
308 386
138 228
380 385
103 155
282 393
310 357
216 327
273 445
303 347
347 404
276 327
326 334
282 422
112 226
213 343
292 310
152 198
143 283
135 331
103 293
405 433
195 387
168 423
6 437
45 174
363 391
252 296
48 423
144 417
265 269
54 168
56 243
84 132
60 290
12 391
74 83
335 363
2 285
58 143
0 198
267 394
138 281
203 227
292 296
108 247
17 129
358 376
47 111
390 425
189 384
43 317
5 417
65 349
247 295
69 384
90 416
253 418
80 267
12 109
354 362
93 419
197 290
64 99
76 315
132 208
137 209
201 252
86 144
117 403
101 142
117 172
15 372
39 103
45 243
3 222
50 159
313 414
282 417
57 409
12 170
219 417
282 385
68 251
116 173
15 222
5 185
56 70
285 412
161 198
329 438
336 343
320 358
200 331
184 277
133 300
7 391
13 340
333 399
276 323
18 36
81 139
271 416
55 184
76 211
381 386
15 438
77 398
155 314
402 447
338 441
149 332
3 139
106 433
230 305
200 310
109 195
121 228
28 392
222 246
31 118
160 324
42 162
2 284
372 389
74 357
158 236
296 367
193 439
134 305
170 378
88 446
73 270
34 339
363 441
210 245
41 375
32 349
82 239
127 281
114 371
117 194
120 151
106 160
133 142
127 253
270 430
102 386
36 273
3 289
123 428
86 339
134 377
31 123
12 99
120 302
283 430
284 392
13 441
22 376
114 342
268 395
212 216
92 99
233 430
305 364
70 101
49 442
246 423
91 150
84 89
162 289
152 388
83 187
206 318
216 258
281 282
43 221
148 410
298 360
287 327
143 319
147 175
85 134
16 345
51 156
153 415
19 353
392 417
343 360
397 416
81 304
112 355
92 159
19 220
147 360
304 321
21 226
238 267
283 359
34 392
273 430
251 307
254 357
163 211
61 192
316 343
45 113
148 238
94 280
125 291
216 405
210 261
173 192
74 152
156 274
228 418
235 379
132 332
149 399
27 261
194 320
110 275
323 414
72 277
144 214
5 105
308 396
395 396
59 140
322 418
151 375
200 257
44 98
96 291
39 297
327 362
234 383
152 331
106 336
78 189
108 426
80 189
52 104
215 220
115 442
43 339
295 394
152 222
125 268
45 135
228 234
163 191
92 110
315 387
81 385
289 385
29 378
96 223
8 149
184 363
84 432
11 75
110 226
9 356
14 246
32 411
114 345
374 427
28 428
138 308
260 356
53 261
124 134
78 377
98 335
12 389
81 163
28 390
222 316
210 227
13 300
210 232
135 250
9 419
86 312
347 439
273 400
20 295
87 435
104 375
140 218
96 161
5 207
119 372
125 158
71 72
283 416
85 174
263 395
254 268
361 383
20 411
236 308
152 335
30 97
118 126
3 435
0 76
254 434
374 423
1 438
180 187
98 349
167 242
159 264
40 339
34 338
41 369
85 338
30 336
131 181
107 264
86 177
144 419
141 345
47 198
220 431
260 412
42 73
42 96
249 257
375 440
396 417
181 205
131 410
61 301
131 185
98 186
323 346
407 447
135 429
49 148
124 182
226 241
313 433
69 334
210 269
111 116
304 337
93 124
20 116
43 272
333 364
76 111
253 345
261 283
219 246
178 288
165 356
13 306
244 368
78 203
163 164
246 426
37 381
131 356
175 398
154 328
403 418
6 294
333 368
196 422
277 379
141 371
38 309
271 417
414 437
86 271
60 444
386 408
36 37
164 386
128 358
162 414
32 83
15 249
59 277
352 386
27 189
191 220
336 377
28 398
81 335
44 311
10 251
90 190
162 360
202 230
139 298
102 168
98 168
84 97
425 446
155 345
148 169
50 224
133 210
239 404
69 80
173 425
262 413
315 379
61 368
214 230
211 385
33 46
46 421
152 375
207 379
60 126
313 323
298 370
11 224
3 38
114 357
106 171
61 276
16 37
41 351
62 263
314 323
228 361
318 424
107 429
158 165
156 439
148 393
203 281
184 255
301 310
111 299
166 183
59 343
363 427
36 403
253 410
274 366
102 333
22 388
101 119
293 440
294 394
52 424
82 264
285 339
42 288
102 232
130 334
100 378
6 329
375 392
197 380
199 334
96 388
25 429
239 252
195 383
258 415
0 394
132 215
117 381
85 87
194 245
179 321
40 426
37 419
266 396
113 302
20 421
3 423
13 281
56 407
265 272
144 401
52 441
16 163
96 439
121 167
350 414
55 138
51 127
309 436
10 149
305 439
159 314
67 377
171 350
418 439
199 376
232 367
214 287
170 301
281 347
108 239
86 354
300 334
23 217
256 277
201 227
199 364
66 401
47 220
140 205
52 178
82 174
135 265
38 350
84 166
28 84
46 248
304 325
137 148
181 349
200 249
38 360
365 402
175 337
321 373
16 326
77 120
146 397
22 397
289 447
401 414
10 429
379 426
294 360
232 321
195 238
89 204
299 351
34 221
170 270
97 163
200 278
430 446
280 419
27 139
132 346
272 330
5 94
47 91
177 318
84 236
183 440
198 355
38 419
101 277
27 429
143 213
71 359
42 411
190 284
61 350
232 269
13 444
38 399
59 298
34 363
113 159
129 388
302 373
275 342
96 422
12 15
369 401
21 148
91 445
117 315
20 403
275 358
14 181
75 290
120 351
101 238
42 206
131 211
118 351
23 236
101 275
12 151
212 365
234 357
256 363
106 224
75 142
14 50
150 342
142 176
86 145
173 362
207 275
56 107
163 302
283 323
46 439
158 367
78 414
229 264
149 171
234 277
35 344
163 426
129 259
80 410
319 390
259 448
248 270
68 137
49 371
