466 5900
88 317
91 111
172 209
37 427
185 394
318 390
234 242
136 174
113 230
17 193
45 197
36 96
314 341
122 175
204 302
302 370
54 297
20 328
202 268
426 453
51 83
366 426
95 344
108 310
103 386
19 336
92 453
122 387
94 443
194 418
132 305
59 228
135 408
70 74
64 333
273 401
163 462
137 267
231 413
162 332
322 335
123 375
66 115
212 233
371 435
265 447
68 191
17 426
305 396
217 237
115 206
24 414
116 324
19 110
83 143
99 135
392 430
51 338
194 344
354 427
41 108
185 451
333 438
190 255
191 428
43 100
79 218
263 363
98 165
113 437
45 169
127 392
67 392
129 445
261 348
23 170
138 446
324 339
134 345
26 65
135 227
334 366
214 341
256 413
87 273
53 178
114 407
43 341
169 221
306 416
371 392
377 453
13 79
290 298
422 448
129 167
52 188
264 324
144 266
72 327
312 337
39 287
249 441
270 437
273 344
249 266
95 333
314 432
45 149
160 232
181 311
395 459
132 418
245 423
364 423
166 379
22 35
224 275
58 98
354 361
339 349
73 375
343 431
163 409
197 314
121 419
71 391
53 305
99 172
21 146
158 413
217 437
121 195
397 405
142 362
203 342
163 447
43 179
69 204
269 435
298 338
100 136
102 215
44 236
120 127
340 368
240 423
12 196
107 184
56 428
276 300
287 392
195 228
109 346
349 360
77 201
73 349
255 264
77 364
240 381
23 123
194 288
211 384
5 360
65 191
217 282
25 112
99 446
90 216
177 257
41 456
93 104
32 421
1 344
358 464
136 405
242 346
0 36
40 291
7 35
397 462
33 288
61 180
16 76
70 323
243 396
150 275
399 442
35 464
294 305
104 325
124 369
233 427
162 258
289 314
306 368
233 251
170 367
47 237
143 217
22 126
44 196
62 423
307 335
108 396
29 337
227 441
134 343
384 399
43 258
185 361
207 406
252 318
375 457
335 456
1 391
75 137
269 284
111 465
58 444
248 275
84 331
223 341
298 324
175 193
357 446
117 315
171 453
209 377
97 238
35 136
67 273
204 456
25 28
296 332
24 211
280 453
172 177
294 416
219 235
56 309
154 447
275 421
212 311
1 48
31 332
149 437
291 401
183 299
28 288
252 389
189 459
345 410
145 256
172 306
92 121
162 269
136 186
64 357
370 404
191 423
343 358
35 41
245 447
13 314
208 225
241 318
28 428
7 340
109 214
69 99
396 433
322 369
173 465
90 461
122 379
253 343
36 342
158 447
303 338
19 86
94 323
58 430
334 336
28 244
6 43
208 313
64 373
119 135
195 332
124 248
69 164
62 92
103 142
342 371
69 332
173 440
228 256
215 262
88 454
254 262
190 350
132 257
47 395
147 220
144 285
14 369
150 375
62 341
346 425
98 169
29 206
365 368
221 456
258 386
233 431
166 178
281 343
258 383
68 259
119 250
8 209
163 436
128 409
219 283
278 292
56 443
99 236
45 429
278 461
93 344
316 385
58 325
132 361
3 394
178 287
111 191
273 288
59 310
268 368
189 382
4 8
44 400
142 201
21 143
2 36
54 162
109 321
16 46
223 237
323 330
119 275
56 460
405 445
47 264
7 332
75 171
45 217
52 192
82 419
52 74
338 387
49 376
113 408
22 313
381 433
144 194
278 400
332 382
34 136
88 401
370 389
333 462
160 180
25 292
3 229
275 289
113 441
74 169
238 460
192 376
174 460
291 315
107 257
282 293
208 267
31 127
19 194
288 380
163 349
178 353
43 401
33 120
154 438
69 347
25 135
25 181
204 309
12 216
159 394
86 392
25 42
347 458
258 437
24 390
24 396
150 165
147 441
265 464
172 319
339 346
270 443
218 350
56 133
18 94
335 362
229 258
202 412
58 380
91 157
201 213
178 203
152 225
375 455
362 407
61 448
198 382
345 463
137 445
197 202
269 311
30 361
67 462
342 451
103 217
260 294
321 403
9 210
2 252
207 238
242 380
112 123
224 383
62 104
43 263
49 224
99 331
276 341
383 415
144 171
377 446
222 399
81 346
50 354
71 408
223 361
242 408
116 132
246 423
95 206
167 376
214 269
2 128
421 432
118 154
67 228
73 197
44 162
48 229
116 401
321 462
144 222
155 377
188 214
38 125
185 369
117 179
187 286
70 289
302 393
183 245
102 208
259 426
159 329
267 465
265 417
111 342
16 137
91 442
174 388
183 291
141 172
75 258
53 352
258 354
340 350
95 251
92 217
147 362
60 86
159 195
366 455
330 335
65 384
13 139
191 412
413 414
156 241
327 387
376 390
314 444
185 243
268 294
54 380
376 457
377 451
282 442
126 248
27 417
255 411
8 336
28 40
152 207
177 375
98 273
154 453
50 411
87 322
417 444
226 400
180 235
365 405
202 383
181 230
192 244
200 218
248 440
75 175
194 253
15 52
250 427
323 458
171 367
324 451
211 461
59 169
234 298
1 321
56 243
61 97
74 177
290 373
252 459
10 123
61 64
103 402
180 183
22 67
13 420
332 451
38 419
107 164
124 131
15 394
188 332
290 295
30 123
108 267
148 465
248 315
101 303
247 399
152 350
39 110
0 453
106 329
65 335
27 80
44 234
194 212
85 208
59 142
405 458
42 214
67 344
419 441
113 385
69 149
27 75
194 441
56 385
333 445
421 426
207 242
205 234
61 172
52 217
20 205
179 217
27 35
453 465
159 397
62 265
56 434
228 379
201 369
208 224
296 374
124 462
413 420
131 404
87 256
274 363
26 255
311 459
24 297
57 169
37 340
259 361
192 314
180 312
168 358
61 173
98 307
155 251
23 434
122 140
384 413
356 399
229 350
57 258
175 280
233 391
385 426
229 321
120 128
72 403
67 246
64 331
81 421
109 461
28 437
71 116
317 407
264 350
120 135
36 120
13 262
341 361
163 388
224 297
332 438
135 223
109 451
337 391
105 190
22 374
321 335
271 291
147 291
190 262
154 408
69 415
278 291
171 258
43 305
74 449
330 405
159 212
180 387
5 63
107 221
106 463
20 209
342 362
98 343
126 436
40 333
53 130
160 435
61 303
272 379
302 317
92 287
219 323
140 423
220 401
260 451
199 358
220 454
54 212
376 445
151 460
70 120
397 418
152 419
155 327
99 167
383 420
437 439
360 434
293 345
178 450
303 313
205 259
50 220
4 396
238 296
30 75
36 50
391 453
95 202
117 297
19 245
336 353
9 327
31 311
128 131
3 29
236 266
276 329
83 348
122 320
66 160
142 217
89 241
286 378
92 262
122 272
104 139
158 257
280 417
7 304
229 384
87 146
84 328
225 423
0 205
201 222
56 362
56 450
371 380
53 255
242 281
234 464
442 451
221 280
21 293
58 156
23 94
4 449
157 269
151 363
224 451
124 236
65 378
413 445
232 401
111 169
0 346
437 445
320 433
27 430
418 449
196 427
35 454
30 375
232 463
159 299
166 413
97 410
306 377
73 153
239 307
44 262
242 383
77 130
393 424
120 236
321 458
44 443
25 336
362 363
132 273
16 115
8 211
321 390
131 177
94 259
133 170
332 445
305 409
182 328
101 397
19 55
389 462
108 438
235 316
47 353
361 393
84 260
126 431
2 170
78 282
110 393
87 172
284 449
209 381
107 109
62 259
20 117
259 380
117 162
5 276
49 338
153 168
204 293
70 241
89 237
5 250
325 418
318 389
15 234
57 327
338 444
6 84
62 327
254 363
216 311
384 455
91 443
218 259
226 250
175 293
203 436
199 411
88 353
91 98
212 296
10 307
238 428
57 248
227 353
152 348
266 273
206 262
263 360
252 326
139 174
100 227
61 154
54 434
126 269
60 279
77 147
112 364
44 447
72 78
222 463
79 139
241 345
324 402
28 360
132 270
184 341
150 251
147 388
367 422
28 42
159 328
163 333
169 456
213 316
100 122
344 402
11 105
32 300
313 418
193 285
153 305
97 444
32 66
71 418
3 345
255 327
150 315
138 418
126 301
296 373
326 378
12 143
287 403
48 405
110 138
21 373
20 433
159 365
286 446
62 147
3 334
119 247
181 425
94 445
102 404
18 324
77 82
60 414
70 80
219 263
158 278
212 445
7 55
215 308
221 241
124 200
177 369
4 410
59 267
176 218
276 319
152 153
11 451
307 418
225 281
432 456
58 379
338 361
96 288
36 131
154 344
14 102
234 363
113 357
27 309
157 219
38 105
23 294
393 460
1 359
12 167
181 278
396 427
1 114
67 214
74 189
168 337
175 339
352 425
342 389
17 64
25 61
128 310
288 406
229 357
252 354
240 413
322 461
80 184
301 315
279 380
212 281
16 311
347 369
400 418
119 174
58 163
17 330
123 312
82 96
54 157
50 362
240 446
225 418
155 252
257 278
85 357
203 344
47 48
162 298
15 325
128 179
54 91
120 266
148 210
182 232
403 438
146 171
15 185
164 415
360 384
22 104
264 357
34 263
34 255
45 255
42 100
10 306
83 299
134 290
142 387
12 260
132 434
376 382
221 319
276 327
201 445
338 369
207 392
281 388
0 298
174 223
406 423
17 57
126 209
65 217
302 358
250 307
70 156
312 338
25 165
33 184
44 356
205 321
22 24
56 451
139 233
53 290
160 247
100 223
317 386
129 451
158 276
163 239
95 280
261 340
92 222
75 234
92 158
258 448
221 263
97 408
25 307
99 133
288 341
429 458
193 403
215 433
93 208
168 373
185 360
80 109
88 274
149 394
279 422
112 176
81 181
274 433
115 288
234 449
31 443
271 301
161 193
216 424
198 212
122 150
140 254
181 195
82 271
295 330
77 444
106 187
212 362
147 283
296 422
290 292
53 253
53 454
319 374
27 390
85 130
232 323
365 462
40 119
92 266
262 418
77 362
406 464
85 185
7 408
73 138
229 372
127 145
54 268
386 387
83 304
100 463
61 331
2 155
327 378
248 420
152 230
17 82
189 465
118 205
39 210
178 375
39 367
12 443
222 345
23 244
80 430
78 263
52 167
346 364
24 152
3 221
3 406
386 464
15 202
454 463
308 407
282 332
211 390
224 288
105 336
83 292
184 398
279 449
197 416
43 320
241 464
12 189
226 251
249 433
227 237
222 418
157 253
242 317
20 411
196 409
8 273
160 449
69 300
178 465
82 321
8 383
203 442
33 426
122 270
369 396
378 419
19 190
62 380
11 95
218 427
37 102
97 380
6 416
342 388
176 216
108 323
389 429
291 463
104 130
61 111
358 383
319 448
52 256
154 160
267 437
62 233
319 323
209 336
179 429
179 224
12 342
47 321
240 332
235 269
155 413
214 331
337 414
333 421
80 271
246 374
82 352
370 462
75 161
37 319
135 212
162 271
18 40
69 339
14 233
9 181
197 310
93 359
9 221
85 418
232 396
44 159
135 450
23 173
236 314
43 422
100 203
435 443
282 321
158 206
263 271
225 406
218 270
321 421
87 340
225 293
401 442
48 243
265 370
278 354
144 453
189 283
19 450
203 258
199 238
4 414
214 345
138 364
58 262
139 333
127 446
156 457
110 306
194 236
103 211
35 393
249 269
232 330
135 241
67 181
72 182
126 268
20 132
18 354
130 340
167 298
224 331
280 374
316 461
302 326
122 446
136 187
239 311
278 308
231 308
47 403
21 440
392 440
99 457
50 358
131 379
91 320
394 460
192 302
322 462
0 58
69 92
447 453
184 318
101 128
159 337
9 378
173 311
67 358
120 215
383 405
9 130
213 424
243 421
241 333
213 258
160 333
132 164
34 260
279 340
263 383
257 263
231 422
233 409
49 88
77 237
124 464
24 140
119 324
46 396
33 240
203 404
34 94
181 248
94 149
29 122
70 184
181 458
297 433
61 451
117 311
106 176
347 399
120 221
11 455
15 150
191 436
148 189
157 202
338 340
257 380
332 454
419 445
286 437
176 186
120 263
351 458
184 465
94 130
97 226
31 213
97 136
272 327
16 417
171 265
213 265
57 446
71 93
12 414
90 305
152 244
294 301
128 227
73 242
84 204
243 364
189 399
302 409
341 434
339 365
96 408
39 392
173 443
262 265
18 193
164 172
24 395
124 396
151 197
61 404
22 51
137 457
240 334
62 64
229 334
28 186
58 81
179 201
223 249
222 309
11 322
70 228
138 222
40 121
429 465
311 404
308 371
244 372
328 431
160 316
113 335
3 255
49 332
11 307
60 353
73 259
51 442
63 202
192 465
136 243
62 277
129 145
180 330
243 415
43 427
405 449
41 381
313 367
11 163
177 274
133 395
317 331
300 367
90 164
152 226
2 265
345 459
68 392
344 433
1 67
31 267
300 369
42 305
120 243
166 288
97 283
207 402
321 382
384 445
244 345
120 385
93 184
124 227
95 371
354 430
176 409
286 463
12 371
144 183
330 372
366 390
225 261
174 452
239 397
347 383
260 346
28 62
11 98
291 366
306 356
114 211
92 155
158 378
256 362
45 324
44 230
284 385
32 385
67 124
349 388
154 354
119 448
210 452
372 418
145 150
212 238
96 305
256 327
75 305
116 252
276 401
267 315
126 317
3 237
57 137
244 463
328 450
82 160
211 374
167 294
223 325
94 326
35 67
141 203
53 112
240 284
262 272
91 183
297 430
193 299
88 125
418 431
143 242
84 383
90 431
115 330
1 211
68 270
119 229
248 377
370 454
79 394
197 289
94 272
2 427
211 404
165 225
123 345
153 366
73 307
115 186
422 451
223 383
2 419
33 292
205 213
22 158
14 167
228 388
2 214
43 119
269 462
387 433
12 22
227 422
235 377
139 155
226 439
269 336
251 412
251 428
56 146
273 315
50 171
156 225
104 272
23 374
292 369
40 287
283 394
5 219
72 457
136 304
336 357
47 226
115 316
122 391
197 293
84 402
249 366
138 231
45 249
217 314
142 417
298 363
139 170
232 415
306 460
138 322
56 78
270 450
28 66
144 146
26 420
160 437
22 196
59 173
115 144
127 367
73 296
238 371
95 463
50 351
202 297
244 306
37 268
236 406
44 178
39 429
231 405
94 300
60 382
19 339
205 252
128 245
81 434
197 438
302 374
215 292
168 449
95 132
388 449
100 138
128 384
133 302
122 197
52 352
24 181
45 333
52 126
6 123
65 300
333 444
284 326
218 296
73 212
145 291
84 129
87 402
36 111
51 441
317 454
23 372
283 323
267 283
53 438
39 86
189 234
128 222
36 72
251 429
50 436
272 301
119 302
127 308
235 333
231 235
180 292
269 338
36 62
364 404
247 353
217 309
141 428
122 127
90 160
17 448
103 411
181 384
85 321
20 62
24 427
0 196
190 408
92 304
27 345
439 454
144 319
69 395
121 222
162 383
264 353
85 306
54 455
361 410
123 171
169 176
10 62
25 240
416 446
396 458
123 327
22 58
108 201
101 133
141 178
28 223
433 435
42 313
94 199
109 154
112 137
105 432
146 368
150 382
328 372
118 144
78 313
3 381
318 321
93 452
377 382
68 221
20 129
102 382
91 165
102 194
233 278
45 304
3 341
349 384
301 316
74 239
75 384
158 462
246 275
374 415
23 416
1 157
145 341
121 459
116 431
49 249
374 427
70 310
318 388
330 364
36 319
258 378
12 365
127 211
211 426
92 393
171 382
78 247
195 285
30 233
12 373
127 235
74 346
346 354
329 413
311 430
64 327
342 439
120 140
191 284
248 328
10 173
38 298
172 391
7 316
230 264
33 274
97 463
134 378
118 414
18 174
360 369
151 346
190 334
107 154
206 274
161 346
33 357
157 339
60 456
15 19
83 404
26 456
162 410
93 374
3 201
83 247
98 194
89 175
3 12
144 354
222 461
333 371
301 337
124 173
153 261
390 457
28 246
117 338
92 219
374 445
83 180
0 141
142 222
189 385
112 463
408 434
52 301
71 80
89 143
168 234
90 413
181 192
66 359
63 95
24 40
111 339
40 75
91 348
135 350
433 454
227 413
285 392
259 341
38 451
364 420
141 333
238 399
240 380
149 154
119 152
257 430
207 256
5 356
224 287
120 452
197 448
13 26
415 455
69 205
185 452
152 440
304 462
230 253
84 381
38 249
332 437
176 290
165 327
402 403
318 418
28 368
42 216
221 307
179 364
131 361
232 241
81 234
127 238
71 309
150 252
324 357
216 418
34 394
235 394
170 293
261 456
48 336
157 198
332 368
134 164
26 168
74 424
73 348
102 336
198 267
115 148
103 242
69 161
216 446
31 359
197 295
331 388
273 311
2 314
367 462
63 229
185 356
136 356
49 437
144 313
183 465
147 222
67 356
5 454
166 387
26 238
65 109
63 299
127 458
15 184
23 299
51 154
20 341
13 124
127 177
318 387
64 338
25 48
250 338
251 405
220 336
113 446
60 331
52 442
173 217
7 217
58 286
305 316
29 410
124 259
210 395
163 330
243 306
26 279
350 409
108 311
151 285
395 407
138 390
309 343
74 111
185 335
228 357
192 387
292 348
151 275
393 413
15 95
17 304
181 376
81 412
88 422
224 313
55 228
163 357
298 374
268 293
194 291
208 265
284 404
52 259
99 109
1 90
104 160
44 410
54 56
71 91
267 427
75 97
5 215
267 442
30 441
68 414
302 322
254 270
202 338
236 326
69 184
52 168
145 424
139 292
1 64
116 411
51 346
124 432
306 334
92 122
110 213
180 431
106 410
18 413
203 350
159 296
222 321
248 295
182 314
116 205
48 107
241 381
2 398
56 288
134 352
12 349
263 368
204 219
282 352
305 385
44 415
163 271
31 395
178 211
27 173
81 92
88 304
163 393
193 266
242 409
94 308
71 290
240 295
158 234
56 67
43 449
121 457
189 324
93 194
282 375
19 422
166 448
61 332
226 465
201 373
211 354
190 287
17 396
104 231
146 276
1 215
34 214
156 356
133 137
2 452
104 149
24 242
58 245
153 264
311 373
24 382
46 215
49 261
178 357
177 334
138 272
289 292
78 203
10 126
76 304
100 242
277 392
3 118
161 440
410 431
36 434
61 432
266 272
104 211
94 107
377 440
65 265
173 277
287 306
58 345
43 460
153 257
112 306
381 399
57 236
27 86
396 443
54 143
53 202
172 299
28 127
108 328
104 372
70 315
45 82
142 375
97 109
123 285
88 106
194 368
188 408
9 217
77 244
225 432
105 278
265 382
69 178
31 410
118 314
36 71
101 465
94 410
96 130
77 315
408 443
57 114
110 112
138 214
224 236
282 447
343 366
94 181
220 255
9 20
239 248
161 166
164 458
13 126
114 242
353 406
140 238
27 247
5 57
71 434
9 453
329 340
295 417
202 262
205 403
210 433
430 436
183 383
133 439
92 109
225 230
210 379
341 343
49 382
221 294
208 210
86 463
53 424
76 252
93 180
396 416
63 156
166 374
111 119
149 151
173 464
187 330
34 182
153 244
18 361
193 386
220 341
3 150
93 172
54 270
270 276
147 196
41 436
126 381
54 281
165 299
91 413
127 150
105 303
136 440
148 329
20 49
153 460
45 178
228 359
233 366
140 411
64 194
154 359
116 226
260 396
121 184
41 453
142 176
119 306
141 378
201 267
245 389
23 103
209 360
12 142
302 438
217 389
268 327
378 412
82 197
117 358
49 202
35 106
343 396
77 249
201 202
219 407
211 436
116 176
41 185
110 167
341 450
113 209
78 351
79 391
240 308
276 402
28 195
29 175
60 236
316 368
32 376
189 267
146 158
9 43
93 273
98 402
191 434
144 400
18 410
377 443
224 461
99 399
24 289
188 217
188 430
129 131
215 360
193 446
44 290
310 347
172 406
17 270
160 433
288 345
116 138
88 412
197 425
47 348
279 358
119 121
300 465
116 407
165 183
248 276
93 159
34 308
282 383
181 187
79 221
105 257
89 379
57 157
49 302
77 437
293 321
226 263
321 463
180 201
395 453
250 354
12 314
45 233
308 439
24 134
168 339
157 430
143 355
327 427
240 317
248 332
256 368
205 429
395 451
175 424
209 333
422 425
20 345
143 264
28 178
108 174
65 351
182 259
282 431
90 307
113 413
123 335
150 298
106 149
183 206
20 361
123 229
156 350
143 166
7 15
196 459
204 348
305 312
198 295
69 223
240 415
161 269
136 344
28 137
21 355
98 254
212 381
9 283
346 410
245 419
169 349
190 299
139 175
19 79
10 344
51 152
326 349
3 440
170 392
78 254
103 243
228 232
311 409
165 374
202 398
322 365
184 298
99 222
101 342
193 262
47 208
68 459
323 434
199 233
197 220
51 140
150 413
331 339
210 337
141 433
92 350
212 408
171 272
59 122
238 245
134 428
219 269
85 178
3 110
183 234
12 244
22 346
278 309
75 370
140 317
202 432
149 235
58 436
138 366
282 403
140 405
21 57
272 351
166 382
10 36
275 298
361 432
167 197
233 406
137 461
127 149
132 248
6 322
86 90
110 394
46 283
102 201
151 238
219 324
91 284
12 129
131 343
287 415
8 80
61 107
83 332
13 174
154 411
120 257
89 283
199 264
102 359
76 138
201 357
49 175
153 357
180 385
87 280
160 328
92 324
140 168
282 325
133 372
115 141
74 328
210 220
266 355
135 213
19 258
96 280
168 317
104 371
140 181
154 176
212 353
65 230
90 282
237 405
140 377
85 404
97 388
40 445
97 116
69 83
142 168
34 183
253 402
109 430
33 130
38 319
169 359
400 423
56 275
8 375
211 342
308 408
154 313
194 298
157 213
136 240
190 194
20 21
426 460
204 441
296 362
29 213
30 225
140 296
41 465
201 366
77 323
66 366
300 377
140 398
276 292
18 383
169 352
57 455
141 368
185 226
153 437
189 373
97 138
115 418
19 267
151 377
2 420
2 300
21 155
166 415
143 275
187 335
48 380
35 290
253 407
171 175
8 196
240 465
310 388
285 384
85 297
337 397
160 304
80 321
25 419
208 457
112 248
3 82
212 333
98 396
122 178
284 297
103 133
66 107
184 327
56 140
372 449
31 49
50 136
18 180
48 234
88 383
417 431
21 344
137 441
43 459
106 342
311 456
14 417
257 323
262 435
310 394
194 219
2 150
29 140
54 445
228 325
133 357
222 406
67 144
233 380
53 464
162 205
334 389
231 320
96 381
185 450
136 140
68 222
73 392
144 170
86 111
133 318
27 276
358 409
127 417
225 461
15 196
248 383
224 350
140 183
251 387
158 402
30 80
65 178
111 292
173 253
101 321
17 333
237 295
49 187
158 217
139 273
307 379
191 269
222 401
39 239
56 90
291 427
134 144
207 240
350 390
152 359
337 347
109 175
6 126
209 298
33 315
207 282
414 419
210 231
187 229
287 422
44 173
400 443
3 297
382 408
240 320
73 442
80 375
322 372
96 441
198 273
32 291
130 425
33 203
117 295
180 241
225 265
190 346
84 146
262 365
189 202
291 424
60 77
231 416
72 105
64 287
384 442
19 226
362 397
181 448
114 163
122 271
275 417
62 429
37 333
374 379
30 112
104 230
0 138
340 409
24 95
134 342
158 412
52 433
208 447
0 107
31 347
150 176
161 209
244 280
45 72
97 248
122 228
158 357
335 424
58 68
120 449
237 255
70 437
106 446
99 423
49 188
329 354
64 429
53 277
348 358
173 188
184 367
120 441
14 19
27 178
140 201
423 463
60 175
208 237
33 131
193 249
342 423
61 137
29 435
188 277
387 388
88 140
28 373
134 139
16 347
152 301
42 101
180 296
274 298
246 439
325 355
128 209
223 386
313 337
389 421
36 464
59 261
138 458
139 152
345 433
346 435
4 180
69 270
49 177
43 160
201 454
21 444
195 319
239 400
143 434
236 426
127 423
74 213
142 223
71 118
82 456
48 117
135 246
138 452
207 448
299 444
56 344
378 405
74 441
282 357
68 303
26 447
408 429
227 443
61 411
95 432
57 195
179 289
286 328
186 317
119 455
330 369
95 184
93 422
67 185
343 370
74 461
39 81
55 79
256 319
94 224
217 251
0 70
193 256
11 55
5 26
0 340
140 264
142 236
225 337
373 375
154 370
223 376
191 426
76 142
182 334
58 352
159 444
66 69
120 459
140 218
171 458
135 153
111 439
313 395
221 278
17 208
326 463
88 283
189 248
107 190
218 319
21 371
3 28
396 436
188 463
58 306
143 277
133 161
186 221
147 149
291 364
117 324
66 276
74 395
107 453
64 435
99 439
148 343
2 48
408 449
79 144
84 319
352 446
194 332
181 413
156 324
125 224
153 158
69 352
337 459
220 244
91 326
233 403
98 200
142 156
116 210
124 393
260 386
20 99
38 290
12 382
266 351
120 171
112 212
50 333
260 349
87 455
20 254
157 256
152 293
89 189
92 410
26 150
314 454
266 393
267 389
117 176
7 378
211 336
291 433
211 413
68 311
155 355
85 93
56 317
146 353
180 370
107 165
292 386
142 361
71 380
54 176
255 328
96 253
79 216
102 401
288 350
290 346
100 249
260 401
87 342
323 453
106 404
238 427
128 151
321 398
1 453
50 309
261 338
272 341
104 162
71 252
15 54
193 255
47 420
37 317
230 231
131 236
31 349
94 350
247 341
250 328
259 393
316 340
280 419
274 300
338 348
407 464
193 327
193 382
54 156
4 381
161 308
61 104
223 428
253 359
236 401
158 350
375 377
176 273
230 419
243 436
136 411
341 376
65 90
356 440
171 409
18 77
95 121
303 435
142 393
401 428
166 232
173 222
124 168
42 108
129 161
96 215
215 236
64 137
50 450
208 331
87 429
199 242
32 339
145 204
287 383
390 397
159 371
39 46
268 424
23 226
187 194
207 336
198 250
258 381
168 246
284 380
391 464
117 330
30 173
11 174
29 150
159 169
206 449
199 415
136 374
368 446
27 321
97 157
115 445
37 366
56 349
184 238
408 452
172 255
119 212
115 290
175 359
275 384
55 298
378 427
247 404
66 361
250 398
1 118
27 259
185 317
203 294
31 268
71 145
223 328
44 62
129 362
188 388
27 198
92 198
79 251
264 438
327 450
73 185
72 95
44 168
27 295
18 340
175 285
101 140
322 433
149 300
29 233
16 370
83 122
134 429
48 187
56 183
156 295
155 332
95 117
201 233
323 373
242 256
268 279
90 215
165 439
91 216
167 287
32 77
167 226
250 457
194 295
348 392
205 285
285 414
288 445
206 382
11 251
22 187
123 218
187 220
51 390
203 363
102 221
98 383
269 316
32 216
107 429
344 376
254 394
13 170
86 281
49 408
261 311
128 363
238 414
110 203
217 413
131 252
214 373
156 228
153 294
409 443
255 334
153 171
26 296
232 315
100 430
145 159
94 339
177 448
152 446
321 436
128 447
331 419
37 432
171 285
2 440
158 423
98 121
100 336
104 337
85 335
8 452
31 378
184 433
15 241
133 228
111 220
61 281
90 229
17 339
88 395
56 223
149 272
317 332
177 283
290 297
243 334
229 338
3 380
5 135
73 216
8 406
77 326
111 374
86 264
106 154
77 104
26 397
90 174
70 209
189 317
276 351
117 238
208 377
317 353
130 222
350 408
217 445
341 390
443 450
171 261
51 249
253 342
107 158
66 369
102 367
122 182
127 310
326 390
90 255
126 156
305 381
239 360
187 191
177 290
143 356
30 402
162 310
283 419
304 426
17 230
275 311
118 390
300 316
201 352
321 349
99 348
33 204
58 222
17 358
96 425
202 250
25 88
349 382
224 432
29 158
189 206
159 422
436 448
91 159
380 395
105 387
144 166
121 209
44 144
48 150
93 260
186 389
127 189
119 158
176 382
92 120
237 246
357 408
24 102
174 306
321 454
312 404
127 398
66 382
100 444
218 459
192 230
31 118
53 239
243 342
288 432
293 301
177 421
5 214
147 344
381 402
222 336
31 89
127 407
243 400
128 265
87 465
215 248
9 116
272 355
86 157
337 383
252 427
53 74
343 380
26 187
172 266
221 298
68 420
287 455
110 134
114 331
183 286
49 334
24 367
401 440
142 420
72 193
191 263
167 248
137 249
282 316
134 227
109 290
25 227
123 408
292 429
21 181
315 377
319 418
136 309
5 457
134 252
339 424
186 282
140 429
0 375
1 340
4 189
72 153
239 403
27 365
168 447
48 326
127 388
156 213
71 101
67 405
99 221
97 368
254 455
211 369
158 370
58 330
78 173
310 332
419 443
137 200
235 431
382 409
93 279
54 105
111 423
223 326
91 95
46 308
182 277
173 447
7 45
112 453
125 392
202 360
113 436
226 436
37 318
76 330
139 396
35 328
339 342
130 233
80 188
49 127
215 280
45 148
241 338
53 135
235 379
88 318
419 422
304 369
44 312
231 366
98 207
326 352
207 228
76 228
1 296
237 407
235 250
11 296
10 68
204 247
81 228
19 242
258 286
67 268
147 250
43 170
96 389
65 336
327 449
181 292
198 264
18 457
189 294
118 127
33 342
55 211
315 403
150 221
274 405
27 375
218 234
52 364
266 342
386 408
51 64
343 432
243 344
80 463
173 334
90 341
177 219
29 396
325 401
243 409
227 347
374 402
238 304
231 321
2 151
46 279
94 189
115 364
70 247
303 358
4 18
40 442
18 242
326 335
66 431
219 397
70 141
107 393
107 280
63 378
23 198
132 329
146 349
170 431
33 191
54 229
68 346
402 437
281 304
101 445
241 271
183 410
223 317
366 371
149 198
38 58
243 316
356 436
135 279
265 324
110 330
150 430
107 191
354 426
172 365
216 223
89 282
172 414
91 366
241 266
259 303
167 445
164 449
66 374
165 189
118 132
116 298
98 312
318 402
33 395
45 90
160 336
148 292
74 145
18 172
67 293
227 322
255 301
1 303
260 407
412 461
5 160
0 63
127 146
46 179
1 438
43 123
232 335
398 427
31 400
72 206
69 369
13 198
91 387
117 410
139 158
47 230
238 302
108 373
378 422
30 382
192 216
5 149
152 292
269 337
218 442
298 343
162 294
69 346
239 338
47 378
36 281
177 281
134 404
31 52
321 431
225 257
19 255
101 227
355 370
148 220
162 388
225 347
200 329
271 304
84 90
79 124
147 190
130 141
18 248
5 12
44 331
7 366
113 277
215 354
298 356
147 337
115 191
224 308
308 436
227 233
76 356
114 464
58 374
26 388
277 291
146 206
33 345
63 204
148 185
55 330
118 166
139 442
119 205
227 374
150 204
48 160
254 295
159 224
213 444
428 450
49 331
322 421
105 333
150 283
54 464
78 258
143 422
31 396
19 100
113 383
37 331
219 303
81 361
148 449
48 463
86 161
384 391
152 384
138 445
340 411
281 379
174 177
343 388
112 140
242 257
287 367
43 443
327 394
167 190
79 365
76 182
185 306
209 363
11 127
296 355
160 457
37 190
302 360
199 325
210 322
75 362
33 193
2 158
98 257
111 230
210 311
101 380
231 375
30 62
6 132
174 441
108 459
64 171
341 394
275 440
280 383
304 315
71 105
107 198
13 171
138 237
202 214
148 330
90 371
87 137
185 348
438 442
122 396
34 391
222 341
18 380
257 414
200 263
144 447
26 66
316 373
259 389
93 308
84 344
98 390
217 307
109 268
17 425
190 368
12 453
3 43
113 381
305 465
79 259
260 327
242 286
89 246
119 437
268 317
82 195
9 398
369 425
211 416
156 170
36 310
209 370
69 416
280 346
97 414
107 216
12 89
52 286
327 374
310 457
138 383
218 312
47 175
28 185
266 391
99 238
259 339
304 364
74 107
6 244
100 115
294 372
29 212
100 276
46 327
10 443
97 268
159 443
307 454
203 402
155 344
123 292
261 451
82 187
229 323
232 392
169 198
22 179
187 434
101 232
353 439
16 35
167 362
99 321
192 414
432 440
117 340
347 413
14 312
64 269
251 372
22 326
253 350
310 373
104 265
355 444
166 427
69 135
101 286
5 375
341 401
88 380
242 429
127 291
17 185
219 250
58 442
1 213
135 252
400 441
121 136
150 363
271 366
9 243
3 305
25 389
313 443
76 418
311 349
143 185
122 141
208 411
127 333
56 360
110 127
60 446
354 414
105 138
172 179
6 247
315 346
150 312
155 347
168 431
224 303
198 380
204 335
64 410
253 375
92 190
407 456
20 227
299 377
118 389
21 257
178 286
266 293
242 382
240 305
273 317
274 449
101 273
392 433
107 374
201 316
329 392
261 278
51 88
99 385
223 342
12 370
137 408
259 306
5 198
38 128
147 421
69 431
204 428
99 148
90 314
155 208
69 304
171 259
3 445
276 369
90 420
172 355
190 208
94 287
27 162
296 386
20 333
58 126
14 455
19 40
135 427
62 144
0 268
155 407
271 296
54 215
178 187
94 160
201 353
93 107
4 135
52 92
176 313
289 369
320 408
76 92
95 398
96 406
170 432
160 269
319 375
148 194
25 284
71 78
209 249
156 281
210 287
206 328
202 445
419 448
266 303
280 443
149 436
16 439
279 442
129 207
185 406
302 395
60 465
231 277
43 90
195 324
220 309
188 344
50 364
41 311
147 354
4 176
237 412
51 400
29 205
23 273
7 249
16 361
123 235
134 387
160 219
217 379
238 308
219 310
348 393
17 421
43 60
106 442
230 439
117 231
328 410
9 122
294 451
0 16
185 357
116 164
71 311
291 348
205 432
110 183
134 445
254 300
413 462
102 414
412 440
4 146
292 330
16 426
99 318
300 412
155 360
80 229
88 399
9 459
348 372
201 340
32 443
316 338
103 154
392 398
24 335
226 433
38 266
65 192
23 28
232 456
167 317
252 277
251 346
213 383
326 400
99 265
240 385
200 357
161 214
58 407
136 429
214 320
80 454
323 462
64 97
128 246
76 156
101 142
359 427
160 405
146 442
289 428
92 381
277 278
211 346
5 100
279 333
181 349
384 428
54 265
311 417
230 366
9 450
137 234
64 72
92 159
78 181
139 341
63 371
178 370
73 406
2 423
125 170
131 205
115 212
48 454
59 94
31 389
38 190
222 459
67 282
32 367
26 75
176 311
302 417
319 346
245 331
88 168
11 369
220 250
199 250
152 233
121 165
147 348
24 61
161 305
265 304
309 461
170 186
49 71
97 197
370 388
98 302
308 314
171 359
126 195
368 431
35 300
202 219
19 59
343 390
122 341
298 362
6 118
86 401
138 404
62 324
211 303
122 176
77 251
156 249
5 307
23 125
87 268
47 448
8 245
259 274
268 290
27 71
271 402
81 401
79 203
212 430
123 270
46 120
14 290
222 232
14 368
1 357
260 442
109 111
19 431
125 371
303 402
159 202
39 398
172 421
47 385
302 442
295 381
103 147
429 439
296 409
264 464
179 461
183 201
27 93
268 350
274 446
69 206
220 464
219 270
156 312
151 276
37 342
126 262
267 313
88 91
50 242
256 402
27 457
172 300
80 150
50 312
181 401
173 349
47 357
239 324
214 250
321 327
201 342
58 300
4 58
221 346
81 285
85 184
287 331
35 269
66 354
451 458
48 110
290 344
59 345
283 317
107 253
194 197
165 312
110 224
67 233
213 347
104 115
394 409
109 126
242 416
137 279
99 407
147 227
101 356
377 438
210 333
427 451
2 62
68 330
97 442
14 153
182 191
303 380
279 360
138 224
354 387
56 86
45 208
177 356
107 201
121 182
15 215
88 329
68 448
352 357
101 132
12 35
21 144
77 116
70 163
388 440
255 388
160 415
124 162
278 392
153 455
303 360
145 371
64 91
60 260
30 68
47 138
125 210
318 333
172 360
372 411
91 329
63 65
108 118
4 327
121 282
69 148
310 422
330 439
246 348
58 60
70 274
177 463
17 277
384 439
22 377
4 434
77 156
250 347
246 290
38 262
196 222
96 148
151 166
213 434
224 298
38 380
174 373
307 447
124 446
82 204
194 284
106 313
132 206
109 239
141 187
3 173
277 460
372 377
156 245
100 377
204 368
122 449
226 426
15 306
248 401
202 271
328 365
184 328
51 314
68 184
86 424
248 431
27 451
113 255
207 404
68 431
170 244
176 444
300 396
178 373
369 414
256 459
23 380
10 111
330 378
78 113
182 244
117 395
74 161
69 368
174 192
114 342
25 262
148 303
172 363
207 229
10 271
199 229
106 244
202 434
7 88
12 97
75 156
97 406
207 340
191 391
195 317
168 456
34 184
10 35
125 181
320 431
220 317
5 421
104 288
20 403
256 289
272 429
67 187
20 188
72 195
73 444
154 318
401 416
130 382
98 456
102 136
374 464
174 198
121 160
24 415
247 314
57 331
97 403
163 240
447 460
189 365
381 420
216 309
162 429
63 115
78 122
101 382
253 447
110 196
318 392
40 358
60 251
43 192
353 417
348 455
109 366
26 356
26 39
87 377
134 341
382 432
127 368
50 78
23 351
348 438
119 341
149 165
20 368
60 259
131 384
95 178
7 194
96 110
14 232
289 297
209 321
133 226
161 366
246 451
46 292
325 331
60 98
29 221
162 417
81 150
162 267
14 170
143 409
70 307
266 299
152 413
86 192
82 259
119 366
264 378
122 214
215 373
206 225
76 181
248 444
57 123
50 163
385 462
93 231
181 272
3 88
371 372
46 358
105 193
48 406
14 122
315 465
116 146
366 458
261 370
107 375
261 281
124 283
193 447
260 293
32 271
23 373
334 458
58 209
321 450
131 342
78 292
44 258
326 440
104 320
125 271
42 423
97 211
259 347
406 430
204 380
123 326
70 152
367 393
208 337
19 200
165 465
129 319
28 320
40 373
60 152
150 424
113 124
115 269
232 459
65 110
93 167
280 464
62 228
235 450
206 335
363 457
176 403
25 352
198 385
223 394
63 454
294 393
3 342
205 330
15 60
65 182
181 236
53 213
277 410
23 138
134 180
43 198
295 299
21 128
330 400
221 264
39 212
21 431
122 323
303 357
68 331
89 110
393 400
37 234
15 75
67 400
180 202
185 377
2 444
161 370
57 233
16 438
37 395
108 152
120 155
144 449
341 452
154 424
103 423
312 441
209 430
44 172
394 417
145 230
213 432
84 152
279 400
258 374
114 272
110 462
292 444
46 67
164 439
155 440
85 168
41 227
424 428
247 433
124 409
163 362
118 273
2 51
18 282
341 378
277 295
151 333
198 438
58 138
289 353
320 412
24 124
434 439
434 447
143 464
285 399
341 424
292 436
200 378
65 86
169 410
221 345
151 341
1 261
253 323
283 291
204 375
56 182
18 156
94 236
130 172
160 181
166 209
221 445
103 303
5 433
144 261
153 197
224 304
398 412
14 373
314 398
19 315
283 309
172 385
20 178
90 235
18 213
55 429
87 250
246 402
305 462
56 384
268 298
52 268
141 223
31 159
20 180
151 404
280 350
77 185
202 236
172 173
176 288
332 422
239 447
269 457
201 212
213 382
7 93
60 257
306 409
30 440
299 396
276 331
135 371
413 450
101 192
222 324
375 400
72 87
76 295
279 357
215 437
26 55
130 260
295 407
6 403
7 100
109 438
22 205
200 347
87 459
167 458
239 385
161 345
91 219
91 352
336 418
111 340
180 240
253 344
103 456
201 443
398 442
8 55
156 234
161 196
120 346
278 333
171 426
23 319
389 444
229 419
309 444
170 187
300 440
180 184
102 271
324 371
265 281
318 447
164 201
226 425
120 303
129 348
146 385
282 389
66 67
377 430
32 405
328 386
37 143
129 153
176 220
134 217
208 296
330 451
246 414
13 61
382 425
351 445
2 137
96 362
38 318
119 353
177 344
168 398
98 170
114 257
161 338
197 206
96 426
98 465
87 127
223 294
155 454
54 285
56 422
51 432
37 215
92 141
330 362
49 172
222 414
121 443
72 384
144 202
214 222
354 370
404 442
156 202
412 435
39 175
129 295
31 208
22 427
174 403
287 296
329 403
244 440
60 407
108 275
33 443
336 420
150 364
363 374
265 288
106 393
172 462
219 457
226 245
22 304
212 354
256 443
208 371
36 95
110 441
376 442
7 244
213 388
222 441
53 204
170 338
149 360
71 240
166 212
251 417
92 230
324 415
196 398
397 442
203 409
141 309
26 105
41 347
33 254
56 176
10 145
239 251
31 352
155 455
266 392
121 328
301 436
36 211
381 442
212 332
315 391
77 267
222 421
113 377
188 212
49 277
1 402
111 150
239 443
319 331
50 254
182 453
53 452
74 375
208 450
84 409
345 428
346 426
147 214
138 300
125 197
180 417
6 393
191 463
49 247
170 242
170 413
195 400
26 41
0 181
39 424
48 151
316 430
119 463
223 336
46 197
306 438
71 126
88 408
297 440
346 369
274 316
42 371
166 372
237 368
60 461
131 320
109 210
54 160
215 386
178 428
297 442
63 135
296 430
105 215
314 453
215 375
204 353
355 453
338 464
185 212
176 391
213 241
16 121
212 389
1 290
8 126
193 232
33 277
73 232
51 221
78 218
58 164
282 391
37 303
44 129
238 391
99 136
75 201
283 451
193 318
204 260
308 457
119 443
19 333
172 287
6 304
442 465
430 447
38 82
156 273
11 373
46 346
110 363
308 458
60 189
270 363
197 205
190 361
273 293
225 384
38 197
30 262
217 299
187 326
162 246
103 149
239 381
403 459
32 71
3 272
94 386
29 239
268 459
135 220
87 169
166 378
86 284
308 345
2 454
85 305
206 308
232 297
118 375
241 321
268 321
150 267
129 155
186 292
356 373
214 370
88 235
163 310
344 450
220 440
81 408
303 327
256 351
337 429
111 435
59 282
72 160
239 263
19 278
170 286
249 423
65 369
262 364
5 450
203 455
348 360
33 57
37 437
234 444
137 349
46 352
188 376
157 386
156 270
270 434
228 441
40 154
230 410
138 156
88 257
10 444
356 427
18 338
266 332
77 125
247 354
409 447
196 224
143 289
108 407
61 247
48 359
41 376
204 329
102 113
208 454
2 102
30 162
83 176
191 229
93 121
2 410
50 129
373 380
200 373
211 255
270 463
83 148
241 252
82 240
15 381
220 459
143 267
143 157
166 362
216 370
5 301
21 372
48 203
114 317
111 287
87 162
281 322
2 159
4 91
322 364
43 344
51 186
205 408
88 220
144 239
64 295
55 186
108 362
49 448
61 313
112 226
59 155
277 461
14 86
64 282
456 463
101 135
98 146
228 447
56 448
13 268
271 403
82 436
197 331
0 372
399 436
50 135
229 425
151 408
74 99
10 39
39 365
364 463
62 369
71 170
369 454
46 125
32 253
93 223
162 438
105 402
207 292
36 93
16 404
200 406
178 337
206 414
48 381
26 135
262 400
62 348
118 221
297 416
67 295
191 324
38 445
83 84
366 409
123 212
39 74
126 236
39 277
266 334
107 223
105 370
274 288
386 421
69 181
33 52
237 411
66 409
168 322
127 427
86 326
111 264
19 241
250 432
22 349
88 332
193 422
84 415
358 391
185 386
271 315
330 379
366 447
85 369
16 340
21 105
51 437
267 366
159 344
294 426
22 180
199 271
158 437
36 166
340 436
224 411
195 199
130 183
278 328
13 426
19 280
11 155
225 436
7 350
73 110
169 380
185 331
74 142
97 112
131 418
143 201
257 372
31 250
33 70
251 270
145 352
98 361
13 168
51 360
188 441
262 264
84 444
224 247
166 464
65 92
121 187
232 351
184 445
315 440
320 351
26 74
13 284
108 129
297 454
70 76
5 297
59 212
39 234
81 382
70 227
260 344
110 164
46 231
153 183
35 419
33 174
52 156
107 318
373 439
39 168
35 334
58 284
218 285
165 331
33 210
42 257
214 447
14 156
299 428
193 391
215 284
339 412
55 286
130 248
169 386
402 463
235 461
2 217
125 268
171 404
153 211
118 157
187 424
17 93
47 301
27 351
126 239
126 285
114 373
84 412
81 177
296 368
244 365
153 283
129 461
101 305
19 154
11 354
28 367
105 346
256 431
84 254
266 394
241 446
405 434
316 343
338 376
198 421
45 428
341 389
342 420
128 414
15 398
15 390
329 397
39 299
175 348
284 397
150 166
186 233
85 154
48 443
138 430
119 259
8 348
110 240
50 173
155 268
199 299
424 435
372 399
331 451
10 200
244 282
249 267
213 403
394 416
308 331
160 439
18 82
187 421
120 292
108 357
396 438
42 265
292 309
7 388
239 344
104 280
160 408
135 302
51 132
64 376
10 24
206 384
271 436
120 182
68 71
227 260
374 375
60 383
312 428
234 408
221 448
158 236
13 410
356 387
84 265
98 260
240 417
256 372
159 188
92 395
337 413
217 339
69 350
305 441
29 412
14 46
185 303
439 448
67 444
230 365
288 410
297 370
167 330
166 295
144 257
51 217
198 399
33 405
35 113
149 408
66 347
270 280
296 439
172 377
340 357
250 310
159 438
228 286
67 215
267 328
54 410
10 119
123 367
121 218
91 202
379 423
113 224
94 267
122 233
247 280
85 98
242 447
26 289
6 146
188 400
350 434
95 169
99 187
219 243
370 387
365 399
29 103
204 452
216 373
186 375
14 430
392 439
305 376
139 253
73 285
321 324
31 382
17 398
13 350
63 461
82 323
28 305
76 247
82 150
16 328
81 167
66 300
403 441
153 378
4 251
210 215
247 372
69 104
139 453
75 287
33 197
58 339
129 309
89 372
171 303
153 420
289 338
18 366
41 161
5 152
150 306
71 202
299 329
83 311
50 107
198 317
344 454
183 242
21 443
50 460
332 351
117 451
356 364
183 361
96 342
145 379
163 215
20 73
159 380
275 404
29 128
257 327
235 239
165 233
176 263
66 297
410 417
213 300
181 465
122 351
257 287
206 297
240 424
174 290
174 440
267 378
323 408
83 129
113 414
165 277
260 329
28 341
68 172
32 331
89 323
179 241
138 195
222 446
224 276
446 447
231 406
58 441
340 462
38 329
179 249
192 221
57 437
172 192
347 348
259 322
65 434
85 312
283 311
337 368
241 411
338 355
38 131
54 168
50 382
267 450
76 167
275 315
250 411
182 413
70 340
91 260
195 251
56 263
126 283
301 343
47 167
218 420
385 443
95 281
161 360
3 143
35 355
5 361
207 285
10 432
107 239
24 308
41 72
89 391
143 447
152 263
205 399
53 382
118 195
44 152
85 226
360 462
90 422
339 354
22 407
356 362
199 398
141 449
137 440
27 189
134 334
316 353
78 383
125 369
209 239
13 457
83 128
203 217
169 285
142 430
369 461
48 260
260 292
25 247
350 355
140 185
78 388
219 321
344 374
199 391
331 365
36 60
136 391
16 398
5 344
37 251
3 424
32 360
127 318
258 450
205 371
225 227
213 375
58 429
236 302
81 266
94 225
256 364
1 367
154 182
205 297
31 318
91 280
179 414
170 349
223 426
171 179
137 237
273 290
260 416
98 409
112 452
263 436
119 465
159 358
87 102
299 345
337 428
297 431
370 417
147 398
2 321
225 269
249 301
144 281
107 192
55 364
33 420
55 155
332 440
297 379
134 194
115 453
69 343
57 415
140 194
82 194
116 383
57 135
278 432
36 217
301 330
5 68
47 224
383 454
199 372
133 418
99 241
385 444
412 448
417 450
180 426
96 364
414 436
118 147
80 91
143 336
1 386
55 294
189 255
294 366
117 343
21 376
47 461
335 407
262 405
256 417
387 421
193 294
116 305
159 197
314 371
70 259
176 330
1 29
119 326
259 340
65 222
76 339
36 452
318 320
189 366
9 134
27 426
133 273
145 378
243 463
99 289
62 136
140 450
72 463
48 211
109 291
104 428
92 102
92 438
184 275
99 325
131 416
14 336
11 444
34 435
133 234
205 448
136 286
77 153
61 138
174 199
432 435
294 424
4 32
17 108
229 439
71 448
281 353
0 97
183 197
53 73
311 405
49 173
216 382
369 450
272 274
282 354
125 305
109 371
241 425
146 263
294 428
439 450
49 155
29 229
46 417
176 457
139 222
56 84
116 253
191 207
169 351
135 198
192 455
51 214
283 430
85 249
54 109
188 364
176 248
9 391
270 330
72 84
228 242
0 244
230 339
104 267
373 426
107 355
95 212
39 162
153 274
236 439
191 302
45 326
6 40
183 428
178 462
59 348
23 36
25 194
247 249
187 417
6 377
15 356
21 414
197 349
83 283
71 446
33 207
266 433
268 433
152 367
368 434
10 158
136 328
357 429
136 198
143 331
0 116
246 422
244 298
108 363
258 284
124 423
158 270
296 377
131 225
7 10
132 243
154 195
34 354
25 127
366 398
316 365
51 451
353 396
125 245
172 423
70 210
98 147
213 225
55 404
97 210
96 159
18 384
55 85
299 357
410 434
93 280
124 199
2 391
129 258
278 423
151 416
269 362
34 41
220 291
52 331
45 443
33 312
276 294
344 415
151 450
86 362
234 300
56 231
349 430
340 401
396 402
216 345
335 388
181 289
194 375
65 392
204 414
29 461
69 356
97 179
143 181
55 284
154 309
196 402
44 442
56 99
220 349
115 328
42 439
34 91
6 327
72 226
300 408
1 334
97 200
330 351
142 408
115 177
21 117
431 445
248 369
296 446
384 441
19 337
270 384
4 345
4 249
183 326
130 178
27 130
199 265
253 322
26 52
404 441
153 167
302 350
149 386
5 367
213 222
35 395
9 370
336 351
103 260
178 408
11 34
133 264
123 204
4 464
89 146
412 458
140 165
335 416
409 427
51 78
143 246
372 440
301 392
123 267
150 201
306 435
154 246
35 94
254 351
407 441
337 442
4 411
299 373
169 244
180 453
163 420
46 84
283 426
280 301
98 241
146 294
200 212
260 281
258 347
163 292
3 76
90 142
41 244
63 354
66 325
416 436
212 231
134 261
346 437
6 106
58 340
99 106
32 128
94 220
238 458
2 409
78 168
72 301
232 312
66 239
294 459
32 156
74 90
144 256
34 426
67 81
266 367
173 380
73 163
233 283
334 424
59 446
19 219
165 250
254 388
335 379
69 241
119 424
384 387
71 369
94 453
192 406
295 442
428 430
95 413
34 170
167 455
43 287
307 311
260 384
75 286
67 353
80 418
355 389
223 374
227 318
359 394
290 331
31 216
225 401
198 266
299 306
208 269
67 208
40 232
74 122
281 330
388 464
58 158
199 395
276 296
179 425
155 372
5 23
176 265
43 281
188 374
241 367
253 428
58 79
174 465
16 130
49 289
312 421
66 144
85 460
80 459
14 370
194 461
65 231
64 263
171 227
19 273
52 186
224 294
242 419
11 189
115 320
199 445
134 142
16 194
148 168
262 278
150 354
387 430
227 276
62 414
36 294
242 251
105 221
155 328
179 343
279 356
355 441
400 404
310 330
231 332
79 292
226 413
82 221
102 339
162 390
213 305
13 372
148 371
227 348
253 389
289 323
45 59
257 382
75 79
307 425
59 346
129 281
112 193
1 83
277 343
187 239
227 306
153 214
118 208
51 340
328 346
91 384
174 409
143 257
135 373
127 307
46 290
64 169
234 274
39 61
311 394
171 334
254 429
89 345
126 246
149 180
58 195
209 215
392 449
410 424
44 171
187 369
281 397
135 392
108 184
201 421
245 332
44 285
357 382
126 234
26 215
7 12
143 343
200 332
109 272
174 408
137 250
75 379
69 174
263 362
142 435
202 321
87 123
19 352
176 358
65 98
40 47
227 344
160 373
250 288
218 447
411 451
227 446
220 409
30 316
100 408
410 441
123 189
206 259
21 341
22 395
192 464
270 417
278 304
90 136
170 255
356 465
163 356
77 357
320 389
31 319
148 400
178 230
85 401
13 419
333 426
90 251
65 307
133 332
305 399
102 104
162 265
40 120
407 432
387 452
361 385
95 190
8 162
0 272
72 233
19 392
161 317
239 254
293 358
61 67
135 455
160 234
30 190
239 382
133 247
163 387
76 449
151 208
8 45
72 385
148 188
197 441
172 279
202 390
129 442
358 361
135 205
363 413
96 145
239 414
148 182
381 453
176 414
14 361
285 450
116 215
265 339
60 166
10 238
404 415
148 161
248 334
180 203
162 215
10 102
26 408
351 430
279 383
184 338
149 201
146 306
35 299
73 338
148 361
334 403
125 132
6 107
36 292
224 307
395 423
223 259
61 359
33 47
419 454
45 293
111 302
228 462
76 311
76 219
352 417
84 374
164 319
278 372
207 446
215 267
61 337
68 133
228 240
28 179
117 401
69 134
17 260
219 266
36 233
12 463
29 169
51 149
50 350
340 383
130 454
377 425
42 95
400 409
122 425
146 261
4 377
218 461
103 324
350 428
202 373
13 237
29 258
127 459
282 348
161 280
41 330
1 228
327 411
61 431
102 274
34 224
136 447
1 437
50 200
66 212
317 391
44 118
284 356
49 160
403 442
198 445
316 436
87 353
120 168
194 305
199 276
43 239
105 277
281 369
91 422
166 456
116 251
107 362
33 108
57 216
378 435
2 83
203 239
364 418
98 441
75 90
43 377
319 384
59 230
348 429
84 390
81 410
1 68
96 447
99 330
232 395
274 317
192 371
170 428
327 430
