0
1
2
1
3
4
5
6
6
0
0
7
4
8
9
6
4
2
9
10
6
11
6
4
9
0
8
2
8
0
2
5
8
0
1
9
8
0
0
11
1
3
12
3
8
9
6
9
8
13
2
3
9
7
4
8
13
6
8
8
8
8
6
0
0
8
2
8
10
4
4
4
9
2
7
6
0
2
4
4
4
0
8
0
0
1
0
6
8
13
4
0
10
9
4
1
2
1
9
0
8
0
9
9
0
2
1
4
4
9
8
8
4
9
13
4
7
9
8
4
4
0
4
8
0
9
0
1
1
1
1
3
0
2
5
0
9
8
13
6
2
2
1
5
0
2
8
4
6
4
4
8
2
0
1
0
9
0
0
0
8
3
4
1
3
8
4
4
8
0
4
2
3
8
6
4
4
0
0
1
0
0
1
2
1
9
1
8
10
4
2
6
0
8
1
6
4
2
1
0
1
6
4
5
4
8
0
0
8
4
2
9
5
9
9
6
4
9
8
1
9
1
8
2
1
0
5
4
1
11
8
13
1
6
0
6
4
9
1
9
9
8
4
1
1
8
1
8
4
2
4
4
2
1
1
4
1
3
9
1
4
4
8
7
2
6
4
6
0
0
4
0
8
6
1
6
10
4
0
0
8
6
1
8
4
9
8
0
0
8
3
0
6
0
6
1
6
1
8
4
1
4
6
9
1
9
9
9
0
0
6
1
1
8
0
4
4
8
4
2
0
9
13
1
3
9
8
8
9
4
6
4
2
1
0
0
4
13
9
6
8
9
0
7
0
9
12
2
0
10
0
1
0
4
8
8
9
0
6
4
10
14
2
1
0
9
9
8
0
1
6
8
6
7
6
4
4
1
1
3
6
0
4
0
3
9
9
2
9
8
8
