655
914942603 2
999529223 18
932868828 15
918728463 48
913756669 44
999410741 35
911668732 38
956629388 3
903999315 6
929345092 15
967827638 39
903561597 36
926687537 46
987226012 45
973140807 27
929587039 29
979089901 18
900872248 49
921429110 45
956722344 22
937295260 10
928898923 49
945176955 7
912448136 25
912981052 23
946164955 39
935503389 3
997942942 30
971971316 8
950806024 6
974093639 19
984374605 40
948537831 37
925808537 46
909335534 3
988753260 15
938840994 6
931244663 7
951019678 18
960855700 41
948966946 11
949684848 23
928119557 43
935833156 45
991744214 42
909583482 39
985225343 11
971691040 47
932857966 11
962043515 25
936231783 41
992363534 36
929476249 44
943524491 50
907507864 15
904308421 21
953843426 18
908883684 14
976125617 46
942235350 14
987971488 32
953100814 42
961586053 10
935551614 9
933101783 48
975345555 35
935264581 48
978461803 28
978320463 26
948586340 15
918566572 33
966238574 6
906323852 8
920514014 41
921472420 44
956661351 39
908526544 25
951220073 39
962820592 34
933744231 36
901540956 44
996733645 8
991497616 35
935812670 50
986028436 22
914972279 19
958353204 11
960897765 1
996917555 47
935351479 33
923978249 33
914282218 41
940056581 41
968137358 39
926697396 10
950185867 49
921682744 35
971182864 1
980388981 21
965579548 2
915014631 24
941273847 16
907774584 16
976149359 6
911496211 47
965228535 5
971498611 50
916879290 9
988550256 31
973793389 11
935575298 34
981415657 28
928427073 35
997969689 45
926998038 46
941837852 26
990152297 42
950119651 29
969467853 29
916240908 16
930158366 5
945377076 2
978961459 36
930885476 38
929557077 1
909528530 46
984705205 4
930728046 5
904216175 22
909510312 33
931944441 18
989788677 32
928754377 35
917758595 47
976644106 37
963440831 16
963481353 27
925556386 7
913009833 43
957854710 23
956851760 27
962682989 47
907270733 44
987705310 42
913209423 4
954038913 47
945540424 7
933374088 13
925529407 35
960211891 9
956623995 12
937385696 30
933528453 5
959476001 36
913141087 4
987529405 35
901980765 6
931726318 11
954547971 32
964606833 14
953826716 4
922097220 25
900289289 25
935594951 30
938285503 28
993494928 47
974593961 43
996423126 32
920776478 13
939823450 14
907849494 38
998748972 35
908181586 48
942091325 4
906729990 38
963993471 33
971286543 11
907634247 33
910752378 12
909196777 39
909121552 44
931568532 26
916090908 37
933046464 38
979795010 3
983131979 6
956267415 43
978339168 37
970166708 21
934999379 14
989889098 46
942169044 16
935650176 26
917566185 43
986637649 20
961367643 21
909736572 1
961510041 40
975563727 7
909832887 35
928609087 33
935594597 9
946843172 5
932787299 24
938250360 11
958812137 35
994427530 20
982097999 42
970993218 1
989639081 36
940181935 43
913903144 9
935496015 8
914366125 48
974252420 10
936553958 19
981178885 14
996316277 22
927326368 44
985125977 17
967834855 32
933704923 4
912388090 41
956851377 18
905917225 1
944769200 50
917558317 41
935159040 11
999486328 29
974045292 46
957403166 36
901297845 8
910099059 45
920005727 35
904835614 24
978183110 36
919876811 28
917105448 3
941373735 24
905354599 23
928195995 44
933491314 43
913796726 23
975146293 27
983303777 48
920743797 16
921810617 12
955337219 2
924073380 48
944585178 27
989913412 48
933308443 18
921367172 45
914508349 25
905197528 31
929854548 13
961780854 23
940962024 15
929920292 2
988588154 13
953481198 22
937393469 5
937463522 23
986098221 33
953643924 44
971969657 22
903704481 8
935059710 12
977925434 17
905134794 7
980070438 28
946397338 47
942101056 28
981363974 33
915521714 25
977388337 13
934188276 3
995131550 28
900226999 34
972269803 44
996560259 48
998923524 43
926445607 24
957887757 5
989152472 22
983638503 21
989038359 8
996603781 20
968064830 20
989508850 27
943779528 26
993577729 19
974411983 9
925748341 27
989245317 25
990908075 48
923357554 40
976384014 20
954502486 36
900054484 20
938508907 14
957698610 38
981424737 42
943251559 30
959295515 29
990681152 14
968608612 31
998779073 11
988429450 6
938089166 33
989100953 41
983115778 22
912534217 49
931523529 44
941663795 15
926726767 10
903278320 3
932862209 31
982043803 50
909774839 30
955625330 41
977265240 13
996414756 45
951536717 32
953640499 16
919806690 42
992291118 1
914305904 50
957062156 15
923607110 45
969519112 30
906740197 36
933446826 8
961265269 9
962363359 43
971287314 36
979920257 21
959401199 40
996539316 33
957276174 36
959849511 11
999811743 31
960407340 17
933183955 41
937220099 50
969967676 32
984120751 16
936855845 29
910399639 46
938349783 16
936468984 22
942910691 35
910814950 9
920244148 15
951410126 45
920509175 46
928716269 5
955682626 27
944410148 35
962535301 27
908357162 14
956390708 25
978393811 45
902621534 49
977267850 25
964019136 1
947212267 20
952343121 27
972238741 48
998600914 35
980967191 15
965529051 15
936632757 28
965181765 2
952191530 22
989774697 44
954266464 47
922151928 30
917129912 40
971688860 2
952884503 38
975751409 43
903637575 6
986268397 28
918213276 30
924391257 4
934917589 25
943936531 14
961028710 21
945298556 49
950885459 18
956581473 17
910993268 31
902601580 48
972399599 4
946970882 15
987260863 5
987477029 3
904164775 16
926757737 2
983394260 10
932016960 9
963560289 43
915353091 37
929254705 30
993880599 17
949512272 11
981321540 39
996416275 8
921980274 20
914508768 38
903446499 20
977282128 44
950372847 26
995967649 13
910200074 38
992692697 41
932594692 7
993575660 50
940477742 44
980585882 8
975958181 3
946600900 35
957495923 43
949737181 5
967908907 42
945799273 1
956379329 32
914165187 28
948612055 41
961705170 46
920534124 28
923640702 47
970027662 42
936249845 40
972232344 50
964893936 30
958461818 47
979520597 18
943258988 16
911631697 18
960505620 16
962372114 37
981917334 43
950867083 22
903852048 32
943622663 12
965437844 14
947623800 17
945679506 18
980014570 45
937080140 36
901362459 34
925643159 6
932394260 47
954549859 32
974514489 49
932255732 45
963900135 42
995541870 32
960152969 2
912489409 19
929742165 26
992850100 16
941098277 43
978055069 24
963519947 36
971259135 23
957110154 48
973871890 22
947219209 45
960900658 18
941154241 17
930942292 8
996809144 13
942352128 8
999707808 35
992632184 12
925708194 14
999133838 31
937111151 47
979133014 49
970415568 39
937983442 7
926054020 19
930532273 24
924084236 20
901898961 46
971690398 9
936817443 3
907318358 36
939209916 45
916948946 41
965884623 7
901646234 37
938163378 31
964251933 29
945728776 12
906895666 17
964119726 8
908770247 26
966001106 5
977446468 41
992133896 4
920364454 10
975543051 20
911432787 16
915898299 36
955857931 39
980010790 40
930291214 50
970138498 25
960467027 29
939910061 38
957556566 20
976320155 40
908083974 40
999333105 7
927888820 41
928323322 17
988641164 6
921079846 16
923328859 36
910075036 11
900359129 27
960465583 45
979699989 31
939092160 3
931068214 19
994886005 19
994353392 30
909553585 44
931329612 17
983893865 38
988742485 13
957061186 8
973089925 15
986924061 10
935652586 10
909584466 4
922269779 20
979865458 48
976397676 19
958942178 8
962907576 45
940814428 45
954023778 18
967172238 35
966276072 29
910796722 39
905350023 28
998587474 21
981029073 17
903471527 6
930725714 44
977201917 38
902784407 49
990232106 18
977342561 3
923513701 31
969654147 42
959355025 18
924359060 38
958503492 41
965998319 6
963083727 23
954807553 22
943091709 43
914039158 11
944265498 27
993103304 32
938683937 43
953747791 49
973832717 3
961045700 6
942213778 17
943389073 8
954247457 33
900154493 43
972825679 30
955465150 4
925176902 34
948557203 40
966906611 41
959329732 49
906927215 14
935843681 36
917584297 19
958802946 45
965056916 8
903874790 41
981721371 16
995265438 11
941708177 36
901835355 36
954759583 6
930158811 8
961934487 8
986934122 10
966890827 46
939172995 33
994678746 18
955766169 31
963380266 16
961308842 36
919413516 25
925583290 39
968214937 48
918321839 5
937077298 50
955692629 22
968147397 18
900344303 19
997448913 20
978777447 38
988575748 32
919944139 29
972287061 31
946321751 22
974077101 49
972937948 25
961115319 21
925320492 45
932051937 37
951401477 15
955133300 3
942704903 48
963481797 46
951167978 25
989078806 42
920415230 32
904968688 9
967416376 38
944559574 7
959096899 7
970591959 30
902059919 47
919348212 27
987883261 10
910043277 31
935570755 22
983652460 45
953349308 42
910779739 22
990510730 35
951003997 21
984127561 46
965491202 35
904818295 40
909183277 16
984712997 44
938571356 15
912130508 28
913212812 49
985060193 46
