1
1
1
1
1
1
1
1
1
1
1
1
1
1
1
1
1
1
1
1
1
1
1
1
1
1
1
1
1
1
1
1
1
1
1
1
1
1
1
1
1
1
1
1
1
1
1
1
1
1
2
1
2
1
2
1
2
1
2
1
2
1
2
1
2
1
2
1
2
1
2
1
2
1
2
1
2
1
2
1
2
1
2
1
2
1
2
1
2
1
2
1
2
1
2
1
2
1
2
1
3
3
2
2
1
1
3
3
2
2
1
1
3
3
2
2
1
1
3
3
2
2
1
1
3
3
2
2
1
1
3
3
2
2
1
1
3
3
2
2
1
1
3
3
2
2
1
1
3
3
4
1
1
2
2
3
2
3
3
4
4
1
4
1
1
2
2
3
2
3
3
4
4
1
4
1
1
2
2
3
2
3
3
4
4
1
4
1
1
2
2
3
2
3
3
4
4
1
4
1
5
3
4
1
2
4
4
1
2
4
5
3
2
5
1
3
4
1
1
3
4
1
2
5
4
2
3
5
1
3
3
5
1
3
4
2
1
4
5
2
3
5
5
2
3
5
1
4
3
1
6
5
1
5
1
4
5
3
5
2
4
3
3
1
4
1
3
1
2
5
1
5
1
5
5
4
6
3
6
3
4
1
4
1
3
2
2
6
2
6
2
5
6
4
6
3
6
4
4
3
7
7
4
2
6
3
5
4
7
5
1
1
2
1
5
3
6
5
7
4
1
6
3
1
2
2
5
3
7
5
7
5
2
7
3
3
4
2
6
4
1
5
7
6
2
7
4
3
4
4
8
1
7
6
3
1
4
4
8
7
4
5
7
7
4
3
7
7
2
8
6
4
2
1
3
4
8
7
4
3
6
5
3
1
6
7
1
8
5
4
2
7
2
2
7
5
3
3
5
6
9
3
1
1
8
7
2
3
8
8
6
8
2
3
1
1
6
7
3
1
9
8
7
7
1
3
8
8
6
6
1
1
9
8
5
7
2
1
8
8
7
4
9
1
7
6
5
6
9
2
10
5
4
5
3
3
9
1
7
8
7
10
5
7
6
7
3
5
2
1
10
10
10
1
6
9
5
6
5
6
2
3
2
2
10
3
9
9
7
8
8
6
2
5
2
2
2
4
8
2
11
7
7
9
8
9
5
9
5
7
7
11
7
10
10
1
9
1
10
10
9
10
11
3
9
2
10
1
1
3
11
2
2
3
1
6
2
3
2
4
5
4
1
5
3
4
5
8
2
8
12
9
10
1
1
3
12
5
2
5
6
11
8
12
1
5
2
7
5
6
6
8
10
3
10
4
1
5
6
9
6
10
11
1
12
6
3
5
5
8
10
10
8
1
12
2
4
8
3
10
13
11
13
5
6
9
6
13
11
2
4
10
8
13
3
8
6
12
11
13
1
4
7
1
9
4
2
7
9
13
11
3
5
9
8
3
1
4
5
9
12
13
12
6
5
9
12
4
13
8
14
13
2
9
11
1
13
7
6
12
1
8
7
13
4
10
9
2
2
5
8
12
2
11
6
2
1
7
10
1
14
7
10
1
1
11
10
14
2
7
11
13
13
8
8
13
3
10
6
2
15
15
5
13
1
7
5
15
15
7
12
5
5
12
4
11
11
5
6
10
14
4
10
5
1
13
13
5
9
1
15
9
13
5
6
2
2
7
11
2
7
10
11
7
8
14
5
13
10
7
16
1
8
1
6
13
12
7
8
1
7
1
2
10
3
11
12
7
9
14
3
10
1
13
10
7
8
1
6
15
14
9
14
7
9
6
7
13
2
10
16
4
6
3
5
12
4
13
11
9
17
3
11
5
11
2
2
15
17
11
1
13
15
7
1
10
12
8
11
17
7
15
7
3
1
16
1
12
1
11
11
7
13
7
10
8
10
17
7
16
6
12
15
13
16
7
17
10
9
8
18
5
14
9
16
8
9
5
8
3
12
7
10
3
16
8
11
8
12
1
10
1
12
9
8
6
10
4
12
5
6
3
10
5
9
8
11
1
10
2
11
18
4
3
7
17
10
4
4
4
19
7
17
13
2
14
16
13
17
13
4
19
4
17
12
5
9
7
12
2
12
4
16
14
14
13
18
13
3
16
18
16
5
1
6
6
10
1
11
4
14
3
9
9
14
6
19
14
15
16
20
9
20
17
7
20
3
1
6
3
15
11
17
11
7
1
6
5
11
2
13
6
19
18
19
19
5
1
12
6
9
8
18
15
1
2
7
19
10
4
15
5
12
13
19
12
6
2
4
6
21
11
2
21
12
5
10
9
15
13
5
2
9
4
1
17
2
2
9
1
13
7
21
21
2
3
11
8
20
15
19
19
9
7
15
17
2
15
7
2
14
5
13
15
1
16
11
8
11
14
22
13
5
3
17
11
17
17
2
1
16
14
22
18
16
11
19
20
6
21
12
7
22
1
5
7
16
14
5
1
6
7
20
19
6
9
17
9
2
20
11
3
12
15
2
18
14
12
16
20
23
15
8
7
22
17
1
2
11
11
4
3
12
9
8
4
13
15
2
18
10
6
22
2
7
10
20
19
11
8
14
16
7
7
18
22
8
1
18
14
6
22
9
13
1
18
15
14
19
1
24
17
11
11
3
23
8
10
20
21
15
15
1
23
23
20
6
9
21
14
7
4
21
2
8
12
23
23
16
14
21
24
16
17
5
10
21
15
9
6
23
16
4
9
22
16
14
14
20
3
25
19
14
15
8
4
15
18
4
6
1
2
14
12
13
11
23
2
15
9
3
1
19
1
8
13
25
1
20
19
2
6
24
1
15
21
8
3
23
21
14
8
22
3
17
12
11
12
19
3
26
21
17
19
13
10
22
26
13
16
12
14
1
26
2
1
14
20
8
3
24
23
16
25
7
13
26
3
23
23
7
12
5
9
24
5
19
15
10
9
3
24
13
21
10
6
6
8
16
1
27
23
20
23
18
16
2
7
22
26
23
26
14
13
17
17
4
11
27
23
18
18
12
22
5
12
26
4
25
26
11
17
11
16
5
14
2
26
22
22
17
12
2
11
1
25
26
2
11
24
28
25
23
27
23
22
9
15
3
8
6
10
27
27
4
5
21
1
18
15
11
12
7
18
2
10
25
4
26
28
14
21
16
22
12
22
11
8
5
6
2
26
17
27
18
15
17
22
4
18
29
27
26
2
28
28
16
23
12
18
17
22
11
12
19
21
9
19
8
6
3
5
1
13
27
7
23
3
26
29
16
24
20
27
18
29
19
17
15
17
14
10
2
13
5
3
6
12
24
10
30
29
29
6
3
4
23
1
21
28
28
4
24
26
4
7
26
7
27
26
24
27
24
7
22
3
20
1
25
29
17
26
23
1
23
5
26
25
24
27
25
22
15
27
20
19
23
30
13
30
31
31
1
10
8
10
30
9
30
7
8
16
6
9
19
23
12
25
15
15
14
18
16
31
16
29
16
29
23
28
17
27
25
4
27
10
1
1
1
5
4
2
27
9
3
3
8
16
31
18
32
1
4
14
13
16
5
17
7
17
19
28
19
23
2
7
29
11
2
3
3
8
7
23
9
23
11
25
20
26
16
27
26
6
30
14
6
7
8
13
13
12
6
21
16
17
23
32
16
4
33
3
7
18
18
22
12
25
16
27
30
7
32
4
17
23
13
29
21
23
24
30
30
14
1
16
5
20
16
23
14
26
26
7
32
17
10
12
14
20
21
21
16
32
28
30
4
14
32
21
34
5
10
22
23
28
19
33
25
3
7
19
11
18
32
5
30
13
6
9
11
18
19
4
26
8
32
14
11
19
11
24
25
7
33
19
13
16
19
26
28
29
25
8
5
8
17
28
13
3
35
7
13
26
28
34
26
6
34
13
18
31
24
32
12
21
12
31
25
29
32
5
7
28
16
34
24
7
5
14
7
21
23
6
33
20
15
19
23
31
34
1
33
17
15
19
29
6
27
18
36
9
16
30
33
4
33
14
7
23
29
7
1
10
27
1
29
13
8
13
17
27
30
16
5
24
15
35
34
8
2
17
20
4
32
20
16
21
26
35
3
7
4
25
24
29
4
18
4
32
37
11
19
34
1
10
3
22
16
33
3
19
14
24
5
17
9
31
27
33
1
12
16
3
30
13
5
26
26
1
33
12
16
1
30
19
16
22
28
1
7
12
10
32
32
1
14
29
16
8
38
13
22
38
6
16
10
30
25
5
14
31
27
38
20
33
26
11
8
15
22
34
1
27
17
1
32
16
17
31
26
6
11
35
27
17
15
22
29
3
10
16
15
38
1
9
23
1
27
20
39
15
25
3
11
22
17
38
34
15
25
4
1
13
35
10
4
29
27
35
4
17
24
12
3
27
20
5
7
22
18
38
5
30
23
14
13
21
29
4
12
19
19
4
7
16
31
10
37
31
40
17
28
7
16
28
24
6
3
25
36
16
14
27
10
26
21
7
6
15
25
39
7
36
28
13
7
33
36
12
9
30
38
24
18
10
10
19
28
4
13
21
22
8
12
22
38
18
6
1
41
19
31
11
21
34
31
14
12
35
6
28
27
41
25
1
38
25
25
35
5
20
30
19
12
39
34
20
24
1
40
21
30
17
12
5
6
16
26
3
13
22
24
11
16
27
3
25
14
10
42
21
34
15
26
40
38
22
21
3
17
40
40
13
40
17
13
1
2
13
26
42
11
1
37
23
19
6
11
31
29
11
21
9
5
41
1
12
23
1
12
22
25
13
19
31
8
31
21
18
43
23
37
19
31
3
2
30
30
13
28
9
10
27
12
33
30
19
21
33
4
21
34
25
19
6
3
34
40
18
17
43
11
43
40
34
38
7
19
41
10
21
25
14
21
34
12
36
27
25
44
25
40
23
36
9
9
38
39
23
39
21
23
41
27
5
3
37
40
9
25
43
13
5
44
32
30
18
25
4
4
31
44
33
31
26
31
1
14
37
7
19
24
14
22
36
15
40
32
31
45
27
43
27
41
15
16
1
3
33
5
33
36
10
42
21
20
10
14
29
1
20
36
29
24
13
12
1
9
34
35
18
32
22
21
17
23
39
8
32
3
16
22
13
22
37
17
43
36
36
46
29
46
31
46
21
23
9
12
43
16
45
3
24
11
37
37
28
33
3
22
42
13
7
3
39
39
29
38
18
20
4
19
10
10
7
14
31
1
26
44
12
19
11
21
37
18
45
39
40
47
31
2
35
4
27
30
17
21
6
27
10
16
38
26
6
7
46
5
23
43
17
36
31
28
18
19
10
20
1
4
36
5
44
45
43
4
22
40
19
38
7
15
8
19
36
18
46
41
43
48
33
5
39
9
33
37
25
30
16
38
22
29
4
41
22
24
16
24
43
16
39
11
7
5
44
46
38
1
31
35
20
38
30
32
31
41
12
31
11
31
1
10
4
16
34
17
46
42
45
49
35
8
43
14
39
44
33
39
26
49
34
42
18
7
38
41
34
43
14
37
12
34
31
30
21
24
17
30
12
17
3
22
15
18
18
29
1
21
2
23
43
4
48
12
31
15
45
42
46
50
37
11
47
19
45
1
41
48
36
10
46
5
32
22
4
8
2
12
34
8
34
7
5
5
47
1
45
9
42
48
35
5
49
3
4
16
39
10
42
14
35
47
42
7
27
12
43
41
46
51
39
14
51
24
51
8
49
6
46
21
7
18
46
37
20
25
20
31
3
29
5
30
29
30
22
28
22
38
21
28
16
38
32
38
40
2
26
49
31
4
26
39
35
1
22
8
40
39
45
52
41
17
3
29
5
15
5
15
4
32
19
31
8
52
36
42
38
50
23
50
27
1
1
3
48
3
50
15
51
7
48
19
14
21
24
39
12
36
19
45
16
30
27
46
16
3
36
36
43
53
43
20
7
34
11
22
13
24
14
43
31
44
22
14
52
6
3
16
43
18
49
24
25
28
21
30
25
44
28
38
27
52
48
3
7
23
50
22
6
33
5
20
18
38
9
50
31
32
40
54
45
23
11
39
17
29
21
33
24
54
43
3
36
29
14
23
21
35
9
39
17
47
49
53
47
3
53
19
4
15
5
31
28
38
43
6
34
7
46
20
47
9
8
29
1
43
25
27
36
55
47
26
15
44
23
36
29
42
34
10
55
16
50
44
30
40
39
54
29
5
39
15
18
23
18
30
26
48
34
46
37
9
7
18
24
43
17
46
31
6
34
52
52
19
47
35
18
21
31
56
49
29
19
49
29
43
37
51
44
21
11
29
8
3
46
1
1
17
49
26
5
38
42
48
44
1
54
21
8
21
13
42
41
53
4
24
55
29
15
47
20
39
40
8
37
26
10
14
25
57
51
32
23
54
35
50
45
3
54
32
23
42
22
18
5
18
19
36
12
47
27
4
9
16
13
28
25
50
38
52
45
18
18
31
40
4
36
11
55
31
5
25
27
53
26
16
1
6
18
58
53
35
27
1
41
57
53
12
6
43
35
55
36
33
21
35
37
55
32
10
49
27
33
41
39
55
53
21
10
25
19
51
52
8
18
41
16
50
37
14
47
10
13
40
14
5
49
55
10
59
55
38
31
6
47
5
2
21
16
54
47
9
50
48
37
52
55
15
52
31
12
50
57
7
6
23
22
50
40
56
51
25
27
43
54
19
54
30
18
55
30
53
57
26
1
52
38
45
1
60
57
41
35
11
53
12
10
30
26
5
59
22
4
3
53
9
13
34
12
52
34
13
21
32
32
50
50
19
10
27
23
58
1
18
30
56
32
9
58
36
12
36
41
11
47
39
26
34
51
61
59
44
39
16
59
19
18
39
36
16
10
35
18
18
8
26
31
53
32
12
56
36
45
57
58
16
17
48
40
58
55
30
35
53
5
32
9
48
37
16
54
18
24
56
32
25
13
22
40
62
61
47
43
21
3
26
26
48
46
27
22
48
32
33
24
43
49
10
52
33
16
59
7
20
22
43
45
15
8
27
25
1
7
26
41
7
47
25
15
57
34
61
6
39
16
10
61
9
28
63
63
50
47
26
9
33
34
57
56
38
34
61
46
48
40
60
4
29
9
54
38
19
31
45
48
7
10
44
38
58
57
34
41
61
14
44
22
1
55
35
13
41
50
21
62
57
46
58
15
64
1
53
51
31
15
40
42
2
2
49
46
10
60
63
56
13
22
48
29
11
60
42
55
6
10
34
38
9
4
25
25
3
11
32
50
17
60
40
31
12
55
20
30
2
44
40
30
43
1
65
3
56
55
36
21
47
50
11
12
60
58
23
9
13
7
30
40
2
49
32
17
65
14
31
36
61
1
38
34
56
57
36
45
2
21
54
33
14
6
53
32
63
9
47
25
22
13
27
51
66
5
59
59
41
27
54
58
20
22
5
4
36
23
28
23
47
58
21
3
53
39
22
38
56
62
22
29
1
64
21
23
3
13
37
57
25
5
53
46
28
8
40
53
26
5
3
61
10
35
67
7
62
63
46
33
61
66
29
32
16
16
49
37
43
39
64
9
40
23
7
61
45
62
14
21
49
57
30
27
52
55
36
47
5
26
62
43
25
19
2
50
16
30
4
51
50
42
59
18
68
9
65
67
51
39
68
6
38
42
27
28
62
51
58
55
13
27
59
43
28
15
68
18
39
47
8
17
59
57
15
19
1
13
40
62
31
13
64
59
43
24
59
6
49
29
29
22
40
68
69
11
68
2
56
45
6
14
47
52
38
40
6
65
4
2
30
45
9
63
49
37
22
42
64
4
35
45
19
18
46
51
34
47
6
29
68
51
34
30
15
66
33
50
25
6
7
1
20
49
70
13
1
6
61
51
13
22
56
62
49
52
19
9
19
18
47
63
28
13
70
59
45
66
19
30
62
3
48
48
7
13
67
11
41
65
35
19
3
70
56
38
6
24
70
52
54
49
69
29
71
15
4
10
66
57
20
30
65
1
60
64
32
23
34
34
64
10
47
33
20
10
68
19
44
56
18
31
6
7
38
45
29
45
5
30
1
57
42
39
26
9
49
68
44
27
30
26
47
8
72
17
7
14
71
63
27
38
2
11
71
4
45
37
49
50
9
28
66
53
41
32
19
43
69
10
45
59
35
37
69
5
62
7
40
66
38
23
9
7
67
51
20
40
17
1
5
2
24
58
73
19
10
18
3
69
34
46
11
21
9
16
58
51
64
66
26
46
12
73
62
54
42
67
21
36
72
14
64
67
27
37
22
41
2
29
2
61
48
47
35
20
63
11
62
47
52
50
73
35
74
21
13
22
8
1
41
54
20
31
20
28
71
65
5
8
43
64
31
19
9
2
65
17
46
62
25
42
19
23
58
69
55
1
37
65
39
25
13
13
2
62
32
55
33
19
25
24
48
11
75
23
16
26
13
7
48
62
29
41
31
40
9
4
20
24
60
7
50
39
30
24
13
41
71
13
52
70
48
53
14
26
13
35
72
26
1
63
52
53
43
29
75
24
3
65
72
72
22
61
76
25
19
30
18
13
55
70
38
51
42
52
22
18
35
40
1
25
69
59
51
46
36
65
20
39
3
22
1
7
45
58
46
69
31
62
38
25
15
17
8
71
42
68
48
35
43
44
71
35
77
27
22
34
23
19
62
1
47
61
53
64
35
32
50
56
18
43
11
2
72
68
59
12
45
65
30
50
30
37
76
13
2
26
66
21
75
63
54
57
49
36
8
35
16
4
13
15
43
8
78
29
25
38
28
25
69
9
56
71
64
76
48
46
65
72
35
61
30
22
15
12
4
36
70
13
57
78
59
67
29
45
35
60
23
57
34
23
15
19
12
78
51
1
61
50
60
63
14
58
79
31
28
42
33
31
76
17
65
2
75
9
61
60
1
9
52
79
49
42
36
34
27
60
16
39
5
27
9
18
60
77
68
15
58
14
71
61
54
59
53
41
15
45
27
17
28
32
63
29
80
33
31
46
38
37
3
25
74
12
6
21
74
74
16
25
69
17
68
62
57
56
50
4
41
65
32
55
38
48
11
29
21
49
13
50
28
19
13
19
14
3
58
9
72
63
75
80
32
79
81
35
34
50
43
43
10
33
2
22
17
33
6
7
31
41
5
35
6
1
78
78
73
28
66
10
59
2
67
78
42
61
54
2
48
5
65
57
52
59
55
45
20
53
36
28
41
47
81
48
82
37
37
54
48
49
17
41
11
32
28
45
19
21
46
57
22
53
25
21
17
18
14
52
9
36
4
30
14
26
73
11
5
36
1
41
20
13
9
17
14
5
63
15
81
74
6
13
48
16
83
39
40
58
53
55
24
49
20
42
39
57
32
35
61
73
39
71
44
41
38
40
37
76
34
62
31
58
43
56
21
43
38
70
36
77
57
51
48
57
55
47
23
59
43
37
53
61
14
66
84
41
43
62
58
61
31
57
29
52
50
69
45
49
76
5
56
5
63
61
59
62
60
16
59
4
58
2
72
2
52
75
71
20
71
29
10
5
3
13
12
5
66
19
4
83
16
25
63
32
85
43
46
66
63
67
38
65
38
62
61
81
58
63
6
21
73
23
82
81
80
84
83
40
84
30
85
30
16
32
83
22
19
54
21
65
47
43
42
53
53
47
24
63
49
44
63
73
27
82
86
45
49
70
68
73
45
73
47
72
72
7
71
77
21
37
4
41
15
15
15
20
20
64
23
56
26
58
45
62
28
54
52
2
56
15
84
81
81
7
8
3
67
21
8
4
24
35
76
46
87
47
52
74
73
79
52
81
56
82
83
19
84
4
36
53
21
59
34
35
36
42
43
1
48
82
53
86
74
5
59
86
85
36
4
51
34
32
33
47
49
45
23
65
53
50
71
83
38
9
88
49
55
78
78
85
59
1
65
4
6
31
9
18
51
69
38
77
53
55
57
64
66
25
73
20
80
26
15
35
2
30
30
70
39
87
71
70
72
87
2
87
66
21
10
8
30
43
87
59
89
51
58
82
83
2
66
9
74
14
17
43
22
32
66
85
55
6
72
75
78
86
89
49
9
46
18
54
44
65
33
62
63
15
74
34
19
19
22
38
43
40
20
65
55
54
77
2
47
20
90
53
61
86
88
8
73
17
83
24
28
55
35
46
81
11
72
24
1
5
9
18
22
73
34
72
45
82
73
5
64
4
6
49
19
70
56
57
61
78
84
82
63
19
10
10
34
50
6
70
91
55
64
90
2
14
80
25
1
34
39
67
48
60
5
27
89
42
20
25
30
40
45
6
59
7
72
19
11
35
4
36
39
83
54
15
2
4
9
27
34
33
15
63
55
56
81
7
55
29
92
57
67
2
7
20
87
33
10
44
50
79
61
74
20
43
14
60
39
45
51
62
68
30
84
33
7
47
40
65
35
68
72
25
89
51
39
42
48
67
75
75
58
15
8
10
36
55
12
79
93
59
70
6
12
26
1
41
19
54
61
91
74
88
35
59
31
78
58
65
72
84
91
54
16
59
34
75
69
2
66
7
12
59
31
87
76
80
87
14
23
24
8
59
53
56
83
10
61
36
94
61
73
10
17
32
8
49
28
64
72
9
87
8
50
75
48
2
77
85
93
12
20
78
41
85
61
9
4
32
3
39
45
93
66
29
19
24
32
54
64
66
51
9
4
8
36
58
16
86
95
63
76
14
22
38
15
57
37
74
83
21
5
22
65
91
65
20
1
10
19
34
43
7
66
16
88
37
33
62
34
71
78
32
6
65
56
62
71
94
10
13
94
53
49
54
83
11
65
41
96
65
79
18
27
44
22
65
46
84
94
33
18
36
80
11
82
38
20
30
40
56
66
31
91
42
19
65
62
92
65
7
15
66
41
5
93
4
14
38
51
55
41
1
94
4
34
59
18
91
97
67
82
22
32
50
29
73
55
94
8
45
31
50
95
27
2
56
39
50
61
78
89
55
19
68
46
93
91
25
96
39
48
3
76
41
33
42
53
78
92
97
84
45
42
50
81
10
67
44
98
69
85
26
37
56
36
81
64
6
19
57
44
64
12
43
19
74
58
70
82
2
14
79
44
94
73
23
22
55
29
71
81
37
13
77
70
80
92
20
35
41
29
89
87
96
30
58
18
94
99
71
88
30
42
62
43
89
73
16
30
69
57
78
27
59
36
92
77
90
4
24
37
4
69
21
1
51
51
85
60
4
15
71
48
14
8
19
32
60
76
83
72
34
33
43
77
7
67
45
100
73
91
34
47
68
50
97
82
26
41
81
70
92
42
75
53
10
96
10
25
46
60
28
94
47
28
79
80
15
91
36
48
5
83
50
45
57
71
100
17
25
15
78
78
89
24
55
16
95
101
75
94
38
52
74
57
4
91
36
52
93
83
5
57
91
70
28
14
30
46
68
83
52
18
73
55
6
8
45
21
68
81
39
17
86
82
95
9
39
58
67
58
21
22
34
71
2
65
44
102
77
97
42
57
80
64
12
100
46
63
3
96
19
72
5
87
46
33
50
67
90
4
76
43
99
82
34
37
75
52
100
12
73
52
20
17
31
48
79
99
7
101
65
67
80
16
50
12
94
103
79
100
46
62
86
71
20
6
56
74
15
6
33
87
21
1
64
52
70
88
9
27
100
68
22
6
62
66
2
83
29
45
4
87
56
54
69
87
16
37
49
41
6
9
23
63
98
61
41
104
81
103
50
67
92
78
28
15
66
85
27
19
47
102
37
18
82
71
90
5
31
50
20
93
48
33
90
95
32
10
61
78
38
18
92
91
3
22
56
78
91
84
50
54
69
6
42
6
91
105
83
1
54
72
98
85
36
24
76
96
39
32
61
12
53
35
100
90
5
26
53
73
44
13
74
60
13
19
62
41
93
6
72
53
23
23
41
61
96
14
28
22
94
99
10
53
90
55
36
106
85
4
58
77
104
92
44
33
86
1
51
45
75
27
69
52
12
3
25
47
75
96
68
38
100
87
41
48
92
72
19
39
106
88
59
60
79
100
30
55
70
65
32
38
56
100
32
104
86
107
87
7
62
82
3
99
52
42
96
12
63
58
89
42
85
69
30
22
45
68
97
12
92
63
19
7
69
77
15
103
51
72
33
16
95
97
10
32
70
96
5
1
76
83
102
40
80
46
29
108
89
10
66
87
9
106
60
51
106
23
75
71
103
57
101
86
48
41
65
89
11
35
8
88
45
34
97
106
45
26
83
105
67
51
23
26
48
71
2
29
47
44
12
20
40
87
20
95
79
109
91
13
70
92
15
4
68
60
7
34
87
84
8
72
8
103
66
60
85
1
33
58
32
4
71
61
16
26
75
57
6
29
101
86
59
63
86
1
42
70
89
87
56
65
86
25
68
35
20
110
93
16
74
97
21
11
76
69
17
45
99
97
22
87
24
10
84
79
105
22
55
81
56
29
97
88
44
55
105
88
38
62
25
11
95
100
14
40
82
1
21
20
100
110
22
72
6
84
70
111
95
19
78
102
27
18
84
78
27
56
111
110
36
102
40
27
102
98
14
43
77
104
80
54
12
4
72
84
24
8
70
95
59
46
20
26
52
79
11
42
63
63
33
44
68
8
54
22
9
112
97
22
82
107
33
25
92
87
37
67
11
11
50
5
56
44
8
5
34
64
99
15
104
79
38
31
100
1
54
39
102
16
93
81
56
63
90
6
51
83
105
106
77
89
2
55
102
71
59
113
99
25
86
112
39
32
100
96
47
78
23
24
64
20
72
61
26
24
54
85
8
38
15
104
64
58
15
30
84
70
21
49
14
3
92
100
15
45
91
11
34
36
8
21
48
102
37
7
109
114
101
28
90
3
45
39
108
105
57
89
35
37
78
35
88
78
44
43
74
106
30
61
39
15
90
85
43
59
114
101
53
82
48
38
14
23
53
84
17
52
76
79
52
66
94
35
85
56
45
115
103
31
94
8
51
46
1
114
67
100
47
50
92
50
104
95
62
62
94
12
52
84
63
40
1
112
71
88
29
17
85
115
82
73
50
60
91
8
57
93
3
7
96
111
25
82
18
105
95
116
105
34
98
13
57
53
9
7
77
111
59
63
106
65
4
112
80
81
114
33
74
107
87
65
27
23
99
1
59
48
1
32
116
108
86
97
13
47
97
18
45
50
24
40
71
13
66
38
29
117
107
37
102
18
63
60
17
16
87
5
71
76
3
80
20
12
98
100
17
54
96
13
111
90
53
50
10
30
89
79
33
65
33
26
5
17
51
86
20
59
87
93
68
85
117
60
114
87
79
118
109
40
106
23
69
67
25
25
97
16
83
89
17
95
36
29
116
1
37
75
118
36
17
115
79
77
38
59
1
110
65
98
67
61
41
54
89
7
60
100
11
18
112
12
45
107
44
18
11
119
111
43
110
28
75
74
33
34
107
27
95
102
31
110
52
46
15
20
57
96
21
59
41
21
105
104
66
88
31
22
97
12
101
96
77
91
8
46
100
22
53
61
37
57
91
35
92
67
61
120
113
46
114
33
81
81
41
43
117
38
107
115
45
5
68
63
33
39
77
117
43
82
65
46
11
11
94
117
61
53
9
45
15
11
113
8
46
85
20
63
95
104
81
102
17
82
20
116
111
121
115
49
118
38
87
88
49
52
6
49
119
7
59
20
84
80
51
58
97
17
65
105
89
71
37
38
1
25
91
84
41
78
49
46
28
45
84
3
60
104
16
26
4
26
63
8
68
44
40
122
117
52
122
43
93
95
57
61
16
60
9
20
73
35
100
97
69
77
117
38
87
6
113
96
63
65
29
54
121
115
73
111
83
81
64
82
122
42
100
23
58
69
48
71
109
55
116
93
90
123
119
55
3
48
99
102
65
70
26
71
21
33
87
50
116
114
87
96
14
59
109
29
14
121
89
92
57
83
28
23
105
21
117
116
100
119
37
81
17
64
100
112
92
116
32
102
41
19
17
124
121
58
7
53
105
109
73
79
36
82
33
46
101
65
8
7
105
115
34
80
7
52
38
22
115
119
85
112
58
54
13
54
27
27
12
32
75
120
57
105
18
31
12
37
78
25
89
68
67
125
123
61
11
58
111
116
81
88
46
93
45
59
115
80
24
24
123
9
54
101
29
75
62
47
16
21
113
16
88
85
45
87
61
62
48
69
113
34
97
21
60
74
56
82
124
72
12
117
117
126
125
64
15
63
117
123
89
97
56
104
57
72
3
95
40
41
15
28
74
122
51
98
86
72
42
48
15
45
118
116
77
120
95
97
84
106
25
73
11
62
102
117
100
1
44
119
60
40
41
127
127
67
19
68
123
3
97
106
66
115
69
85
17
110
56
58
33
47
94
16
73
121
110
97
68
75
43
74
21
20
109
26
2
5
120
16
63
112
51
103
17
33
17
46
90
39
108
89
91
128
1
70
23
73
1
10
105
115
76
126
81
98
31
125
72
75
51
66
114
37
95
16
6
122
94
102
71
103
51
51
13
59
36
40
28
53
101
23
91
16
59
76
61
91
8
86
28
10
13
129
3
73
27
78
7
17
113
124
86
8
93
111
45
11
88
92
69
85
5
58
117
39
30
18
120
129
99
3
81
82
45
92
70
75
64
90
10
62
2
57
101
119
105
7
54
4
76
59
63
130
5
76
31
83
13
24
121
3
96
19
105
124
59
26
104
109
87
104
25
79
9
62
54
43
16
26
127
32
111
113
77
125
104
110
100
127
48
101
42
98
13
32
19
52
100
51
124
108
113
131
7
79
35
88
19
31
129
12
106
30
117
6
73
41
120
126
105
123
45
100
31
85
78
68
42
53
24
61
10
13
109
27
7
14
5
33
86
9
82
8
55
75
63
97
15
98
41
26
32
132
9
82
39
93
25
38
5
21
116
41
129
19
87
56
4
11
123
10
65
121
53
108
102
93
68
80
52
90
40
44
9
60
41
49
41
70
124
48
122
49
97
118
107
10
61
13
89
75
82
133
11
85
43
98
31
45
13
30
126
52
8
32
101
71
20
28
8
29
85
9
75
131
126
118
94
107
80
119
70
75
41
93
75
84
77
107
29
87
29
90
6
28
18
55
107
60
4
124
132
134
13
88
47
103
37
52
21
39
2
63
20
45
115
86
36
45
26
48
105
30
97
20
16
9
120
134
108
14
100
106
73
126
109
119
113
10
67
126
69
131
48
71
62
100
19
107
52
39
48
135
15
91
51
108
43
59
29
48
12
74
32
58
129
101
52
62
44
67
125
51
119
43
40
34
11
26
1
43
130
2
105
24
8
19
14
47
105
30
109
37
90
114
106
10
65
19
100
88
98
136
17
94
55
113
49
66
37
57
22
85
44
71
7
116
68
79
62
86
9
72
5
66
64
59
37
53
29
72
24
33
1
57
42
54
50
84
7
69
13
78
132
21
14
55
111
66
12
1
12
137
19
97
59
118
55
73
45
66
32
96
56
84
21
131
84
96
80
105
29
93
27
89
88
84
63
80
57
101
54
64
33
90
76
89
86
121
45
108
53
119
37
64
58
100
20
113
60
50
62
138
21
100
63
123
61
80
53
75
42
107
68
97
35
8
100
113
98
124
49
114
49
112
112
109
89
107
85
130
84
95
65
123
110
124
122
20
83
9
93
22
79
107
102
7
66
22
108
99
112
139
23
103
67
128
67
87
61
84
52
118
80
110
49
23
116
130
116
4
69
135
71
135
136
134
115
134
113
20
114
126
97
17
5
20
19
57
121
48
133
63
121
11
7
52
112
69
17
9
23
140
25
106
71
133
73
94
69
93
62
129
92
123
63
38
132
7
134
23
89
16
93
18
20
19
1
21
1
49
4
17
129
50
39
55
55
94
19
87
33
104
23
54
51
97
18
116
65
58
73
141
27
109
75
138
79
101
77
102
72
140
104
136
77
53
7
24
11
42
109
37
115
41
44
44
27
48
29
78
34
48
20
83
73
90
91
131
57
126
73
4
65
97
95
1
64
22
113
107
123
142
29
112
79
1
85
108
85
111
82
9
116
7
91
68
23
41
29
61
129
58
137
64
68
69
53
75
57
107
64
79
52
116
107
125
127
26
95
23
113
45
107
140
139
46
110
69
19
14
31
143
31
115
83
6
91
115
93
120
92
20
128
20
105
83
39
58
47
80
6
79
16
87
92
94
79
102
85
136
94
110
84
6
141
17
20
63
133
62
10
86
6
40
40
91
13
116
67
63
81
144
33
118
87
11
97
122
101
129
102
31
140
33
119
98
55
75
65
99
26
100
38
110
116
119
105
129
113
21
124
141
116
39
31
52
56
100
27
101
50
127
48
83
84
136
59
19
115
112
131
145
35
121
91
16
103
129
109
138
112
42
7
46
133
113
71
92
83
118
46
121
60
133
140
144
131
11
141
50
9
27
3
72
65
87
92
137
65
140
90
23
90
126
128
36
105
66
18
16
36
146
37
124
95
21
109
136
117
1
122
53
19
59
1
128
87
109
101
137
66
142
82
10
18
23
11
38
23
79
39
58
35
105
99
122
128
28
103
33
130
64
132
23
26
81
5
113
66
65
86
147
39
127
99
26
115
143
125
10
132
64
31
72
15
143
103
126
119
9
86
16
104
33
42
48
37
65
51
108
69
89
67
138
133
10
17
65
141
72
23
105
27
66
70
126
51
13
114
114
136
148
41
130
103
31
121
2
133
19
142
75
43
85
29
10
119
143
137
28
106
37
126
56
66
73
63
92
79
137
99
120
99
23
19
45
53
102
31
111
63
146
69
109
114
23
97
60
14
15
38
149
43
133
107
36
127
9
141
28
3
86
55
98
43
25
135
11
6
47
126
58
148
79
90
98
89
119
107
17
129
2
131
56
53
80
89
139
69
1
103
38
111
3
9
68
143
107
62
64
88
150
45
136
111
41
133
16
149
37
13
97
67
111
57
40
1
28
24
66
146
79
20
102
114
123
115
146
135
46
9
33
13
89
87
115
125
26
107
40
143
79
3
46
53
113
39
4
110
113
138
151
47
139
115
46
139
23
6
46
23
108
79
124
71
55
17
45
42
85
15
100
42
125
138
148
141
22
12
75
39
64
45
122
121
150
10
63
145
79
32
120
45
89
97
7
85
51
7
11
37
152
49
142
119
51
145
30
14
55
33
119
91
137
85
70
33
62
60
104
35
121
64
148
10
21
15
49
40
104
69
95
77
3
3
33
46
100
31
118
72
9
87
132
141
52
131
98
55
60
87
153
51
145
123
56
151
37
22
64
43
130
103
150
99
85
49
79
78
123
55
142
86
18
34
46
41
76
68
133
99
126
109
36
37
68
82
137
69
4
112
50
129
22
32
97
24
145
103
109
137
154
53
148
127
61
3
44
30
73
53
141
115
9
113
100
65
96
96
142
75
9
108
41
58
71
67
103
96
8
129
3
141
69
71
103
118
20
107
43
152
91
17
65
76
142
70
38
151
4
33
155
55
151
131
66
9
51
38
82
63
152
127
22
127
115
81
113
114
6
95
30
130
64
82
96
93
130
124
37
4
34
18
102
105
138
154
57
145
82
37
132
59
108
120
32
116
85
44
53
83
156
57
154
135
71
15
58
46
91
73
7
139
35
141
130
97
130
132
25
115
51
152
87
106
121
119
1
152
66
34
65
50
135
139
17
34
94
27
121
77
17
101
151
8
77
6
132
92
102
133
157
59
157
139
76
21
65
54
100
83
18
151
48
155
145
113
147
150
44
135
72
17
110
130
146
145
28
23
95
64
96
82
11
16
52
70
131
65
3
117
58
143
37
52
122
52
22
140
151
26
158
61
2
143
81
27
72
62
109
93
29
5
61
11
2
129
6
10
63
155
93
39
133
154
13
13
55
51
124
94
127
114
44
50
87
106
10
103
42
157
99
27
80
96
9
98
69
30
42
76
159
63
5
147
86
33
79
70
118
103
40
17
74
25
17
145
23
28
82
16
114
61
156
19
38
39
82
79
153
124
158
146
77
84
122
142
47
141
81
38
140
69
123
140
54
144
116
78
91
126
160
65
8
151
91
39
86
78
127
113
51
29
87
39
32
1
40
46
101
36
135
83
19
43
63
65
109
107
22
154
29
18
110
118
157
18
84
19
120
78
21
111
6
24
99
30
3
126
140
16
161
67
11
155
96
45
93
86
136
123
62
41
100
53
47
17
57
64
120
56
156
105
42
67
88
91
136
135
51
23
60
50
143
152
31
54
121
57
159
118
62
153
49
68
144
76
50
13
28
66
162
69
14
159
101
51
100
94
145
133
73
53
113
67
62
33
74
82
139
76
15
127
65
91
113
117
1
1
80
53
91
82
14
24
66
90
158
95
36
158
103
33
92
112
27
122
97
61
77
116
163
71
17
163
106
57
107
102
154
143
84
65
126
81
77
49
91
100
158
96
36
149
88
115
138
143
28
29
109
83
122
114
47
58
101
126
32
133
75
35
144
75
135
156
72
5
144
109
126
3
164
73
20
3
111
63
114
110
163
153
95
77
139
95
92
65
108
118
13
116
57
7
111
139
163
5
55
57
138
113
153
146
80
92
136
162
69
7
114
75
21
117
14
36
117
51
27
157
11
53
165
75
23
7
116
69
121
118
7
163
106
89
152
109
107
81
125
136
32
136
78
29
134
163
23
31
82
85
2
143
19
13
113
126
6
33
106
45
153
115
62
159
57
80
162
97
74
40
60
103
166
77
26
11
121
75
128
126
16
7
117
101
165
123
122
97
142
154
51
156
99
51
157
21
48
57
109
113
31
7
50
45
146
160
41
69
143
83
26
155
103
35
100
124
41
143
121
88
109
153
167
79
29
15
126
81
135
134
25
17
128
113
11
137
137
113
159
5
70
9
120
73
13
45
73
83
136
141
60
37
81
77
12
27
76
105
13
121
65
28
144
77
143
1
86
22
1
136
158
36
168
81
32
19
131
87
142
142
34
27
139
125
24
151
152
129
8
23
89
29
141
95
36
69
98
109
163
1
89
67
112
109
45
61
111
141
50
159
104
68
17
119
18
45
131
68
48
16
39
86
169
83
35
23
136
93
149
150
43
37
150
137
37
165
167
145
25
41
108
49
162
117
59
93
123
135
21
29
118
97
143
141
78
95
146
8
87
28
143
108
58
161
61
89
7
114
95
64
88
136
170
85
38
27
141
99
156
158
52
47
161
149
50
9
12
161
42
59
127
69
13
139
82
117
148
161
48
57
147
127
4
3
111
129
11
44
124
66
12
148
99
33
104
133
52
160
142
112
137
16
171
87
41
31
146
105
163
166
61
57
1
161
63
23
27
6
59
77
146
89
34
161
105
141
2
16
75
85
5
157
35
35
144
163
46
80
161
104
51
17
140
75
147
6
97
35
18
160
15
66
172
89
44
35
151
111
170
2
70
67
12
1
76
37
42
22
76
95
165
109
55
11
128
165
27
42
102
113
34
15
66
67
5
25
81
116
26
142
90
57
9
117
18
50
142
81
65
36
64
116
173
91
47
39
156
117
4
10
79
77
23
13
89
51
57
38
93
113
11
129
76
33
151
16
52
68
129
141
63
45
97
99
38
59
116
152
63
7
129
97
50
159
61
94
14
127
112
84
113
166
174
93
50
43
161
123
11
18
88
87
34
25
102
65
72
54
110
131
30
149
97
55
174
40
77
94
156
169
92
75
128
131
71
93
151
14
100
45
168
137
91
27
104
138
59
173
159
132
162
42
175
95
53
47
166
129
18
26
97
97
45
37
115
79
87
70
127
149
49
169
118
77
22
64
102
120
8
22
121
105
159
163
104
127
11
50
137
83
32
2
132
69
147
7
104
44
31
5
36
92
176
97
56
51
171
135
25
34
106
107
56
49
128
93
102
86
144
167
68
13
139
99
45
88
127
146
35
50
150
135
14
19
137
161
46
86
174
121
71
42
173
111
14
51
149
90
78
53
85
142
177
99
59
55
176
141
32
42
115
117
67
61
141
107
117
102
161
8
87
33
160
121
68
112
152
172
62
78
2
165
45
51
170
18
81
122
34
159
110
82
37
153
57
95
17
136
125
101
134
15
178
101
62
59
3
147
39
50
124
127
78
73
154
121
132
118
178
26
106
53
3
143
91
136
177
20
89
106
31
17
76
83
25
52
116
158
71
19
149
122
78
17
100
139
62
4
172
149
5
65
179
103
65
63
8
153
46
58
133
137
89
85
167
135
147
134
16
44
125
73
24
165
114
160
23
46
116
134
60
47
107
115
58
86
151
15
108
57
9
162
119
59
143
4
107
50
40
18
54
115
180
105
68
67
13
159
53
66
142
147
100
97
180
149
162
150
33
62
144
93
45
7
137
4
48
72
143
162
89
77
138
147
91
120
6
51
145
95
48
22
160
101
6
48
152
96
87
66
103
165
181
107
71
71
18
165
60
74
151
157
111
109
12
163
177
166
50
80
163
113
66
29
160
28
73
98
170
9
118
107
169
179
124
154
41
87
1
133
87
62
20
143
49
92
16
142
134
114
152
34
182
109
74
75
23
171
67
82
160
167
122
121
25
177
10
182
67
98
182
133
87
51
1
52
98
124
15
37
147
137
18
29
157
6
76
123
38
171
126
102
61
3
92
136
61
6
181
162
19
84
183
111
77
79
28
177
74
90
169
177
133
133
38
8
25
15
84
116
18
153
108
73
24
76
123
150
42
65
176
167
49
61
7
40
111
159
75
26
165
142
102
45
135
180
106
52
45
27
68
134
184
113
80
83
33
183
81
98
178
3
144
145
51
22
40
31
101
134
37
173
129
95
47
100
148
176
69
93
21
13
80
93
40
74
146
11
112
64
20
182
143
87
178
40
151
98
92
75
117
184
185
115
83
87
38
4
88
106
2
13
155
157
64
36
55
47
118
152
56
8
150
117
70
124
173
17
96
121
50
43
111
125
73
108
181
47
149
102
59
37
184
129
36
84
11
144
139
123
166
49
186
117
86
91
43
10
95
114
11
23
166
169
77
50
70
63
135
170
75
28
171
139
93
148
12
43
123
149
79
73
142
157
106
142
30
83
186
140
98
77
39
171
79
128
56
4
186
171
29
99
187
119
89
95
48
16
102
122
20
33
177
181
90
64
85
79
152
1
94
48
5
161
116
172
37
69
150
177
108
103
173
2
139
176
65
119
36
178
137
117
80
26
122
172
101
50
46
32
78
149
188
121
92
99
53
22
109
130
29
43
188
5
103
78
100
95
169
19
113
68
26
183
139
8
62
95
177
17
137
133
16
34
172
22
100
155
73
28
176
157
121
68
165
28
146
96
93
80
127
11
189
123
95
103
58
28
116
138
38
53
10
17
116
92
115
111
186
37
132
88
47
16
162
32
87
121
15
45
166
163
47
66
16
56
135
2
110
66
26
8
162
110
19
72
2
142
140
128
176
61
190
125
98
107
63
34
123
146
47
63
21
29
129
106
130
127
13
55
151
108
68
38
185
56
112
147
42
73
5
3
78
98
49
90
170
38
147
104
65
48
13
152
62
116
47
188
187
176
35
111
191
127
101
111
68
40
130
154
56
73
32
41
142
120
145
143
30
73
170
128
89
60
17
80
137
173
69
101
34
33
109
130
82
124
14
74
184
142
104
88
54
3
105
160
92
43
43
33
84
161
192
129
104
115
73
46
137
162
65
83
43
53
155
134
160
159
47
91
189
148
110
82
40
104
162
7
96
129
63
63
140
162
115
158
49
110
29
180
143
128
95
45
148
12
137
89
90
81
133
19
193
131
107
119
78
52
144
170
74
93
54
65
168
148
175
175
64
109
15
168
131
104
63
128
187
33
123
157
92
93
171
1
148
192
84
146
66
25
182
168
136
87
191
56
182
135
137
129
182
69
194
133
110
123
83
58
151
178
83
103
65
77
181
162
190
191
81
127
34
188
152
126
86
152
18
59
150
185
121
123
8
33
181
32
119
182
103
63
27
14
177
129
40
100
33
181
184
177
37
119
195
135
113
127
88
64
158
186
92
113
76
89
194
176
10
12
98
145
53
13
173
148
109
176
43
85
177
18
150
153
39
65
19
66
154
23
140
101
66
54
23
171
83
144
78
32
36
30
86
169
196
137
116
131
93
70
165
194
101
123
87
101
11
190
25
28
115
163
72
33
194
170
132
4
68
111
8
46
179
183
70
97
52
100
189
59
177
139
105
94
64
17
126
188
123
78
83
78
135
23
197
139
119
135
98
76
172
5
110
133
98
113
24
7
40
44
132
181
91
53
18
192
155
28
93
137
35
74
11
16
101
129
85
134
27
95
17
177
144
134
105
59
169
35
168
124
130
126
184
73
198
141
122
139
103
82
179
13
119
143
109
125
37
21
55
60
149
1
110
73
39
16
178
52
118
163
62
102
40
46
132
161
118
168
62
131
54
17
183
174
146
101
14
79
15
170
177
174
35
123
199
143
125
143
108
88
186
21
128
153
120
137
50
35
70
76
166
19
129
93
60
38
2
76
143
189
89
130
69
76
163
193
151
3
97
167
91
55
23
15
187
143
57
123
60
17
25
23
84
173
200
145
128
147
113
94
193
29
137
163
131
149
63
49
85
92
183
37
148
113
81
60
25
100
168
15
116
158
98
106
194
25
184
37
132
3
128
93
62
55
28
185
100
167
105
63
72
71
133
23
201
147
131
151
118
100
200
37
146
173
142
161
76
63
100
108
200
55
167
133
102
82
48
124
193
41
143
186
127
136
24
57
16
71
167
39
165
131
101
95
69
26
143
10
150
109
119
119
182
73
202
149
134
155
123
106
5
45
155
183
153
173
89
77
115
124
15
73
186
153
123
104
71
148
16
67
170
12
156
166
55
89
49
105
202
75
202
169
140
135
110
68
186
54
195
155
166
167
29
123
203
151
137
159
128
112
12
53
164
193
164
185
102
91
130
140
32
91
2
173
144
126
94
172
41
93
197
40
185
196
86
121
82
139
34
111
36
4
179
175
151
110
26
98
37
201
10
12
78
173
204
153
140
163
133
118
19
61
173
203
175
197
115
105
145
156
49
109
21
193
165
148
117
196
66
119
20
68
10
22
117
153
115
173
69
147
73
42
14
11
192
152
69
142
82
43
57
60
127
19
205
155
143
167
138
124
26
69
182
8
186
4
128
119
160
172
66
127
40
8
186
170
140
15
91
145
47
96
39
52
148
185
148
2
104
183
110
80
53
51
28
194
112
186
127
89
104
108
176
69
206
157
146
171
143
130
33
77
191
18
197
16
141
133
175
188
83
145
59
28
1
192
163
39
116
171
74
124
68
82
179
11
181
36
139
13
147
118
92
91
69
30
155
24
172
135
151
156
19
119
207
159
149
175
148
136
40
85
200
28
1
28
154
147
190
204
100
163
78
48
22
7
186
63
141
197
101
152
97
112
3
43
7
70
174
49
184
156
131
131
110
72
198
68
10
181
198
204
68
169
208
161
152
179
153
142
47
93
1
38
12
40
167
161
205
12
117
181
97
68
43
29
1
87
166
15
128
180
126
142
34
75
40
104
1
85
13
194
170
171
151
114
33
112
55
19
37
44
117
11
209
163
155
183
158
148
54
101
10
48
23
52
180
175
11
28
134
199
116
88
64
51
24
111
191
41
155
208
155
172
65
107
73
138
36
121
50
23
209
2
192
156
76
156
100
65
84
92
166
61
210
165
158
187
163
154
61
109
19
58
34
64
193
189
26
44
151
7
135
108
85
73
47
135
6
67
182
26
184
202
96
139
106
172
71
157
87
61
38
42
23
198
119
200
145
111
131
140
5
111
211
167
161
191
168
160
68
117
28
68
45
76
206
203
41
60
168
25
154
128
106
95
70
159
31
93
209
54
2
21
127
171
139
206
106
193
124
99
77
82
64
29
162
33
190
157
178
188
54
161
212
169
164
195
173
166
75
125
37
78
56
88
7
5
56
76
185
43
173
148
127
117
93
183
56
119
24
82
31
51
158
203
172
28
141
17
161
137
116
122
105
71
205
77
23
203
13
24
103
211
213
171
167
199
178
172
82
133
46
88
67
100
20
19
71
92
202
61
192
168
148
139
116
207
81
145
51
110
60
81
189
22
205
62
176
53
198
175
155
162
146
113
35
121
68
36
60
72
152
48
214
173
170
203
183
178
89
141
55
98
78
112
33
33
86
108
5
79
211
188
169
161
139
17
106
171
78
138
89
111
6
54
24
96
211
89
21
213
194
202
187
155
78
165
113
82
107
120
201
98
215
175
173
207
188
184
96
149
64
108
89
124
46
47
101
124
22
97
15
208
190
183
162
41
131
197
105
166
118
141
37
86
57
130
31
125
58
36
18
27
13
197
121
209
158
128
154
168
35
148
216
177
176
211
193
190
103
157
73
118
100
136
59
61
116
140
39
115
34
12
211
205
185
65
156
7
132
194
147
171
68
118
90
164
66
161
95
74
57
67
54
23
164
37
203
174
201
216
84
198
217
179
179
215
198
196
110
165
82
128
111
148
72
75
131
156
56
133
53
32
15
10
208
89
181
33
159
5
176
201
99
150
123
198
101
197
132
112
96
107
95
65
207
81
31
3
31
47
133
31
218
181
182
1
203
202
117
173
91
138
122
160
85
89
146
172
73
151
72
52
36
32
13
113
206
59
186
33
205
13
130
182
156
14
136
15
169
150
135
147
136
107
32
125
76
49
78
95
182
81
219
183
185
5
208
208
124
181
100
148
133
172
98
103
161
188
90
169
91
72
57
54
36
137
12
85
213
61
15
43
161
214
189
48
171
51
206
188
174
187
177
149
75
169
121
95
125
143
12
131
220
185
188
9
213
214
131
189
109
158
144
184
111
117
176
204
107
187
110
92
78
76
59
161
37
111
20
89
44
73
192
26
2
82
206
87
23
6
213
7
218
191
118
213
166
141
172
191
61
181
221
187
191
13
218
220
138
197
118
168
155
196
124
131
191
220
124
205
129
112
99
98
82
185
62
137
47
117
73
103
2
58
35
116
20
123
60
44
31
47
38
12
161
36
211
187
219
18
110
10
222
189
194
17
1
4
145
205
127
178
166
208
137
145
206
14
141
1
148
132
120
120
105
209
87
163
74
145
102
133
33
90
68
150
55
159
97
82
70
87
79
54
204
80
34
11
44
66
159
60
223
191
197
21
6
10
152
213
136
188
177
220
150
159
221
30
158
19
167
152
141
142
128
10
112
189
101
173
131
163
64
122
101
184
90
195
134
120
109
127
120
96
24
124
79
57
91
114
208
110
224
193
200
25
11
16
159
221
145
198
188
8
163
173
12
46
175
37
186
172
162
164
151
34
137
215
128
201
160
193
95
154
134
218
125
7
171
158
148
167
161
138
67
168
124
103
138
162
33
160
225
195
203
29
16
22
166
4
154
208
199
20
176
187
27
62
192
55
205
192
183
186
174
58
162
16
155
4
189
223
126
186
167
27
160
43
208
196
187
207
202
180
110
212
169
149
185
210
82
210
226
197
206
33
21
28
173
12
163
218
210
32
189
201
42
78
209
73
224
212
204
208
197
82
187
42
182
32
218
27
157
218
200
61
195
79
19
8
226
21
17
222
153
30
214
195
6
32
131
34
227
199
209
37
26
34
180
20
172
1
221
44
202
215
57
94
226
91
16
5
225
3
220
106
212
68
209
60
20
57
188
23
6
95
3
115
56
46
38
61
58
37
196
74
32
14
53
80
180
84
228
201
212
41
31
40
187
28
181
11
4
56
215
1
72
110
15
109
35
25
18
25
15
130
9
94
8
88
49
87
219
55
39
129
38
151
93
84
77
101
99
79
11
118
77
60
100
128
1
134
229
203
215
45
36
46
194
36
190
21
15
68
228
15
87
126
32
127
54
45
39
47
38
154
34
120
35
116
78
117
21
87
72
163
73
187
130
122
116
141
140
121
54
162
122
106
147
176
50
184
230
205
218
49
41
52
201
44
199
31
26
80
11
29
102
142
49
145
73
65
60
69
61
178
59
146
62
144
107
147
52
119
105
197
108
223
167
160
155
181
181
163
97
206
167
152
194
224
99
4
231
207
221
53
46
58
208
52
208
41
37
92
24
43
117
158
66
163
92
85
81
91
84
202
84
172
89
172
136
177
83
151
138
231
143
28
204
198
194
221
222
205
140
19
212
198
10
41
148
54
232
209
224
57
51
64
215
60
217
51
48
104
37
57
132
174
83
181
111
105
102
113
107
226
109
198
116
200
165
207
114
183
171
33
178
64
9
4
1
29
31
15
183
63
25
12
57
89
197
104
233
211
227
61
56
70
222
68
226
61
59
116
50
71
147
190
100
199
130
125
123
135
130
17
134
224
143
228
194
4
145
215
204
67
213
100
46
42
40
69
72
57
226
107
70
58
104
137
13
154
234
213
230
65
61
76
229
76
1
71
70
128
63
85
162
206
117
217
149
145
144
157
153
41
159
16
170
22
223
34
176
13
3
101
14
136
83
80
79
109
113
99
35
151
115
104
151
185
62
204
235
215
233
69
66
82
1
84
10
81
81
140
76
99
177
222
134
235
168
165
165
179
176
65
184
42
197
50
17
64
207
45
36
135
49
172
120
118
118
149
154
141
78
195
160
150
198
233
111
19
236
217
236
73
71
88
8
92
19
91
92
152
89
113
192
2
151
17
187
185
186
201
199
89
209
68
224
78
46
94
2
77
69
169
84
208
157
156
157
189
195
183
121
3
205
196
9
45
160
69
237
219
2
77
76
94
15
100
28
101
103
164
102
127
207
18
168
35
206
205
207
223
222
113
234
94
14
106
75
124
33
109
102
203
119
7
194
194
196
229
236
225
164
47
13
5
56
93
209
119
238
221
5
81
81
100
22
108
37
111
114
176
115
141
222
34
185
53
225
225
228
7
7
137
21
120
41
134
104
154
64
141
135
237
154
43
231
232
235
31
39
29
207
91
58
51
103
141
20
169
239
223
8
85
86
106
29
116
46
121
125
188
128
155
237
50
202
71
5
6
10
29
30
161
46
146
68
162
133
184
95
173
168
32
189
79
29
31
35
71
80
71
11
135
103
97
150
189
69
219
240
225
11
89
91
112
36
124
55
131
136
200
141
169
12
66
219
89
24
26
31
51
53
185
71
172
95
190
162
214
126
205
201
66
224
115
66
69
74
111
121
113
54
179
148
143
197
237
118
29
241
227
14
93
96
118
43
132
64
141
147
212
154
183
27
82
236
107
43
46
52
73
76
209
96
198
122
218
191
3
157
237
234
100
18
151
103
107
113
151
162
155
97
223
193
189
3
44
167
79
242
229
17
97
101
124
50
140
73
151
158
224
167
197
42
98
11
125
62
66
73
95
99
233
121
224
149
4
220
33
188
27
25
134
53
187
140
145
152
191
203
197
140
25
238
235
50
92
216
129
243
231
20
101
106
130
57
148
82
161
169
236
180
211
57
114
28
143
81
86
94
117
122
14
146
7
176
32
6
63
219
59
58
168
88
223
177
183
191
231
1
239
183
69
40
38
97
140
22
179
244
233
23
105
111
136
64
156
91
171
180
4
193
225
72
130
45
161
100
106
115
139
145
38
171
33
203
60
35
93
6
91
91
202
123
15
214
221
230
27
42
37
226
113
85
84
144
188
71
229
245
235
26
109
116
142
71
164
100
181
191
16
206
239
87
146
62
179
119
126
136
161
168
62
196
59
230
88
64
123
37
123
124
236
158
51
6
14
24
67
83
79
24
157
130
130
191
236
120
34
246
237
29
113
121
148
78
172
109
191
202
28
219
7
102
162
79
197
138
146
157
183
191
86
221
85
11
116
93
153
68
155
157
24
193
87
43
52
63
107
124
121
67
201
175
176
238
38
169
84
247
239
32
117
126
154
85
180
118
201
213
40
232
21
117
178
96
215
157
166
178
205
214
110
246
111
38
144
122
183
99
187
190
58
228
123
80
90
102
147
165
163
110
245
220
222
38
86
218
134
248
241
35
121
131
160
92
188
127
211
224
52
245
35
132
194
113
233
176
186
199
227
237
134
23
137
65
172
151
213
130
219
223
92
15
159
117
128
141
187
206
205
153
41
17
20
85
134
19
184
249
243
38
125
136
166
99
196
136
221
235
64
9
49
147
210
130
2
195
206
220
249
11
158
48
163
92
200
180
243
161
2
7
126
50
195
154
166
180
227
247
247
196
85
62
66
132
182
68
234
250
245
41
129
141
172
106
204
145
231
246
76
22
63
162
226
147
20
214
226
241
21
34
182
73
189
119
228
209
23
192
34
40
160
85
231
191
204
219
17
38
39
239
129
107
112
179
230
117
34
251
247
44
133
146
178
113
212
154
241
6
88
35
77
177
242
164
38
233
246
11
43
57
206
98
215
146
5
238
53
223
66
73
194
120
16
228
242
7
57
79
81
31
173
152
158
226
27
166
84
252
249
47
137
151
184
120
220
163
251
17
100
48
91
192
6
181
56
252
14
32
65
80
230
123
241
173
33
15
83
2
98
106
228
155
52
13
28
46
97
120
123
74
217
197
204
21
75
215
134
253
251
50
141
156
190
127
228
172
8
28
112
61
105
207
22
198
74
18
34
53
87
103
1
148
14
200
61
44
113
33
130
139
9
190
88
50
66
85
137
161
165
117
8
242
250
68
123
11
184
254
253
53
145
161
196
134
236
181
18
39
124
74
119
222
38
215
92
37
54
74
109
126
25
173
40
227
89
73
143
64
162
172
43
225
124
87
104
124
177
202
207
160
52
33
42
115
171
60
234
255
255
56
149
166
202
141
244
190
28
50
136
87
133
237
54
232
110
56
74
95
131
149
49
198
66
254
117
102
173
95
194
205
77
5
160
124
142
163
217
243
249
203
96
78
88
162
219
109
29
256
1
59
153
171
208
148
252
199
38
61
148
100
147
252
70
249
128
75
94
116
153
172
73
223
92
25
145
131
203
126
226
238
111
40
196
161
180
202
1
28
35
246
140
123
134
209
11
158
79
257
3
62
157
176
214
155
3
208
48
72
160
113
161
10
86
9
146
94
114
137
175
195
97
248
118
52
173
160
233
157
1
14
145
75
232
198
218
241
41
69
77
32
184
168
180
256
59
207
129
258
5
65
161
181
220
162
11
217
58
83
172
126
175
25
102
26
164
113
134
158
197
218
121
15
144
79
201
189
5
188
33
47
179
110
10
235
256
22
81
110
119
75
228
213
226
45
107
256
179
259
7
68
165
186
226
169
19
226
68
94
184
139
189
40
118
43
182
132
154
179
219
241
145
40
170
106
229
218
35
219
65
80
213
145
46
13
35
61
121
151
161
118
13
258
13
92
155
46
229
260
9
71
169
191
232
176
27
235
78
105
196
152
203
55
134
60
200
151
174
200
241
4
169
65
196
133
257
247
65
250
97
113
247
180
82
50
73
100
161
192
203
161
57
43
59
139
203
95
19
261
11
74
173
196
238
183
35
244
88
116
208
165
217
70
150
77
218
170
194
221
2
27
193
90
222
160
24
15
95
20
129
146
20
215
118
87
111
139
201
233
245
204
101
88
105
186
251
144
69
262
13
77
177
201
244
190
43
253
98
127
220
178
231
85
166
94
236
189
214
242
24
50
217
115
248
187
52
44
125
51
161
179
54
250
154
124
149
178
241
12
25
247
145
133
151
233
37
193
119
263
15
80
181
206
250
197
51
262
108
138
232
191
245
100
182
111
254
208
234
263
46
73
241
140
11
214
80
73
155
82
193
212
88
22
190
161
187
217
18
53
67
27
189
178
197
17
85
242
169
264
17
83
185
211
256
204
59
7
118
149
244
204
259
115
198
128
8
227
254
20
68
96
1
165
37
241
108
102
185
113
225
245
122
57
226
198
225
256
58
94
109
70
233
223
243
64
133
27
219
265
19
86
189
216
262
211
67
16
128
160
256
217
8
130
214
145
26
246
9
41
90
119
25
190
63
3
136
131
215
144
257
13
156
92
262
235
263
30
98
135
151
113
12
3
24
111
181
76
4
266
21
89
193
221
2
218
75
25
138
171
2
230
22
145
230
162
44
265
29
62
112
142
49
215
89
30
164
160
245
175
23
46
190
127
32
6
35
69
138
176
193
156
56
48
70
158
229
125
54
267
23
92
197
226
8
225
83
34
148
182
14
243
36
160
246
179
62
17
49
83
134
165
73
240
115
57
192
189
8
206
55
79
224
162
68
43
73
108
178
217
235
199
100
93
116
205
10
174
104
268
25
95
201
231
14
232
91
43
158
193
26
256
50
175
262
196
80
36
69
104
156
188
97
265
141
84
220
218
38
237
87
112
258
197
104
80
111
147
218
258
9
242
144
138
162
252
58
223
154
269
27
98
205
236
20
239
99
52
168
204
38
269
64
190
9
213
98
55
89
125
178
211
121
21
167
111
248
247
68
268
119
145
23
232
140
117
149
186
258
30
51
16
188
183
208
30
106
3
204
270
29
101
209
241
26
246
107
61
178
215
50
12
78
205
25
230
116
74
109
146
200
234
145
46
193
138
6
6
98
29
151
178
57
267
176
154
187
225
28
71
93
59
232
228
254
77
154
52
254
271
31
104
213
246
32
253
115
70
188
226
62
25
92
220
41
247
134
93
129
167
222
257
169
71
219
165
34
35
128
60
183
211
91
31
212
191
225
264
68
112
135
102
5
2
29
124
202
101
33
272
33
107
217
251
38
260
123
79
198
237
74
38
106
235
57
264
152
112
149
188
244
8
193
96
245
192
62
64
158
91
215
244
125
66
248
228
263
31
108
153
177
145
49
47
75
171
250
150
83
273
35
110
221
256
44
267
131
88
208
248
86
51
120
250
73
8
170
131
169
209
266
31
217
121
271
219
90
93
188
122
247
4
159
101
11
265
28
70
148
194
219
188
93
92
121
218
25
199
133
274
37
113
225
261
50
274
139
97
218
259
98
64
134
265
89
25
188
150
189
230
14
54
241
146
23
246
118
122
218
153
5
37
193
136
47
28
66
109
188
235
261
231
137
137
167
265
73
248
183
275
39
116
229
266
56
6
147
106
228
270
110
77
148
5
105
42
206
169
209
251
36
77
265
171
49
273
146
151
248
184
37
70
227
171
83
65
104
148
228
1
28
274
181
182
213
37
121
22
233
276
41
119
233
271
62
13
155
115
238
5
122
90
162
20
121
59
224
188
229
272
58
100
13
196
75
24
174
180
2
215
69
103
261
206
119
102
142
187
268
42
70
41
225
227
259
84
169
71
7
277
43
122
237
276
68
20
163
124
248
16
134
103
176
35
137
76
242
207
249
16
80
123
37
221
101
51
202
209
32
246
101
136
18
241
155
139
180
226
31
83
112
84
269
272
28
131
217
120
57
278
45
125
241
3
74
27
171
133
258
27
146
116
190
50
153
93
260
226
269
37
102
146
61
246
127
78
230
238
62
277
133
169
52
276
191
176
218
265
71
124
154
127
35
39
74
178
265
169
107
279
47
128
245
8
80
34
179
142
268
38
158
129
204
65
169
110
278
245
10
58
124
169
85
271
153
105
258
267
92
29
165
202
86
32
227
213
256
25
111
165
196
170
79
84
120
225
34
218
157
280
49
131
249
13
86
41
187
151
278
49
170
142
218
80
185
127
16
264
30
79
146
192
109
16
179
132
6
16
122
60
197
235
120
67
263
250
14
64
151
206
238
213
123
129
166
272
82
267
207
281
51
134
253
18
92
48
195
160
7
60
182
155
232
95
201
144
34
2
50
100
168
215
133
41
205
159
34
45
152
91
229
268
154
102
18
6
52
103
191
247
280
256
167
174
212
38
130
35
257
282
53
137
257
23
98
55
203
169
17
71
194
168
246
110
217
161
52
21
70
121
190
238
157
66
231
186
62
74
182
122
261
19
188
137
54
43
90
142
231
6
40
17
211
219
258
85
178
84
25
283
55
140
261
28
104
62
211
178
27
82
206
181
260
125
233
178
70
40
90
142
212
261
181
91
257
213
90
103
212
153
10
52
222
172
90
80
128
181
271
47
82
60
255
264
21
132
226
133
75
284
57
143
265
33
110
69
219
187
37
93
218
194
274
140
249
195
88
59
110
163
234
284
205
116
283
240
118
132
242
184
42
85
256
207
126
117
166
220
27
88
124
103
15
25
67
179
274
182
125
285
59
146
269
38
116
76
227
196
47
104
230
207
3
155
265
212
106
78
130
184
256
22
229
141
24
267
146
161
272
215
74
118
5
242
162
154
204
259
67
129
166
146
59
70
113
226
37
231
175
286
61
149
273
43
122
83
235
205
57
115
242
220
17
170
281
229
124
97
150
205
278
45
253
166
50
8
174
190
16
246
106
151
39
277
198
191
242
12
107
170
208
189
103
115
159
273
85
280
225
287
63
152
277
48
128
90
243
214
67
126
254
233
31
185
10
246
142
116
170
226
13
68
277
191
76
35
202
219
46
277
138
184
73
25
234
228
280
51
147
211
250
232
147
160
205
33
133
42
275
288
65
155
281
53
134
97
251
223
77
137
266
246
45
200
26
263
160
135
190
247
35
91
13
216
102
62
230
248
76
20
170
217
107
60
270
265
30
90
187
252
4
275
191
205
251
80
181
91
37
289
67
158
285
58
140
104
259
232
87
148
278
259
59
215
42
280
178
154
210
268
57
114
37
241
128
89
258
277
106
51
202
250
141
95
17
13
68
129
227
4
46
29
235
250
8
127
229
140
87
290
69
161
289
63
146
111
267
241
97
159
290
272
73
230
58
7
196
173
230
289
79
137
61
266
154
116
286
16
136
82
234
283
175
130
53
50
106
168
267
45
88
72
279
5
54
174
277
189
137
291
71
164
2
68
152
118
275
250
107
170
11
285
87
245
74
24
214
192
250
19
101
160
85
291
180
143
23
45
166
113
266
25
209
165
89
87
144
207
16
86
130
115
32
50
100
221
34
238
187
292
73
167
6
73
158
125
283
259
117
181
23
6
101
260
90
41
232
211
270
40
123
183
109
24
206
170
51
74
196
144
6
58
243
200
125
124
182
246
56
127
172
158
76
95
146
268
82
287
237
293
75
170
10
78
164
132
291
268
127
192
35
19
115
275
106
58
250
230
290
61
145
206
133
49
232
197
79
103
226
175
38
91
277
235
161
161
220
285
96
168
214
201
120
140
192
22
130
43
287
294
77
173
14
83
170
139
5
277
137
203
47
32
129
290
122
75
268
249
16
82
167
229
157
74
258
224
107
132
256
206
70
124
17
270
197
198
258
30
136
209
256
244
164
185
238
69
178
92
43
295
79
176
18
88
176
146
13
286
147
214
59
45
143
10
138
92
286
268
36
103
189
252
181
99
284
251
135
161
286
237
102
157
51
10
233
235
1
69
176
250
3
287
208
230
284
116
226
141
93
296
81
179
22
93
182
153
21
295
157
225
71
58
157
25
154
109
8
287
56
124
211
275
205
124
14
278
163
190
20
268
134
190
85
45
269
272
39
108
216
291
45
34
252
275
34
163
274
190
143
297
83
182
26
98
188
160
29
7
167
236
83
71
171
40
170
126
26
9
76
145
233
1
229
149
40
8
191
219
50
2
166
223
119
80
8
12
77
147
256
35
87
77
296
23
80
210
25
239
193
298
85
185
30
103
194
167
37
16
177
247
95
84
185
55
186
143
44
28
96
166
255
24
253
174
66
35
219
248
80
33
198
256
153
115
44
49
115
186
296
76
129
120
42
68
126
257
73
288
243
299
87
188
34
108
200
174
45
25
187
258
107
97
199
70
202
160
62
47
116
187
277
47
277
199
92
62
247
277
110
64
230
289
187
150
80
86
153
225
37
117
171
163
86
113
172
5
121
38
293
300
89
191
38
113
206
181
53
34
197
269
119
110
213
85
218
177
80
66
136
208
299
70
1
224
118
89
275
6
140
95
262
22
221
185
116
123
191
264
77
158
213
206
130
158
218
52
169
87
43
301
91
194
42
118
212
188
61
43
207
280
131
123
227
100
234
194
98
85
156
229
20
93
25
249
144
116
2
35
170
126
294
55
255
220
152
160
229
2
117
199
255
249
174
203
264
99
217
136
93
302
93
197
46
123
218
195
69
52
217
291
143
136
241
115
250
211
116
104
176
250
42
116
49
274
170
143
30
64
200
157
24
88
289
255
188
197
267
41
157
240
297
292
218
248
8
146
265
185
143
303
95
200
50
128
224
202
77
61
227
302
155
149
255
130
266
228
134
123
196
271
64
139
73
299
196
170
58
93
230
188
56
121
20
290
224
234
2
80
197
281
36
32
262
293
54
193
10
234
193
304
97
203
54
133
230
209
85
70
237
9
167
162
269
145
282
245
152
142
216
292
86
162
97
20
222
197
86
122
260
219
88
154
54
21
260
271
40
119
237
18
78
75
2
34
100
240
58
283
243
305
99
206
58
138
236
216
93
79
247
20
179
175
283
160
298
262
170
161
236
8
108
185
121
45
248
224
114
151
290
250
120
187
88
56
296
3
78
158
277
59
120
118
46
79
146
287
106
27
293
306
101
209
62
143
242
223
101
88
257
31
191
188
297
175
8
279
188
180
256
29
130
208
145
70
274
251
142
180
14
281
152
220
122
91
26
40
116
197
11
100
162
161
90
124
192
28
154
76
37
307
103
212
66
148
248
230
109
97
267
42
203
201
4
190
24
296
206
199
276
50
152
231
169
95
300
278
170
209
44
5
184
253
156
126
62
77
154
236
51
141
204
204
134
169
238
75
202
125
87
308
105
215
70
153
254
237
117
106
277
53
215
214
18
205
40
5
224
218
296
71
174
254
193
120
18
305
198
238
74
36
216
286
190
161
98
114
192
275
91
182
246
247
178
214
284
122
250
174
137
309
107
218
74
158
260
244
125
115
287
64
227
227
32
220
56
22
242
237
7
92
196
277
217
145
44
23
226
267
104
67
248
10
224
196
134
151
230
5
131
223
288
290
222
259
21
169
298
223
187
310
109
221
78
163
266
251
133
124
297
75
239
240
46
235
72
39
260
256
27
113
218
300
241
170
70
50
254
296
134
98
280
43
258
231
170
188
268
44
171
264
20
23
266
304
67
216
36
272
237
311
111
224
82
168
272
258
141
133
307
86
251
253
60
250
88
56
278
275
47
134
240
12
265
195
96
77
282
14
164
129
1
76
292
266
206
225
306
83
211
305
62
66
310
38
113
263
84
10
287
312
113
227
86
173
278
265
149
142
5
97
263
266
74
265
104
73
296
294
67
155
262
35
289
220
122
104
310
43
194
160
33
109
14
301
242
262
32
122
251
34
104
109
42
83
159
310
132
59
25
313
115
230
90
178
284
272
157
151
15
108
275
279
88
280
120
90
1
313
87
176
284
58
313
245
148
131
25
72
224
191
65
142
48
23
278
299
70
161
291
75
146
152
86
128
205
44
180
108
75
314
117
233
94
183
290
279
165
160
25
119
287
292
102
295
136
107
19
18
107
197
306
81
23
270
174
158
53
101
254
222
97
175
82
58
314
22
108
200
17
116
188
195
130
173
251
91
228
157
125
315
119
236
98
188
296
286
173
169
35
130
299
305
116
310
152
124
37
37
127
218
13
104
47
295
200
185
81
130
284
253
129
208
116
93
35
59
146
239
57
157
230
238
174
218
297
138
276
206
175
316
121
239
102
193
302
293
181
178
45
141
311
2
130
9
168
141
55
56
147
239
35
127
71
4
226
212
109
159
314
284
161
241
150
128
71
96
184
278
97
198
272
281
218
263
27
185
8
255
225
317
123
242
106
198
308
300
189
187
55
152
6
15
144
24
184
158
73
75
167
260
57
150
95
29
252
239
137
188
27
315
193
274
184
163
107
133
222
317
137
239
314
7
262
308
73
232
56
304
275
318
125
245
110
203
314
307
197
196
65
163
18
28
158
39
200
175
91
94
187
281
79
173
119
54
278
266
165
217
57
28
225
307
218
198
143
170
260
38
177
280
38
50
306
35
119
279
104
35
7
319
127
248
114
208
1
314
205
205
75
174
30
41
172
54
216
192
109
113
207
302
101
196
143
79
304
293
193
246
87
59
257
21
252
233
179
207
298
77
217
2
80
93
31
80
165
7
152
84
57
320
129
251
118
213
7
1
213
214
85
185
42
54
186
69
232
209
127
132
227
3
123
219
167
104
10
320
221
275
117
90
289
54
286
268
215
244
16
116
257
43
122
136
75
125
211
54
200
133
107
321
131
254
122
218
13
8
221
223
95
196
54
67
200
84
248
226
145
151
247
24
145
242
191
129
36
26
249
304
147
121
321
87
320
303
251
281
54
155
297
84
164
179
119
170
257
101
248
182
157
322
133
257
126
223
19
15
229
232
105
207
66
80
214
99
264
243
163
170
267
45
167
265
215
154
62
53
277
11
177
152
31
120
32
16
287
318
92
194
15
125
206
222
163
215
303
148
296
231
207
323
135
260
130
228
25
22
237
241
115
218
78
93
228
114
280
260
181
189
287
66
189
288
239
179
88
80
305
40
207
183
63
153
66
51
323
32
130
233
55
166
248
265
207
260
26
195
21
280
257
324
137
263
134
233
31
29
245
250
125
229
90
106
242
129
296
277
199
208
307
87
211
311
263
204
114
107
9
69
237
214
95
186
100
86
35
69
168
272
95
207
290
308
251
305
72
242
69
5
307
325
139
266
138
238
37
36
253
259
135
240
102
119
256
144
312
294
217
227
2
108
233
9
287
229
140
134
37
98
267
245
127
219
134
121
71
106
206
311
135
248
7
26
295
25
118
289
117
54
32
326
141
269
142
243
43
43
261
268
145
251
114
132
270
159
2
311
235
246
22
129
255
32
311
254
166
161
65
127
297
276
159
252
168
156
107
143
244
24
175
289
49
69
13
70
164
10
165
103
82
327
143
272
146
248
49
50
269
277
155
262
126
145
284
174
18
1
253
265
42
150
277
55
8
279
192
188
93
156
327
307
191
285
202
191
143
180
282
63
215
3
91
112
57
115
210
57
213
152
132
328
145
275
150
253
55
57
277
286
165
273
138
158
298
189
34
18
271
284
62
171
299
78
32
304
218
215
121
185
29
10
223
318
236
226
179
217
320
102
255
44
133
155
101
160
256
104
261
201
182
329
147
278
154
258
61
64
285
295
175
284
150
171
312
204
50
35
289
303
82
192
321
101
56
329
244
242
149
214
59
41
255
22
270
261
215
254
29
141
295
85
175
198
145
205
302
151
309
250
232
330
149
281
158
263
67
71
293
304
185
295
162
184
326
219
66
52
307
322
102
213
13
124
80
24
270
269
177
243
89
72
287
55
304
296
251
291
67
180
5
126
217
241
189
250
18
198
27
299
282
331
151
284
162
268
73
78
301
313
195
306
174
197
9
234
82
69
325
10
122
234
35
147
104
49
296
296
205
272
119
103
319
88
7
331
287
328
105
219
45
167
259
284
233
295
64
245
75
17
1
332
153
287
166
273
79
85
309
322
205
317
186
210
23
249
98
86
11
29
142
255
57
170
128
74
322
323
233
301
149
134
19
121
41
34
323
33
143
258
85
208
301
327
277
8
110
292
123
66
51
333
155
290
170
278
85
92
317
331
215
328
198
223
37
264
114
103
29
48
162
276
79
193
152
99
15
17
261
330
179
165
51
154
75
69
26
70
181
297
125
249
10
37
321
53
156
6
171
115
101
334
157
293
174
283
91
99
325
6
225
5
210
236
51
279
130
120
47
67
182
297
101
216
176
124
41
44
289
25
209
196
83
187
109
104
62
107
219
2
165
290
52
80
31
98
202
53
219
164
151
335
159
296
178
288
97
106
333
15
235
16
222
249
65
294
146
137
65
86
202
318
123
239
200
149
67
71
317
54
239
227
115
220
143
139
98
144
257
41
205
331
94
123
75
143
248
100
267
213
201
336
161
299
182
293
103
113
5
24
245
27
234
262
79
309
162
154
83
105
222
3
145
262
224
174
93
98
9
83
269
258
147
253
177
174
134
181
295
80
245
36
136
166
119
188
294
147
315
262
251
337
163
302
186
298
109
120
13
33
255
38
246
275
93
324
178
171
101
124
242
24
167
285
248
199
119
125
37
112
299
289
179
286
211
209
170
218
333
119
285
77
178
209
163
233
3
194
26
311
301
338
165
305
190
303
115
127
21
42
265
49
258
288
107
1
194
188
119
143
262
45
189
308
272
224
145
152
65
141
329
320
211
319
245
244
206
255
33
158
325
118
220
252
207
278
49
241
74
22
13
339
167
308
194
308
121
134
29
51
275
60
270
301
121
16
210
205
137
162
282
66
211
331
296
249
171
179
93
170
20
12
243
13
279
279
242
292
71
197
26
159
262
295
251
323
95
288
122
71
63
340
169
311
198
313
127
141
37
60
285
71
282
314
135
31
226
222
155
181
302
87
233
14
320
274
197
206
121
199
50
43
275
46
313
314
278
329
109
236
66
200
304
338
295
28
141
335
170
120
113
341
171
314
202
318
133
148
45
69
295
82
294
327
149
46
242
239
173
200
322
108
255
37
3
299
223
233
149
228
80
74
307
79
6
8
314
25
147
275
106
241
5
40
339
73
187
41
218
169
163
342
173
317
206
323
139
155
53
78
305
93
306
340
163
61
258
256
191
219
342
129
277
60
27
324
249
260
177
257
110
105
339
112
40
43
8
62
185
314
146
282
47
83
41
118
233
88
266
218
213
343
175
320
210
328
145
162
61
87
315
104
318
10
177
76
274
273
209
238
19
150
299
83
51
6
275
287
205
286
140
136
28
145
74
78
44
99
223
10
186
323
89
126
85
163
279
135
314
267
263
344
177
323
214
333
151
169
69
96
325
115
330
23
191
91
290
290
227
257
39
171
321
106
75
31
301
314
233
315
170
167
60
178
108
113
80
136
261
49
226
20
131
169
129
208
325
182
18
316
313
345
179
326
218
338
157
176
77
105
335
126
342
36
205
106
306
307
245
276
59
192
343
129
99
56
327
341
261
344
200
198
92
211
142
148
116
173
299
88
266
61
173
212
173
253
26
229
66
20
18
346
181
329
222
343
163
183
85
114
345
137
8
49
219
121
322
324
263
295
79
213
19
152
123
81
7
22
289
27
230
229
124
244
176
183
152
210
337
127
306
102
215
255
217
298
72
276
114
69
68
347
183
332
226
1
169
190
93
123
8
148
20
62
233
136
338
341
281
314
99
234
41
175
147
106
33
49
317
56
260
260
156
277
210
218
188
247
28
166
346
143
257
298
261
343
118
323
162
118
118
348
185
335
230
6
175
197
101
132
18
159
32
75
247
151
6
10
299
333
119
255
63
198
171
131
59
76
345
85
290
291
188
310
244
253
224
284
66
205
38
184
299
341
305
40
164
22
210
167
168
349
187
338
234
11
181
204
109
141
28
170
44
88
261
166
22
27
317
3
139
276
85
221
195
156
85
103
24
114
320
322
220
343
278
288
260
321
104
244
78
225
341
35
349
85
210
69
258
216
218
350
189
341
238
16
187
211
117
150
38
181
56
101
275
181
38
44
335
22
159
297
107
244
219
181
111
130
52
143
350
3
252
26
312
323
296
8
142
283
118
266
33
78
43
130
256
116
306
265
268
351
191
344
242
21
193
218
125
159
48
192
68
114
289
196
54
61
2
41
179
318
129
267
243
206
137
157
80
172
29
34
284
59
346
7
332
45
180
322
158
307
75
121
87
175
302
163
3
314
318
352
193
347
246
26
199
225
133
168
58
203
80
127
303
211
70
78
20
60
199
339
151
290
267
231
163
184
108
201
59
65
316
92
28
42
16
82
218
9
198
348
117
164
131
220
348
210
51
11
16
353
195
350
250
31
205
232
141
177
68
214
92
140
317
226
86
95
38
79
219
7
173
313
291
256
189
211
136
230
89
96
348
125
62
77
52
119
256
48
238
36
159
207
175
265
41
257
99
60
66
354
197
353
254
36
211
239
149
186
78
225
104
153
331
241
102
112
56
98
239
28
195
336
315
281
215
238
164
259
119
127
26
158
96
112
88
156
294
87
278
77
201
250
219
310
87
304
147
109
116
355
199
1
258
41
217
246
157
195
88
236
116
166
345
256
118
129
74
117
259
49
217
4
339
306
241
265
192
288
149
158
58
191
130
147
124
193
332
126
318
118
243
293
263
355
133
351
195
158
166
356
201
4
262
46
223
253
165
204
98
247
128
179
3
271
134
146
92
136
279
70
239
27
7
331
267
292
220
317
179
189
90
224
164
182
160
230
14
165
2
159
285
336
307
44
179
42
243
207
216
357
203
7
266
51
229
260
173
213
108
258
140
192
17
286
150
163
110
155
299
91
261
50
31
356
293
319
248
346
209
220
122
257
198
217
196
267
52
204
42
200
327
22
351
89
225
89
291
256
266
358
205
10
270
56
235
267
181
222
118
269
152
205
31
301
166
180
128
174
319
112
283
73
55
23
319
346
276
17
239
251
154
290
232
252
232
304
90
243
82
241
11
65
37
134
271
136
339
305
316
359
207
13
274
61
241
274
189
231
128
280
164
218
45
316
182
197
146
193
339
133
305
96
79
48
345
14
304
46
269
282
186
323
266
287
268
341
128
282
122
282
53
108
81
179
317
183
28
354
7
360
209
16
278
66
247
281
197
240
138
291
176
231
59
331
198
214
164
212
359
154
327
119
103
73
11
41
332
75
299
313
218
356
300
322
304
18
166
321
162
323
95
151
125
224
3
230
76
43
57
361
211
19
282
71
253
288
205
249
148
302
188
244
73
346
214
231
182
231
18
175
349
142
127
98
37
68
360
104
329
344
250
28
334
357
340
55
204
360
202
3
137
194
169
269
49
277
124
92
107
362
213
22
286
76
259
295
213
258
158
313
200
257
87
361
230
248
200
250
38
196
9
165
151
123
63
95
26
133
359
13
282
61
6
30
14
92
242
37
242
44
179
237
213
314
95
324
172
141
157
363
215
25
290
81
265
302
221
267
168
324
212
270
101
13
246
265
218
269
58
217
31
188
175
148
89
122
54
162
26
44
314
94
40
65
50
129
280
76
282
85
221
280
257
359
141
8
220
190
207
364
217
28
294
86
271
309
229
276
178
335
224
283
115
28
262
282
236
288
78
238
53
211
199
173
115
149
82
191
56
75
346
127
74
100
86
166
318
115
322
126
263
323
301
40
187
55
268
239
257
365
219
31
298
91
277
316
237
285
188
346
236
296
129
43
278
299
254
307
98
259
75
234
223
198
141
176
110
220
86
106
13
160
108
135
122
203
356
154
362
167
305
1
345
85
233
102
316
288
307
366
221
34
302
96
283
323
245
294
198
357
248
309
143
58
294
316
272
326
118
280
97
257
247
223
167
203
138
249
116
137
45
193
142
170
158
240
28
193
36
208
347
44
23
130
279
149
364
337
357
367
223
37
306
101
289
330
253
303
208
1
260
322
157
73
310
333
290
345
138
301
119
280
271
248
193
230
166
278
146
168
77
226
176
205
194
277
66
232
76
249
22
87
67
175
325
196
45
19
40
368
225
40
310
106
295
337
261
312
218
12
272
335
171
88
326
350
308
364
158
322
141
303
295
273
219
257
194
307
176
199
109
259
210
240
230
314
104
271
116
290
64
130
111
220
3
243
93
68
90
369
227
43
314
111
301
344
269
321
228
23
284
348
185
103
342
367
326
14
178
343
163
326
319
298
245
284
222
336
206
230
141
292
244
275
266
351
142
310
156
331
106
173
155
265
49
290
141
117
140
370
229
46
318
116
307
351
277
330
238
34
296
361
199
118
358
14
344
33
198
364
185
349
343
323
271
311
250
365
236
261
173
325
278
310
302
18
180
349
196
2
148
216
199
310
95
337
189
166
190
371
231
49
322
121
313
358
285
339
248
45
308
3
213
133
3
31
362
52
218
14
207
1
367
348
297
338
278
23
266
292
205
358
312
345
338
55
218
17
236
43
190
259
243
355
141
13
237
215
240
372
233
52
326
126
319
365
293
348
258
56
320
16
227
148
19
48
8
71
238
35
229
24
19
1
323
365
306
52
296
323
237
19
346
8
2
92
256
56
276
84
232
302
287
28
187
60
285
264
290
373
235
55
330
131
325
372
301
357
268
67
332
29
241
163
35
65
26
90
258
56
251
47
43
26
349
19
334
81
326
354
269
52
7
43
38
129
294
95
316
125
274
345
331
73
233
107
333
313
340
374
237
58
334
136
331
5
309
366
278
78
344
42
255
178
51
82
44
109
278
77
273
70
67
51
1
46
362
110
356
11
301
85
41
78
74
166
332
134
356
166
316
14
1
118
279
154
7
362
16
375
239
61
338
141
337
12
317
375
288
89
356
55
269
193
67
99
62
128
298
98
295
93
91
76
27
73
15
139
11
42
333
118
75
113
110
203
370
173
21
207
358
57
45
163
325
201
55
36
66
376
241
64
342
146
343
19
325
8
298
100
368
68
283
208
83
116
80
147
318
119
317
116
115
101
53
100
43
168
41
73
365
151
109
148
146
240
32
212
61
248
24
100
89
208
371
248
103
85
116
377
243
67
346
151
349
26
333
17
308
111
3
81
297
223
99
133
98
166
338
140
339
139
139
126
79
127
71
197
71
104
20
184
143
183
182
277
70
251
101
289
66
143
133
253
40
295
151
134
166
378
245
70
350
156
355
33
341
26
318
122
15
94
311
238
115
150
116
185
358
161
361
162
163
151
105
154
99
226
101
135
52
217
177
218
218
314
108
290
141
330
108
186
177
298
86
342
199
183
216
379
247
73
354
161
361
40
349
35
328
133
27
107
325
253
131
167
134
204
378
182
4
185
187
176
131
181
127
255
131
166
84
250
211
253
254
351
146
329
181
371
150
229
221
343
132
10
247
232
266
380
249
76
358
166
367
47
357
44
338
144
39
120
339
268
147
184
152
223
18
203
26
208
211
201
157
208
155
284
161
197
116
283
245
288
290
8
184
368
221
32
192
272
265
8
178
57
295
281
316
381
251
79
362
171
373
54
365
53
348
155
51
133
353
283
163
201
170
242
38
224
48
231
235
226
183
235
183
313
191
228
148
316
279
323
326
45
222
26
261
73
234
315
309
53
224
104
343
330
366
382
253
82
366
176
379
61
373
62
358
166
63
146
367
298
179
218
188
261
58
245
70
254
259
251
209
262
211
342
221
259
180
349
313
358
362
82
260
65
301
114
276
358
353
98
270
151
9
379
34
383
255
85
370
181
2
68
381
71
368
177
75
159
381
313
195
235
206
280
78
266
92
277
283
276
235
289
239
371
251
290
212
382
347
10
15
119
298
104
341
155
318
18
14
143
316
198
57
45
84
384
257
88
374
186
8
75
5
80
378
188
87
172
11
328
211
252
224
299
98
287
114
300
307
301
261
316
267
16
281
321
244
31
381
45
51
156
336
143
381
196
360
61
58
188
362
245
105
94
134
385
259
91
378
191
14
82
13
89
3
199
99
185
25
343
227
269
242
318
118
308
136
323
331
326
287
343
295
45
311
352
276
64
30
80
87
193
374
182
36
237
17
104
102
233
23
292
153
143
184
386
261
94
382
196
20
89
21
98
13
210
111
198
39
358
243
286
260
337
138
329
158
346
355
351
313
370
323
74
341
383
308
97
64
115
123
230
26
221
76
278
59
147
146
278
69
339
201
192
234
387
263
97
386
201
26
96
29
107
23
221
123
211
53
373
259
303
278
356
158
350
180
369
379
376
339
10
351
103
371
27
340
130
98
150
159
267
64
260
116
319
101
190
190
323
115
386
249
241
284
388
265
100
2
206
32
103
37
116
33
232
135
224
67
388
275
320
296
375
178
371
202
4
15
13
365
37
379
132
13
58
372
163
132
185
195
304
102
299
156
360
143
233
234
368
161
45
297
290
334
389
267
103
6
211
38
110
45
125
43
243
147
237
81
14
291
337
314
5
198
3
224
27
39
38
2
64
18
161
43
89
15
196
166
220
231
341
140
338
196
12
185
276
278
24
207
92
345
339
384
390
269
106
10
216
44
117
53
134
53
254
159
250
95
29
307
354
332
24
218
24
246
50
63
63
28
91
46
190
73
120
47
229
200
255
267
378
178
377
236
53
227
319
322
69
253
139
3
388
44
391
271
109
14
221
50
124
61
143
63
265
171
263
109
44
323
371
350
43
238
45
268
73
87
88
54
118
74
219
103
151
79
262
234
290
303
24
216
25
276
94
269
362
366
114
299
186
51
46
94
392
273
112
18
226
56
131
69
152
73
276
183
276
123
59
339
388
368
62
258
66
290
96
111
113
80
145
102
248
133
182
111
295
268
325
339
61
254
64
316
135
311
13
18
159
345
233
99
95
144
393
275
115
22
231
62
138
77
161
83
287
195
289
137
74
355
12
386
81
278
87
312
119
135
138
106
172
130
277
163
213
143
328
302
360
375
98
292
103
356
176
353
56
62
204
391
280
147
144
194
394
277
118
26
236
68
145
85
170
93
298
207
302
151
89
371
29
10
100
298
108
334
142
159
163
132
199
158
306
193
244
175
361
336
1
17
135
330
142
2
217
1
99
106
249
43
327
195
193
244
395
279
121
30
241
74
152
93
179
103
309
219
315
165
104
387
46
28
119
318
129
356
165
183
188
158
226
186
335
223
275
207
394
370
36
53
172
368
181
42
258
43
142
150
294
89
374
243
242
294
396
281
124
34
246
80
159
101
188
113
320
231
328
179
119
7
63
46
138
338
150
378
188
207
213
184
253
214
364
253
306
239
31
8
71
89
209
10
220
82
299
85
185
194
339
135
25
291
291
344
397
283
127
38
251
86
166
109
197
123
331
243
341
193
134
23
80
64
157
358
171
3
211
231
238
210
280
242
393
283
337
271
64
42
106
125
246
48
259
122
340
127
228
238
384
181
72
339
340
394
398
285
130
42
256
92
173
117
206
133
342
255
354
207
149
39
97
82
176
378
192
25
234
255
263
236
307
270
24
313
368
303
97
76
141
161
283
86
298
162
381
169
271
282
31
227
119
387
389
46
399
287
133
46
261
98
180
125
215
143
353
267
367
221
164
55
114
100
195
398
213
47
257
279
288
262
334
298
53
343
399
335
130
110
176
197
320
124
337
202
23
211
314
326
76
273
166
36
39
96
400
289
136
50
266
104
187
133
224
153
364
279
380
235
179
71
131
118
214
18
234
69
280
303
313
288
361
326
82
373
30
367
163
144
211
233
357
162
376
242
64
253
357
370
121
319
213
84
88
146
