3000
109815 18
182844 50
854048 18
225864 3
795082 35
1179268 22
714706 4
334837 9
707195 36
700022 45
514145 11
3504 28
1622332 6
1842622 39
791874 5
13831 21
1535198 29
213987 3
194542 43
298163 9
1656901 2
611953 28
1202524 31
556420 31
1757073 3
1612280 20
720293 34
1680861 31
433823 39
1339570 34
1184501 21
26316 26
1872634 50
1355085 33
910975 44
1129358 41
1670314 43
1250961 32
1091797 43
879748 24
1069687 3
1777005 49
1353610 12
1522172 6
1916055 32
1380082 17
356782 22
706565 36
820392 5
1516479 30
812973 37
1633134 22
34201 13
1229355 6
1744000 41
762347 1
1879362 23
480520 26
1115680 33
1517633 4
1339663 19
1037628 49
1321187 47
489420 35
1014627 12
322462 35
932184 25
1576325 30
92548 1
282545 30
405122 2
537631 23
1436479 18
910728 41
881554 1
227795 40
131301 33
744618 46
186204 6
908487 1
1668777 35
791589 5
1146268 45
1331887 26
61105 21
550587 31
69272 49
1177736 22
868372 23
49896 41
1333965 11
1853631 27
134735 46
1823939 44
301957 24
1402494 16
1560521 6
1729641 41
119872 49
1087785 25
1127296 20
306477 42
1619949 19
1627669 25
772776 9
1121810 22
1084445 8
1320404 11
1682497 38
810017 28
130141 48
285246 30
1401836 2
733038 29
1826782 48
1552238 47
1491131 43
946128 20
899697 50
59262 11
1093856 21
1827448 34
1079445 36
288089 22
1048833 7
1143908 47
773851 15
1873666 37
713202 6
569904 33
510110 14
1859115 21
554799 26
90230 33
168531 13
1059337 13
1589883 2
407190 18
1184104 15
178468 39
664857 6
715432 36
1127601 9
1949040 35
284051 31
1032401 47
835414 50
59192 17
1496871 37
1818549 32
714126 26
1917842 15
1762322 33
1939780 9
1278741 41
12501 39
1277497 32
720151 45
1226046 8
1449698 4
756329 30
758836 43
1794745 27
661666 23
454232 50
941720 22
1701756 49
403640 12
801898 4
1765017 27
787135 33
556751 12
1795858 36
789378 24
145038 19
256538 17
1054511 39
675774 4
1980176 25
108222 38
814572 20
225373 30
1202781 49
1481306 21
508921 42
934120 18
1763390 29
1180207 37
721533 16
1989754 45
955224 33
1205776 18
707115 4
382114 8
41759 28
1384550 32
1538812 9
1001017 35
89675 31
1136473 10
683339 24
1869680 15
1253448 3
971834 33
1886562 39
1623820 19
1480063 38
1889357 1
672396 47
810552 15
1442819 5
1827851 17
597883 11
872535 23
891241 3
1273095 1
1041886 44
345547 13
97772 18
1100528 11
1601924 48
1943838 34
1760850 13
634919 32
1815449 30
470049 19
1106899 6
216485 29
1285264 35
1168960 18
1693188 13
1092001 5
1332715 26
852310 29
232675 4
1195393 28
1597393 42
914383 34
747564 10
1034355 9
407812 14
506067 3
512710 14
154015 26
1944350 2
22977 27
1376180 21
1146991 2
87749 16
1532535 28
1465543 19
1944413 12
637922 8
592547 43
1348531 21
444620 33
54456 48
758190 10
977054 15
868826 15
1070708 43
1929496 28
819302 36
396274 25
161625 32
1821252 3
601434 9
997502 47
1510927 7
264197 8
964909 23
1157209 40
36538 29
1092349 23
605567 24
447477 25
1964230 4
221726 33
1740009 49
198930 38
1393422 21
1543791 6
1636849 43
431911 25
377061 27
264550 31
294802 1
340926 6
694211 3
205965 10
459430 30
902207 13
1386859 26
125044 4
318133 8
967489 45
189347 9
1401631 3
752737 29
1702927 14
1713179 16
493110 28
716088 43
299907 6
1416160 1
611710 21
1403319 26
724682 15
1708450 4
121541 36
135483 8
1939400 16
604123 16
262384 36
1662253 1
1646240 39
1876238 50
1343885 35
552102 27
1164299 24
777228 41
273157 27
1838806 3
1263857 19
733700 21
1447522 1
1678712 23
1061920 49
6080 42
616846 6
793820 47
385170 40
682916 29
1803776 7
1538119 39
1563588 35
416758 26
1331494 44
148077 13
430635 47
751341 28
1631628 31
594123 42
1867129 36
1142271 11
812205 2
546024 47
65259 49
1916274 41
1410264 11
1635988 13
766552 12
211421 9
1498310 39
212641 18
254292 5
757304 4
1918195 17
757391 9
528633 27
194545 40
545224 34
1661827 36
1812117 8
1397188 35
253658 22
601671 41
1817063 49
1379816 20
921715 16
11222 6
1759105 8
1298804 7
1955165 50
924726 25
1714667 23
1977567 44
378106 9
812472 1
871072 14
503280 1
1693813 27
271880 6
366272 35
559273 27
352632 50
1853756 25
1736584 20
136145 2
255886 37
825625 18
1192069 4
1338214 44
1140007 46
394255 20
653066 39
1147988 43
709295 2
1395828 10
646162 19
1845962 13
895434 14
1043321 3
886513 5
1816347 10
356839 43
99286 36
466358 5
941571 38
398081 26
1194001 46
1713740 28
1491371 35
1969068 24
156460 14
188096 29
89615 35
1941581 20
1470747 2
436696 44
74734 10
1793718 42
1101689 7
1497211 4
1756261 27
1671792 47
1851686 31
1290304 25
699943 43
382606 42
1379617 26
898913 43
1426725 7
183104 3
452970 10
1376810 42
285084 46
1386899 38
633262 24
1069772 27
1480152 17
594904 27
1771230 12
1118853 34
1772443 43
1943106 36
192150 1
1867055 38
1266486 46
302045 34
1591512 39
1978740 43
1259596 7
952205 42
516510 41
1674674 36
1005377 2
779436 19
1694503 49
976013 24
1358725 48
596046 35
1601373 37
1229982 42
1648564 22
416667 11
83210 24
109865 38
203065 32
1682392 24
1582006 27
1391037 12
1896409 7
1378475 40
152752 15
1203384 25
284785 33
1425289 46
208528 49
1963942 32
1956932 34
1585351 15
1844658 41
1668718 34
1043397 22
661240 39
1324623 27
1647151 49
1360198 18
708508 44
1008497 12
493414 7
1528396 46
1762932 4
1448829 34
1491445 50
301386 24
1957261 3
294238 10
1692899 42
350729 44
1438420 26
1561021 12
1617726 36
1847107 16
1066678 42
383040 50
1019014 33
1402171 1
986914 10
580263 23
1419143 33
1338947 29
471447 5
895226 48
1779761 31
831121 21
99156 41
900475 27
1462164 6
686427 29
972749 1
234152 3
1496723 23
765749 21
1632238 16
1468788 36
1457405 44
1932961 36
998464 47
1611963 38
1457915 22
1395809 15
68496 12
265648 42
941171 13
1710635 44
1754196 31
898771 41
1757261 1
730206 42
1948544 9
564487 23
1141675 20
1413778 5
725601 14
1667312 4
247676 36
269564 34
21082 39
1019359 33
881716 26
1476972 32
134458 13
384725 23
480007 22
1463776 27
1545832 32
245293 26
153606 23
1068852 25
214984 13
539303 6
1452102 8
772148 12
398504 6
1815156 5
885525 42
1372896 29
1948449 47
915975 29
1498691 3
869505 4
196961 20
1985357 33
823298 25
1747363 47
696950 24
732273 5
698592 39
388874 8
56546 29
821740 33
673921 3
1730632 14
1685839 19
662864 45
602013 10
670652 39
989203 24
474777 35
1581466 3
1291078 31
1758202 10
436187 22
504833 45
997964 36
464808 20
1909687 50
341124 13
972135 31
1654437 22
998309 41
937274 30
1693438 18
915109 47
1915756 19
166357 42
825551 30
206662 40
1770673 21
802725 37
1182377 40
1112314 9
488948 50
120297 11
1459959 27
1656633 33
931442 44
1278244 18
1273806 16
1629647 19
366936 34
497957 45
875023 48
173848 38
808618 36
132493 24
976832 45
1326813 9
352817 23
1467178 38
269182 9
1674327 20
872317 10
336193 30
562513 40
486554 40
1712295 13
622233 13
1233296 39
103151 49
1818826 20
1949219 50
402255 40
938156 2
379390 11
1618357 22
1305792 43
1680945 11
683224 3
210900 16
86586 23
451990 6
366485 30
912530 12
198189 36
1099293 4
1270977 43
497124 42
213960 27
1868431 10
498100 44
643533 11
944904 49
268113 38
773414 48
838470 2
1290764 32
652033 28
905703 47
1260419 11
1917691 37
301382 13
479886 20
1560296 44
1658031 29
1060677 10
1424979 38
1472958 13
333150 34
353722 15
1045671 48
248937 7
634703 41
371651 45
34207 32
1507877 50
1315011 43
849687 15
1158705 41
1679182 15
1662859 40
905555 46
1818927 5
1657960 18
527433 36
623015 18
495075 10
1294640 14
398745 1
1384479 46
1878947 6
859950 33
634376 32
148906 12
974998 21
1058552 5
914492 35
650381 7
1595230 29
1336116 2
296588 17
700746 9
924955 48
1535182 30
1784043 20
244016 45
1038215 31
735651 24
1784972 8
483991 23
1941385 45
533717 18
1204110 34
193500 7
19278 42
1496687 23
784727 29
938338 25
315792 12
503889 12
1360299 44
696966 14
1512313 29
1585054 10
1711284 50
1416118 36
511393 48
1690011 28
779935 25
337613 17
1201749 24
1753024 50
829423 35
1473160 28
1441322 42
11870 46
1931661 15
995681 15
1413245 39
481444 10
1256338 23
932829 46
1282510 21
1491639 1
1368583 30
706266 30
1400970 4
497936 2
544255 9
1684892 18
382397 32
382316 43
1614418 42
1914352 11
507413 34
262767 12
1351265 18
1642549 26
1147273 31
118034 25
1181294 27
544518 45
1385341 21
1664547 9
157414 15
1553113 50
918887 42
633709 6
1905354 24
352193 27
582522 50
958980 35
1558653 31
1298440 3
116135 16
310871 30
1611593 28
480392 7
1085476 32
85406 40
1757924 40
1913903 24
1772468 9
1987724 13
465808 2
1444116 5
151840 33
1127978 33
1007223 35
1314024 32
610399 41
1955552 13
680086 26
1689892 41
1360765 13
1082928 40
447809 13
73215 43
1421106 34
1849074 13
1313484 20
586448 31
601750 9
1130087 26
672657 9
518550 10
161461 24
1329323 15
764976 7
1293822 29
1791699 4
1494029 49
43373 24
1287874 49
1778267 37
87902 42
1306755 26
1521913 50
1571499 22
1375164 7
359205 41
410858 50
1802330 20
1346147 27
515812 29
1233745 41
650649 13
1234896 22
590752 31
1223719 45
1606251 44
533615 41
1018304 24
1068164 38
769926 11
958947 32
1099390 5
1354327 9
302566 41
912035 48
103771 43
756268 26
1426687 32
1350704 14
438705 22
52738 14
1364365 15
358941 40
266273 17
519098 28
286890 38
1077439 25
793828 48
399252 1
133898 48
1328065 38
1480494 39
1884476 15
1906723 43
335606 16
112673 32
715783 22
427343 44
821339 26
1179356 5
1127357 20
1360104 50
797489 45
379850 37
887950 12
686379 15
750303 35
1518839 38
1222802 44
78451 12
1591513 28
1340473 22
1630178 30
1639431 46
230349 2
1043755 2
1310622 45
119583 26
131460 11
1501160 7
277551 22
1357728 13
1846473 17
507599 13
1576215 16
927697 2
76019 5
1062987 14
1000372 22
1159009 9
1451958 11
1542458 32
1555845 31
1218213 43
1304514 16
241099 28
228424 30
133292 43
1557013 23
1777027 43
1836427 5
299205 29
1225595 35
484399 36
293389 16
467590 16
344080 6
1826167 18
1608465 40
642631 7
507854 16
8702 44
539212 24
1923985 24
1842492 8
501348 33
1923009 20
29592 5
1472883 48
1485786 18
165387 50
1406081 45
1090746 42
1662866 34
831357 16
771202 22
1917380 30
1803980 40
439031 36
916173 32
81195 5
1640743 50
115649 7
211456 31
819463 13
1097562 45
1110167 46
1541486 1
1924615 36
1520546 43
427113 23
1526068 10
271101 45
1797600 37
343620 40
1825712 38
1344347 45
634619 17
132056 29
38233 6
575633 33
161964 17
861914 43
1528759 43
971263 22
257577 9
974314 43
289147 40
1915057 35
1935488 39
1293780 20
1118253 48
1177274 21
1853855 32
1326885 42
1824040 37
1973291 19
354918 13
1631264 15
1643080 42
953676 21
150891 6
988167 16
934286 26
492067 45
816365 20
676003 35
1589825 35
1478647 18
1402708 36
1240369 36
1537613 2
1521388 34
225514 29
1432326 9
291082 31
1858189 28
291008 43
966944 47
254592 18
293777 16
178552 7
1284058 38
1955982 19
708561 9
662439 44
916505 19
165662 16
1919149 37
1572368 4
1860178 34
824883 24
891960 50
1716722 41
73174 17
1810367 15
616467 30
1405347 35
451558 30
149492 14
456937 44
353281 33
1813426 44
630389 9
657606 12
594080 6
846647 23
1724080 16
876636 47
1707779 29
1577590 11
16332 19
1056459 40
16163 46
465414 29
914013 11
1706724 19
654759 20
1614238 50
117216 47
1876093 16
1853430 29
473174 1
1793440 3
763948 19
1766065 10
1835577 28
1872954 48
1398644 37
134735 13
1604552 30
1740474 11
46402 36
309888 8
304640 12
1646312 36
1790862 36
1923248 35
1757163 34
13495 4
1843884 6
507944 30
1984537 31
1402381 50
1757051 34
1073328 23
381395 45
884308 32
197108 2
1772185 45
1269493 17
445693 41
804685 39
1324132 22
1559118 33
1208680 2
1123759 12
363499 13
1894682 19
1648446 12
1047608 2
843956 9
657646 40
1042372 35
964485 47
593047 10
1682992 8
1613615 15
1682982 38
989409 45
682235 5
1866076 14
778255 43
1514410 2
426130 20
1048453 43
856944 3
1603781 49
1480729 39
1715377 49
1980769 31
952196 15
433259 25
252545 37
1156917 39
789740 23
217617 42
398918 13
92411 15
1101636 50
1739215 42
1792164 50
1113418 48
422092 12
540806 27
600122 49
1381829 48
1417670 12
1225888 7
10719 20
1172954 17
912420 43
171697 1
684235 43
822036 27
1719220 42
1205173 23
1192088 20
980545 50
1036877 25
319882 48
1628009 12
1976506 6
1923392 28
1409183 6
761333 14
1889983 47
112779 45
1786566 1
1902110 27
364263 39
1367189 7
465013 20
1390368 24
1235551 49
557557 37
340209 20
1124095 11
1092249 31
1792831 36
82714 20
602509 19
816241 2
1370680 5
1133356 4
749629 47
178794 17
1901998 5
1134691 14
91013 35
1888717 33
1442213 40
963966 34
93737 9
595509 17
1853452 22
1146193 27
571292 40
378290 36
399334 14
1959762 37
961786 27
515690 2
354368 18
871279 40
1047348 4
709086 19
1089569 46
66100 13
1008490 9
1876664 41
766780 45
746462 24
678010 36
763590 39
1538151 3
242973 41
1411384 41
1896836 38
373800 21
533492 13
1074401 45
702195 43
1538911 43
524222 31
598921 46
1133199 49
1802504 36
1843358 37
471338 21
1441740 32
1601898 40
729388 48
890005 45
745768 49
1035883 32
1791050 4
1229620 40
1351875 7
1881482 25
1162851 9
1116312 19
1922636 32
143975 18
602017 8
260477 12
1035636 23
302922 44
1316870 24
1477348 5
1322743 43
1791425 14
747081 5
917122 8
1940955 43
1371057 28
114685 46
922581 45
365128 33
1908428 16
125850 14
1096858 11
376561 3
1353107 45
8847 36
330536 50
249291 16
709312 3
1126887 47
1721899 16
1002818 25
723449 12
674913 4
292791 28
1943056 16
1801581 34
259348 18
1281545 5
1616887 41
1123927 5
37166 36
1533361 40
185843 23
323639 44
1849796 49
1486757 29
1719186 34
859802 30
113935 4
478983 5
1319744 11
37559 25
1613176 13
438872 34
1589970 6
1851731 19
1260187 4
840542 30
1634957 35
1875165 30
1015177 20
193292 9
882525 32
1560385 16
232558 39
1924318 28
735410 33
425350 25
685344 23
279639 23
214860 41
129130 49
1621999 25
1559991 6
978170 34
569882 35
780601 21
1511229 32
1710396 37
1949985 5
1162696 22
1884577 2
386389 27
851988 48
1512926 25
1535130 29
1097142 19
646976 49
1616784 24
1918901 33
1014754 15
1212385 31
704780 43
791077 6
578976 21
498463 13
1613590 5
1942278 14
1483740 36
715838 37
1951771 45
1947470 28
1518573 3
1001493 49
386895 29
1942723 22
130048 1
949985 3
645378 6
834471 34
285284 21
386221 18
1331789 9
1381397 7
1567391 10
1908746 37
148744 24
1862585 22
1081401 13
1278377 40
794655 32
648125 14
1125586 6
612697 17
294300 49
1632270 25
570317 38
1734094 44
102032 7
257113 15
1301070 30
1695023 4
1712662 50
483748 9
795743 42
1951357 42
1297100 5
1904576 21
897390 8
607890 4
24475 44
1148155 13
362917 22
1394499 36
570084 47
782474 23
1212510 22
882981 40
977034 18
1086612 5
37232 28
621680 4
421314 43
1681125 17
883026 11
712292 22
790549 9
1627154 9
357992 40
712730 20
398459 27
943095 34
534367 36
1139222 41
1082411 23
533598 24
1575931 47
1112856 16
110579 48
1631861 24
1417621 2
366572 30
91933 10
1348737 2
141389 9
431628 15
1500972 30
336229 7
1696017 48
487190 35
1861180 33
85566 1
1262829 34
1685069 9
359612 43
233699 26
1432561 38
465605 40
414602 32
389004 3
1875369 5
996970 41
775657 16
1478628 45
196181 43
1181796 49
800000 27
768889 22
1283987 3
124638 45
37117 41
1847226 33
1909052 18
1180433 35
1928931 43
1010878 18
73156 31
1447126 39
1667739 35
686949 44
801079 47
38016 21
762365 16
947319 17
1156377 24
1769911 9
64880 27
1489251 2
365406 29
19405 31
1562908 42
956312 41
1075560 11
882335 41
1586604 26
1235555 43
767721 46
1289996 31
1119161 24
1650059 22
781699 46
1285797 19
1854573 34
1871456 21
1143201 21
1095229 18
1820971 49
1381266 25
1573201 13
1577476 37
333254 39
1305843 2
1542965 12
1955794 44
1722069 21
1706648 7
1631614 40
1665724 31
1487181 18
1774986 6
626123 21
1622160 37
216313 17
1293879 11
1601119 35
586531 23
9502 31
543170 5
1156251 49
742833 10
1821149 27
1542566 4
1826154 3
1552850 40
872455 43
181049 34
1307169 18
340989 42
281956 37
426776 17
996102 6
1456449 23
1636981 2
1831113 1
991983 40
680587 32
1318902 8
1224623 29
1253732 14
1352066 21
1938681 16
688199 5
1340593 19
1248435 48
910578 27
1548525 15
553266 43
370194 7
781172 33
557282 18
1261421 45
595332 15
666640 6
279972 31
1465560 7
1974811 20
303097 4
1223942 26
165545 32
204603 42
1508195 48
1984674 16
988159 25
154426 5
399111 37
614071 23
845218 5
1149555 13
799747 49
965859 32
1852380 38
1567744 48
1036173 15
894815 50
1621441 47
761965 28
1002778 5
1546490 26
1007811 19
460452 9
1492122 29
1345534 33
982728 34
1039991 20
1870302 1
962026 34
1273818 33
603342 32
1689460 37
230455 22
791253 5
1242154 17
77664 4
49932 44
1448019 8
647842 16
424500 35
1770048 7
306854 39
1927626 33
113841 46
1634546 49
426365 47
970850 41
180439 30
672050 8
1715692 8
1939891 24
924360 12
158428 5
489400 47
72867 48
708872 48
357817 48
11109 18
1796772 8
403211 21
150248 19
1042763 6
225666 14
1403497 39
702390 49
1571370 26
971502 40
913977 13
1654097 6
620544 8
1758931 16
1281801 15
596222 5
294090 41
1809009 3
886816 25
1450956 50
889946 10
912025 19
779913 26
1245980 22
1228633 14
1617660 32
387573 30
1593927 17
810160 49
659232 22
120921 26
1810405 24
1406706 38
571087 17
832281 33
1920570 11
515798 8
1801710 25
1827667 3
290659 35
521064 11
1003414 22
1239053 15
1011937 22
551735 32
583985 15
1890517 50
941008 22
992263 38
1575978 42
1643963 7
559212 40
1760594 8
1388894 37
1803391 15
1103117 39
493143 4
1215987 49
378267 15
482199 47
884507 5
1526808 45
1008601 1
1191019 35
1128434 29
1508976 41
686180 9
1397551 47
538071 35
1971658 4
1505999 22
742183 16
678290 46
1951 27
537774 41
578767 24
455548 32
93741 37
1787456 18
1780913 40
1457372 10
298906 17
246108 8
892738 31
1471351 34
1153902 48
1669139 21
346511 42
515440 37
1768904 15
1342582 46
994863 39
1602021 48
28738 38
1354244 1
1997766 44
1328171 14
1763569 38
893351 30
725868 2
323351 29
158311 43
626620 9
1176442 45
1405643 36
1582329 21
862333 46
1636453 16
875241 44
1592673 10
1987277 16
567667 41
1961233 7
1735392 1
673190 34
141903 4
1625787 31
1814404 17
1273293 1
1537333 5
1306741 6
1343898 12
1386983 43
835306 48
338363 26
564062 40
389194 35
759228 4
674847 46
1129562 19
1662026 1
1696121 42
1643141 9
778898 1
1817755 28
1662871 15
1808594 19
274094 5
1756248 25
744270 14
1245026 9
1673592 14
1484615 50
1256066 34
1289835 25
1527643 50
1161262 3
1521578 37
1614788 22
1975525 46
1660030 3
900180 8
1389341 32
1594892 1
463626 44
1907809 25
1511271 42
1162506 15
199183 49
589254 29
587828 50
1716315 12
1645825 38
531684 21
1336873 18
1387778 11
1655400 39
543963 15
1600147 2
1815789 48
972184 7
1912476 46
1923800 14
993418 7
57744 41
1972149 50
644893 34
698552 28
403179 12
1173895 3
1339358 9
1691247 15
1028957 47
1698783 11
48642 33
1846049 42
1474675 9
428488 15
273046 38
688760 16
518093 40
1871155 5
1842583 46
1973157 33
1361740 19
106084 3
453014 31
1463354 47
1533112 8
1272176 19
57548 49
312365 17
353267 15
1863080 29
883582 31
446945 35
1437509 7
65462 31
1460746 24
1630143 38
805850 7
1675827 3
529640 46
1074100 33
1495409 1
1890629 27
1579568 12
1860023 15
512739 38
327500 8
1055591 10
1661366 27
1241954 46
617107 23
162663 8
1200259 22
952940 7
447832 19
670591 11
274637 38
1979877 8
1665868 37
1405449 50
597600 29
1550149 14
901334 34
47529 6
928698 9
1511063 10
1141157 26
1008412 5
1989522 30
43415 29
123922 15
260031 26
120881 36
1980840 47
556648 5
503197 33
357824 10
1499460 38
1508159 31
276173 37
1500531 34
1285582 42
856485 14
279609 15
671786 43
497985 27
1069115 50
622791 38
1199308 47
288748 2
368552 7
428324 14
317604 6
161047 4
938466 41
1966229 11
1054316 7
857363 14
1291803 32
406101 35
877788 47
1922335 46
128640 4
62707 5
778172 23
1801443 47
1044057 9
333337 48
1639878 48
1759609 12
807365 4
1143469 21
401099 36
323409 29
847989 23
1599354 49
786054 48
1245825 1
207751 34
1053994 33
1151776 35
1735823 16
793545 20
1692319 20
308245 26
716160 4
1453090 14
654593 41
629251 20
681068 42
1147721 31
9874 44
70370 3
1195444 50
103996 42
228384 46
799162 34
770750 6
1215153 9
1089225 5
306013 22
1912378 23
103755 19
453547 31
1567156 15
1218171 19
919591 1
1411475 30
1001309 32
444933 5
295010 26
212210 40
1192201 10
1589200 44
1752910 18
739045 6
1107655 44
1837619 27
583082 27
256465 39
1594152 18
1867482 33
846601 12
318054 31
886995 33
1754443 44
194937 3
639282 27
1821433 25
1025851 25
1951012 39
667458 49
963566 21
1731295 26
351756 34
490533 41
410279 2
130290 4
669697 13
108467 50
841552 31
752460 27
1806858 24
561524 26
1571161 34
1117007 20
8994 39
492261 10
1579912 40
351787 9
1196590 29
1174895 1
67805 10
1739364 20
1128521 26
1370936 20
185136 1
1493295 16
1975483 36
1049911 39
1553309 24
948659 8
1664428 35
1637322 40
864955 27
565451 33
1313888 34
1895613 6
96658 41
764940 46
411838 32
99430 33
1441433 24
65045 18
146268 27
293280 6
1949870 50
1843785 28
713656 7
262612 50
937383 50
1848578 18
1393928 29
32453 20
965361 20
1036646 38
1418046 5
1850507 1
1426499 47
1506879 34
1842957 44
354443 43
1326176 7
57872 15
760633 6
643590 26
470517 14
1981416 26
204776 8
927869 21
233376 28
1965158 13
926245 42
1460719 13
344396 33
339219 10
1270965 7
801793 2
1625026 36
1460394 50
1847079 15
1695575 6
1620595 46
543139 3
242395 9
1326623 19
1403676 14
465539 20
1137648 20
1142412 19
10835 43
1877933 11
1938642 33
1163513 44
758594 15
1274633 14
589116 27
78428 30
1126736 20
1433783 36
138098 44
1442641 2
1217379 22
525899 25
1466543 45
41348 5
246024 43
590926 28
1497256 6
1775326 12
1412621 25
384836 40
57857 2
108627 32
250855 18
561183 2
1963733 30
40021 31
929402 42
1952440 26
1653485 25
32000 28
1384397 13
1484758 6
1757189 28
592324 10
1068203 21
680433 47
497147 21
701496 20
1654935 10
824167 45
693113 9
93614 5
33899 27
1527863 15
1190390 39
28731 35
1456743 7
836883 2
861242 11
1120495 25
118448 31
239397 46
1557389 15
1561676 47
44069 8
791322 1
486751 16
553851 26
1358003 17
700971 30
1500133 35
1469533 44
1626794 15
1106938 26
1469601 27
858666 25
970527 43
1258790 40
1260096 29
16196 11
814677 12
1405320 2
561339 30
1668609 7
1219704 17
1460056 18
1242343 38
1747172 2
94306 44
427933 8
1327410 15
1341312 7
1833677 49
677736 23
398743 16
1018966 17
1750808 6
1036644 16
869853 50
1185440 7
1670248 32
355647 16
372710 3
1858467 16
1802319 43
1365592 13
854837 40
1698283 27
1247200 37
1400140 30
1406452 6
402218 39
1209299 25
1155003 18
1033966 4
769959 35
1046857 49
1327769 11
604512 30
1915147 21
313205 9
1212747 1
1007938 19
982604 18
597900 30
966537 3
76219 15
1140055 5
414301 49
561397 12
1488614 24
858625 43
620143 10
1141167 1
676825 46
1542182 20
1101967 24
1880382 47
1762493 10
1650767 4
703623 27
631128 48
975465 18
1043867 7
373756 44
589730 44
264716 9
1662683 5
753931 43
566122 22
373496 12
89748 25
856659 21
185769 14
1634570 13
1265279 13
1738776 24
612544 10
436102 6
1055443 7
285350 12
802846 6
1387573 32
1459771 11
1884804 46
1495212 29
183779 38
1629203 50
889679 49
603482 4
1462810 39
1643677 29
94269 36
1048237 13
1594368 19
1935654 17
538463 47
1227927 49
1714373 36
420064 31
650382 5
336645 30
430035 39
1382275 29
741884 10
1992974 21
800204 18
1515400 43
773954 12
1133143 20
878966 5
975022 19
216513 42
591834 22
155502 12
648345 3
594995 27
1356199 44
494892 44
1215274 38
662430 50
1089402 46
1657002 8
323857 34
473964 12
1447025 5
248027 47
1734483 25
1564640 40
1361478 14
856827 11
242686 3
894475 12
1248941 12
716632 47
252402 25
967789 7
832032 42
133949 27
606627 39
965307 19
535903 48
1018924 13
987255 23
5797 35
85209 35
1565140 36
1445237 8
650858 2
33914 38
1114571 41
360893 15
613359 37
1301398 36
732009 40
1215293 30
79408 37
1374529 38
565282 45
1709161 32
889537 1
1060945 29
1501227 19
438938 38
931559 5
1171959 1
951965 32
693592 4
396411 39
159146 13
1030447 1
73608 22
660800 24
964341 36
1679632 45
583076 15
1513936 40
1530850 17
1609997 14
796914 38
1589833 30
1423006 44
190604 13
306066 33
1661644 22
1544174 25
1543389 5
1249872 25
1575902 43
1214099 22
560404 16
1728303 12
1519876 20
1910257 25
1556877 34
375905 31
104215 48
1708685 24
1864348 40
1106781 31
962667 1
1489148 45
1274537 49
899684 4
31188 32
899086 5
1916337 44
516722 2
597149 8
436266 27
77464 4
179634 14
661945 43
156306 34
108537 31
1407807 37
1366445 20
430102 22
953211 34
793259 8
1163034 50
1367832 16
1873099 24
1782500 43
1423959 37
1644330 44
1202026 33
1965666 1
1589204 2
1344502 50
1616221 12
917956 14
382211 36
351226 40
155128 23
9277 37
559220 13
7450 10
613414 2
1642623 46
1035775 17
128557 14
1172283 2
937949 22
1322766 5
214080 49
879837 1
1682942 42
1032266 35
566617 44
138099 8
411503 7
703644 35
611969 47
1765665 38
403086 42
1463435 36
487382 14
437001 19
220818 7
482855 35
1430519 13
1131148 31
907331 37
1601756 7
83972 39
1059436 13
1983092 35
27643 11
918602 47
1110907 1
1942284 46
790277 16
1988448 29
1391731 5
220372 46
1041344 29
1211126 35
365461 9
795995 23
742201 42
38031 19
1548566 22
549931 7
1285769 49
1985990 49
1176118 8
1028506 32
260454 42
1484942 47
992224 40
1154282 1
173759 22
584167 23
1045050 28
1042059 14
1873783 12
1853665 21
1802218 11
931621 7
359497 19
498941 49
328389 16
1308722 29
452604 27
645669 8
540260 14
545600 17
980462 35
332641 43
127023 37
938275 49
331936 20
1599344 33
696825 18
1385975 45
1615657 27
305486 9
971103 48
892010 11
635377 41
1178403 24
1543259 2
801067 48
1029843 47
1215496 37
171898 50
1129346 17
75775 19
1531657 12
944205 10
1437584 4
277627 22
1604382 8
282545 39
548462 10
989539 10
1561605 8
1429012 24
1990549 40
1129066 30
1113829 39
1425014 32
663674 6
91960 1
1764131 24
1573770 12
1033728 48
931162 39
1294368 30
64224 7
1447611 25
517237 32
686928 28
1063944 38
1731449 2
898306 45
1491176 47
1031928 40
638676 34
661544 46
1911803 44
972099 27
134254 36
667316 20
1338799 39
1683113 39
927871 12
1106654 10
1884130 7
1098722 35
621445 18
743850 48
1277871 21
1821960 27
1454258 5
1913061 31
1148245 23
47765 32
371645 20
920401 25
210933 39
1786235 29
147705 23
1434322 3
397534 50
1791668 36
932063 26
879164 25
51941 35
1720226 33
1959699 9
224519 50
300117 49
329259 39
816651 30
1000510 29
1489802 32
855094 31
1133723 42
204472 4
617319 36
1814457 35
500855 16
1945668 14
687672 29
1329265 25
534080 35
601211 42
963449 1
1465793 45
1581623 24
1439624 29
174806 3
654041 26
1064880 43
793789 28
98232 15
1209893 21
1830755 4
802027 37
1555247 37
694458 35
872723 40
1762520 17
460316 49
1721631 42
1895888 19
331232 11
1160038 2
270983 20
133990 47
417046 9
58919 26
575143 40
1465661 9
579889 16
223671 10
1819567 25
917013 46
518909 6
1528355 10
543156 34
1180331 17
1227422 42
1911950 6
1462823 1
1256397 27
1233732 18
1857687 27
1323161 5
130800 10
1905164 6
1917184 7
1417203 16
1364972 48
1234253 39
1281181 32
1926886 47
1936956 19
1938147 37
517901 9
1619841 17
182518 10
1834104 12
1493466 3
383558 47
1935049 23
1880727 6
235824 49
205330 34
1949528 49
1750438 9
1562387 24
1922545 11
1117150 41
1702756 11
750863 2
1326584 36
813774 41
695842 39
867651 9
447217 8
1249192 15
942270 46
301060 28
1706163 24
1279378 7
933327 30
220721 43
431160 13
306605 3
803637 36
1405159 28
1867097 16
1808428 28
796742 46
510285 25
958117 26
1681817 28
1460927 16
321414 13
440877 24
1615171 1
227822 42
740918 5
1606148 2
1827610 28
758029 12
480128 30
1456540 27
1643078 36
427960 36
1058017 36
1071682 39
205799 30
996372 18
1357619 7
17157 23
1801461 17
1490225 17
1210983 15
308294 39
32876 20
785358 20
204913 34
56778 15
771793 28
1496294 38
1837750 35
1646245 22
686957 50
166991 49
1112021 36
1743308 29
1928205 27
1565654 22
1121674 43
1733326 3
1710611 45
1670055 14
216188 33
1196937 16
295873 8
169212 5
644453 25
1268863 47
1460768 28
39922 19
1332790 17
773827 42
1220358 7
406244 26
1974325 13
388445 24
911764 36
1009782 29
1077551 22
1064574 31
820151 29
1803443 24
1325933 26
1495397 28
1943005 19
1102654 21
1946174 24
605844 34
444655 30
269887 2
294840 14
1007894 15
1137018 44
777977 41
533169 9
1791260 28
1869841 43
206617 21
199317 29
1966666 44
1474797 36
595769 25
646324 49
910473 3
1631768 19
1267067 32
435416 9
1974591 17
1609720 45
1554708 13
1393323 38
711471 21
990599 23
707976 9
1206078 8
167516 47
446312 3
1959441 49
1479340 37
216301 13
99460 43
220099 19
989505 4
163487 45
1669432 1
505788 47
774356 9
918982 41
1664669 9
832861 45
1669735 5
1854135 3
1562912 5
1541 36
934896 22
1632694 19
1881856 37
212069 21
647121 47
696064 22
1823107 36
1807497 43
1045193 46
1397042 11
1673662 19
1409470 31
1532990 47
1313934 44
1402138 6
1718821 48
56563 44
1131018 49
530033 36
1861297 20
999243 4
366633 47
1422842 1
527157 7
1162096 25
249843 36
1479408 25
455394 35
464427 9
1256703 34
1496367 19
982828 7
374531 37
1278347 28
70257 26
1141437 31
1796611 25
1528394 19
1220338 50
1239086 29
1546365 29
1275386 1
1107073 37
599607 9
49243 46
1634431 44
1326081 45
141494 46
1474789 15
1066845 28
1924943 16
1775656 17
908068 15
122909 11
504288 30
1674674 38
537242 26
980279 18
1654678 30
814308 3
444559 34
729429 18
1718370 41
1197773 38
1342274 40
1927088 26
1817780 12
453879 46
608389 13
145459 35
1251625 2
918406 49
688231 4
369477 39
1766782 44
107237 1
1564980 9
1650021 16
1114781 30
674655 18
1674743 18
1919056 26
1504708 12
1976937 46
678733 4
1873173 12
1803424 7
326672 29
369658 34
7098 28
856124 50
712327 47
1713182 19
1781827 10
1158936 1
20904 4
776270 12
696377 27
436957 33
961900 5
903527 20
163143 28
1461995 11
1097683 24
1807997 44
342816 3
802597 33
1437752 26
1591035 5
145701 15
939331 49
941683 1
645806 46
432924 40
1474054 21
760180 22
1648598 36
926072 12
401771 25
549730 16
954878 9
742333 2
1203787 20
406735 42
1997949 39
1171474 12
1559683 18
1112749 20
1658675 7
1778784 23
1893438 22
362621 26
1523621 7
1620527 11
492615 23
103066 49
1050207 35
608765 5
1941776 19
233371 18
200708 25
1311007 21
480268 42
126507 4
644528 8
1663801 7
477949 32
1805779 33
1889301 31
427940 32
563099 29
1411456 48
531212 1
1906751 12
1966481 6
1476523 48
359726 5
711904 32
689696 23
1127041 1
83836 27
486379 17
877654 40
46831 13
1237268 1
1947713 17
1878869 14
1380855 9
1415358 8
342352 2
815692 17
749469 16
1871052 37
1688419 50
453463 22
1048133 36
226026 1
843973 1
728821 36
1504780 24
294962 49
493961 49
1474455 20
1420464 13
1385084 44
1329977 23
1146759 12
1428895 16
105188 26
26587 31
1411629 18
1165161 42
1026734 8
1036824 26
1234496 15
1698868 13
159525 38
944421 8
212580 6
564608 21
689973 17
1287360 50
1822011 3
1028100 6
328856 10
167565 4
1302664 22
1878409 26
1607734 29
1550981 21
170311 43
1244690 27
1626005 24
727209 18
1932920 10
1925168 45
12481 44
455005 50
986906 35
614577 17
549224 26
495930 27
158992 3
1742064 24
1923013 46
1334704 2
489797 20
1046230 6
1308491 41
1265059 9
1669100 22
327763 45
225545 2
1867345 45
319226 36
1526675 1
145671 46
598483 2
836189 14
836262 15
375522 8
1681943 18
1760329 33
1944198 3
332782 19
245019 32
1968297 2
521829 34
1594401 10
76105 5
1292485 5
1766987 42
1776338 26
604336 49
1368360 19
400262 30
1213331 38
717937 10
302838 47
1890972 24
666208 44
1435849 46
1416458 12
1060952 16
471336 49
1691863 42
1605868 9
970316 49
294640 23
141706 22
41709 47
1996979 49
546492 41
1031293 2
812238 17
1792999 12
456540 5
835764 23
1660735 14
1285001 48
1375159 44
770300 41
1833539 9
1188221 24
1984008 10
658915 20
1954038 50
1591601 41
362637 49
1167959 40
510437 49
629449 43
1320151 47
838423 24
1015084 19
301807 29
716919 26
1959371 11
66372 5
1476712 19
1880269 18
1170746 39
369065 35
570669 41
1598967 35
1988793 30
1690775 50
1464765 1
454305 46
1842245 48
989506 9
