56159
86052
339108
210985
384988
1038167
108981
229305
686939
370735
1085
1606
1324988
1166528
534568
2476
533352
175354
150511
208598
1216651
253445
330358
429297
1727915
1400891
300143
821257
412550
266333
463019
11416
1173390
677551
130945
1006148
248569
453708
85802
486601
846859
876729
99080
724028
1515147
935159
65000
664259
677158
1461265
690964
1436581
17781
368627
855299
762347
1638007
237148
201853
1181921
842817
416703
296640
364283
776615
113259
642561
167521
92548
113794
285957
386633
709989
162059
881554
35166
84906
229888
174100
908487
96641
533143
543405
648619
38565
248474
9189
1004463
439368
28005
7263
990491
71056
625505
128971
886458
954122
266580
87393
512889
1005913
56582
226318
558706
604996
906170
570449
1191397
419208
98676
120446
194824
706521
206325
736023
1115786
488167
454698
307794
20402
829025
1102708
1061096
169209
547903
601558
85564
609076
223946
200591
28375
1171158
86550
41164
74956
435116
1082615
178522
330857
135274
609754
275697
1107115
811290
75672
780680
562008
43366
193307
263662
424846
515088
63398
1165310
1178380
5124
26181
569034
545383
910181
337990
470457
1217516
257956
232915
40928
671854
68636
457749
414860
665092
481705
95247
856
74090
235636
153486
640714
283937
39137
457559
165260
679331
1435090
117373
896065
522280
538143
240602
24048
128428
519915
78617
271926
24733
773640
976057
430282
9205
954216
421381
1676161
217040
676558
1019774
299867
655609
1889357
549761
636079
525027
571114
356751
535117
311521
1273095
1024293
143361
46849
1086762
260934
1305105
1333126
633970
497639
120761
801809
113689
63698
1034119
453520
108751
670147
492834
60634
984625
1114815
373882
645304
267901
14172
468334
64775
74376
1791549
4623
640413
196831
60356
1006426
424046
467920
352310
62923
59784
126351
29729
751564
484004
687174
268777
1903194
161009
290848
146219
148799
395633
156218
1329197
247854
843615
407648
30053
729131
470132
318142
1338771
149334
823038
37395
1002495
853742
474108
363744
127364
25277
294802
89893
507832
130565
340866
365247
718673
10765
108202
896683
159076
661589
25746
559094
1252962
235243
110692
169723
1416160
516448
1146633
116176
315651
56062
126921
1268519
351822
204037
1662253
484335
1353590
794240
244113
157091
589970
217203
201461
697808
421160
1447522
560732
556447
3109
321688
426922
346527
179603
39839
1044477
1271633
358911
871141
122065
42197
39931
949403
389062
816556
444030
575835
74843
15606
584285
846552
1368222
418563
164611
1003264
14241
149223
279373
200564
466531
153511
179291
47156
501718
669971
1299793
215265
235459
1043810
1150839
114073
6121
245875
1165378
1487622
456111
1387697
1699510
270697
812472
245341
503280
242004
1561
273010
437730
344993
982322
554716
10147
169186
662703
1101818
1166821
783477
163317
457337
243950
370015
1105793
90804
643088
586409
767761
151562
533171
198161
27932
139918
454904
276263
945831
1249527
271294
952587
17204
97691
15889
962407
844343
70181
74714
912476
917895
1100233
178448
281245
815436
843169
129971
150189
530381
735438
739783
82705
48319
731907
178692
2504
523356
1032288
1228459
250180
295144
187385
1191209
1654582
192150
282427
601032
91871
1575694
695016
890922
217650
108369
964210
962179
477037
316457
964284
465814
324546
951132
1046004
133547
335021
11614
101571
19048
1320787
530514
548204
688270
362047
91309
1133062
229640
1208473
121038
1118543
1750301
809903
1405686
934105
261705
117906
835350
1337849
733967
149370
703055
310592
37442
533579
1195375
537988
115267
556826
2148
179874
219583
645672
1120353
561973
1651949
1000739
27970
240716
1402171
499678
253429
1415207
602631
165363
470534
411143
104745
36985
363804
363980
281422
972749
2545
1125328
344861
1592775
1346561
852220
1289362
201432
1037862
646168
927398
53857
66968
871779
946843
1385127
578598
1757261
155301
1244186
459826
159808
379822
590843
151099
180852
133093
11146
252101
851572
877331
83706
73011
269697
405155
39951
85530
82525
39564
104550
419662
1030547
485715
44228
714444
191052
221907
564189
577923
952769
728177
173505
1805343
532530
392038
53316
236563
205779
326006
15153
200441
446962
946964
1478228
66820
487559
484974
304321
330790
1201094
571285
1714751
219893
495391
198556
289851
1139135
85862
766013
262753
894256
724334
631452
135336
466397
137919
21735
64037
1117222
311788
237939
969532
76777
92685
302096
43118
102377
578218
174541
410580
301697
185971
386214
23272
591215
9007
348019
498428
85640
165979
222755
1018425
290655
178486
483234
62827
701911
473513
215919
45764
400768
1190322
247703
827737
311185
1111487
896791
744108
474871
57879
55488
365144
26603
501361
161940
730714
684683
128026
69351
1054011
439881
236904
813066
102014
447325
628365
450725
102065
605484
531562
329207
212523
117394
861528
897445
196256
25228
779573
195878
271098
943388
45882
352847
131982
33971
1359588
1293208
400089
1076936
576627
1116190
191200
733299
1651206
297222
545217
469369
815667
398745
730231
1182877
620215
616594
106082
391557
1011757
284137
274277
703301
575081
93598
662281
69761
503972
1503896
154680
823847
257205
452811
171911
1781678
90375
757203
107963
7632
1124500
174755
796411
111506
363970
796361
189953
1386494
1569998
283601
881825
474393
585115
250452
153143
1055891
630180
779779
840518
622367
11846
722373
763409
593142
333059
1020801
524374
19028
1491639
1282551
301391
715269
471585
438497
477624
10927
185856
220701
1536956
345580
62665
573173
1363867
962865
7383
704553
191104
832794
498515
4098
568745
689792
422866
1352828
186826
480490
908185
288181
352016
2821
68306
58526
219438
967499
34787
1522039
1558004
1469804
539792
407329
531512
56135
607687
647492
1195045
593307
121556
237592
360011
734055
792153
292463
17777
252793
683544
1146474
220160
398477
335639
409480
206187
115772
1264091
363376
612173
648647
118600
36066
1131445
743528
31477
1302128
550484
80611
378856
180308
223952
70848
73056
137157
583545
208294
1075995
353584
469102
1307001
282960
1002745
226712
190415
945772
145696
746054
167242
373103
6642
40114
717767
269078
275289
23286
455738
40969
143286
460246
262967
254239
646844
399252
37313
503984
308440
14598
1477798
159138
61223
106198
93750
130734
545526
1007133
1084094
263083
29348
206401
258568
363486
626751
1159304
27315
1105789
854598
158206
355593
198555
1038935
571882
3213
92419
1260828
217771
694574
887688
109827
696407
806819
12362
1023031
346657
259625
1305186
1476567
201133
896753
665869
193053
29344
94017
998393
1388321
820799
223199
505503
262666
114633
286486
108817
1264666
575385
220027
451046
7294
25154
1799972
912971
93088
590967
27463
256115
118301
83312
794109
943308
735137
440355
580605
1694678
1600306
21337
506396
38242
133663
24553
56150
163687
594817
533812
1541486
988906
238000
232015
980138
86065
1458849
135015
571016
762095
545874
57994
10059
389648
54564
26291
591159
690874
118310
235427
166442
1547746
1018515
752394
100258
311252
1393454
1321459
630119
1559562
265184
1498598
1424505
900148
119410
201747
417231
414746
493419
598214
617753
1469013
399065
1137005
978075
705224
155373
17683
2636
1768123
258074
687197
56062
120841
3327
146521
1230691
27061
189963
557475
88660
383153
1400861
366118
29314
814486
1460041
16810
786466
256126
185305
104706
74884
59991
286321
162933
29068
513583
185092
788963
1427378
132156
654942
1220502
1888
796518
705
156601
36829
177670
198387
446483
69667
255607
1325724
473174
65363
182765
30351
1134987
1102289
913994
87307
1014331
1398927
12982
42242
284182
1591069
1708604
1834431
508034
4985
972499
357228
1098487
438597
504226
291648
193363
387065
132073
1525013
380219
106078
593354
495096
85615
320209
1049934
14341
65991
568371
1046641
451867
19414
859903
571624
397899
1365342
1233863
437638
913984
671334
1052265
539771
931669
394407
376270
208630
832567
317605
1339283
981679
111134
397444
45569
826782
292447
211957
82192
28873
402388
395343
811240
984343
290060
482182
506978
197082
867800
654966
1394
1159951
413433
171697
151448
809615
1285356
1055962
1168068
589913
307459
205960
323127
1768231
1732282
46094
355123
1647977
32693
1786566
412595
81855
323031
293951
425994
1071374
47240
183718
244094
373334
1779488
79762
510406
583907
164332
866966
654422
171997
1148654
960826
64819
546873
66477
169975
81509
483513
1117728
912026
269848
289238
302280
1885834
141540
507093
201
123074
522934
609344
684867
49539
35116
862299
446872
516669
324393
549348
1071149
162612
1296329
1414105
280583
446436
636916
226807
1027695
498801
240883
764271
334503
1344885
237644
1199463
312705
578939
189889
286108
435765
646051
921065
215833
1675472
294203
284129
1725739
35701
65070
35185
485380
76155
34661
697672
310153
7151
310603
245004
1032838
816377
22442
749892
321898
772967
21888
1046392
79816
1156295
4010
256786
215191
553135
932680
1392482
480563
632999
637270
41371
1327015
223230
141670
1056471
688027
268381
14934
719535
152543
41445
814554
645370
959037
195996
88682
203043
1184137
441
1071666
359421
1130816
1141131
152137
471465
578957
428228
863685
1450
330009
443127
220408
1758210
468887
199719
122533
2693
148126
43559
416956
950942
652911
565589
656753
477239
1701127
1388589
673583
1672003
379220
147511
836560
531380
1021257
318264
1373555
1542945
37232
636049
337962
691196
416152
490210
1378882
190416
412552
147664
304033
475995
1012415
683334
26372
1193203
130048
487753
492880
288106
60286
198353
543212
422487
1393368
1907036
117313
1318654
721948
364549
53889
189577
913931
173200
85035
673731
389484
250641
41376
36168
582993
261943
352501
389468
620270
2479
1134246
232326
87148
369178
20027
478394
199970
103541
81035
125329
583503
591154
732158
81806
16278
424338
258626
1559741
606637
29396
764953
161978
3009
679028
318445
419328
12835
278133
500557
428582
667630
46206
20955
108043
738091
29213
88926
600323
51724
281918
996055
44236
1481795
286233
1510298
85566
281444
683213
317400
26090
313344
182710
240005
117145
1015509
839357
352990
1186472
25397
839984
214643
529719
308657
92084
21508
1049816
897399
135986
515806
349911
65371
479674
60311
594976
768095
34239
140318
447193
1124717
1446791
45853
881351
161853
8243
1237295
148877
812114
789381
1499390
416592
536569
537743
231533
166437
406699
1114668
175548
1430319
758172
818470
1235302
444810
551991
66943
266391
514535
903681
741498
96538
1158028
1501345
352010
143411
559111
202647
100815
22891
899622
1013043
397593
6171
523978
752933
597994
113477
1281653
163505
1499095
479554
28736
1098868
209305
56744
135873
137027
199026
1176811
1831113
264658
128389
1288231
1106941
242955
134019
1257015
16193
860487
401680
636585
257513
106174
281991
468313
514545
924822
186537
620452
230833
1011628
1627007
52299
405664
109537
85450
452319
8777
114088
53899
352418
435893
801288
496594
617508
207583
1584400
216782
358517
63694
1210923
337403
732887
456426
367360
179804
800955
362368
807883
336814
1870302
104015
624407
238614
926495
181462
531463
1162584
35363
41558
997883
430382
354138
1601828
191168
1830870
97816
720204
271245
744935
31262
625334
1626942
252339
643321
73909
22276
27632
311498
345258
4774
547211
122369
24100
416993
11351
212970
335382
1103306
430785
518257
1515578
213286
241133
551261
241269
118213
112070
414843
1445296
466945
472355
654884
77380
1127948
744038
281037
77375
324201
251672
38001
923039
755170
68339
548294
1605354
488850
1495636
168044
223372
77194
413581
1155092
601087
319565
16332
180635
25264
445947
215385
719233
351194
257787
553244
681826
970897
425786
112738
279649
172756
141532
350279
1008601
506496
649454
947865
531187
1169622
5927
1368483
207446
571002
42202
1681
453479
412911
248467
699
567868
677626
293178
133004
103142
168994
504613
671497
702480
97028
113056
164521
171574
898819
265590
18432
1354244
604232
1285101
20268
319774
403161
308810
2137
622307
741265
504725
515158
848824
25346
354011
59461
50425
18618
1142038
1735392
100647
78201
768332
342515
1273293
997597
832943
1327890
346699
195690
186277
545194
326395
287069
561197
535879
1662026
315198
305861
778898
635971
331962
321528
248233
359086
116241
1033778
148404
196488
51502
831444
836984
1121584
1107466
1032969
1386954
1436786
109468
926952
1594892
354307
443581
601990
6887
71044
33477
161185
1382799
697138
514713
314117
599206
841575
542936
1103143
208359
11360
432074
1860401
159998
27550
372115
459297
34887
63104
1159483
611333
757602
618812
940326
18331
1295166
398824
234818
16865
422730
316794
994439
981792
1402743
1262280
7181
227631
1426861
166302
855869
8066
52532
264273
1605574
772445
274027
815271
33199
682768
101222
649494
1484177
427994
1015218
1495409
102608
1342917
1531306
354901
183138
145396
1050785
725981
505721
51418
313981
847214
162332
534542
77323
36770
53591
591997
275511
83194
833603
21967
321577
830088
623459
761057
1933878
32027
70174
217034
32302
108024
43399
154105
311315
1392695
272224
123196
1496733
882155
41123
100713
296854
352542
941644
610823
868836
53209
270497
301340
275905
154777
369872
155511
586284
53415
483973
124555
186300
885588
25149
19349
26383
1156971
355219
200330
452270
155692
479617
763800
337811
310492
819829
615644
273692
1245825
159500
351720
309539
1615266
37019
1378265
52869
114797
268575
526587
333067
219550
976753
3308
3730
490651
34840
122761
715302
569234
764921
94871
269787
507042
32638
244154
536978
1056905
919591
1197761
351663
32793
14971
75637
354772
556757
1701948
379004
717960
558167
516625
183849
502662
1718264
580963
227350
645258
1145997
118204
208669
174247
31809
1623951
611
151485
297721
143640
58513
296271
31749
455918
67594
328180
485830
837911
261400
851385
800133
6605
441229
1027346
33826
293984
1174895
5424
610316
294923
973239
185136
902377
868804
1024662
1409708
497300
1610442
94710
291765
53642
724882
1282873
32821
408643
151557
60780
219256
22648
35906
129961
1222872
1364811
4136
102696
349932
1668064
831835
23646
839358
91226
401162
1850507
1127672
211918
1462297
95133
35940
30687
508532
604787
453949
1217454
5702
358201
211014
246434
74353
620466
337721
125265
970505
555011
824773
466124
1337146
82645
1120838
54616
226104
595057
1010686
304471
79268
780029
488
1136347
263748
916306
624856
535569
93904
46873
994713
86381
11315
788131
690621
350832
642647
18462
184891
267591
574532
344296
1228685
333167
50179
42511
240274
73791
1160208
20036
206947
464078
1204106
8718
1041271
499544
735165
390669
290312
252438
296610
454348
682081
653958
593584
8403
17192
1478941
966624
26832
949909
625191
367013
218899
70111
162768
390473
1559372
23740
791322
113398
61902
559816
142541
577964
1385852
1431548
850943
562430
581316
72586
850333
906832
11871
197875
713489
365959
891755
780934
1134375
1088067
1397193
46496
240622
1235396
141892
24723
627566
56199
686615
414043
977379
584807
371830
781012
132423
68263
1833709
689595
796806
333597
362694
587519
857711
29708
15593
74622
782893
469406
289766
868924
1272412
505406
454317
34617
1212747
369773
832418
307046
537409
39758
349021
362111
537457
1351600
746167
54128
1141167
652185
1541167
928391
1196730
1757661
84919
608962
580592
703916
513141
146559
135165
182561
1624347
259542
59634
104829
31841
641043
80325
1349788
797037
975889
592869
269816
594173
52702
761810
870376
1391129
1062246
890565
40005
1194733
835526
351546
1091350
481179
41605
290816
1348317
497367
263908
697798
698401
83148
512069
192046
264818
493898
588504
100495
205125
16722
507387
1122853
113827
732846
165589
35057
32434
370234
252637
615961
298729
59445
124413
677185
1157422
207305
4870
546057
110520
1556846
416466
419914
318448
28147
284701
188406
559321
172744
951157
524849
122204
521323
548261
81406
935614
387150
4175
37455
270993
975627
253141
28821
399881
19039
348630
811880
192411
530236
75576
919278
7824
327294
889537
866213
1102042
378990
376792
1171959
722348
24525
190939
115717
1030447
18726
546227
945458
798092
2697
1457908
594442
921066
181216
572761
776701
185576
45247
421307
76652
1027877
1088947
1067225
618461
234453
1526655
1095047
504781
365729
304687
39075
253705
350230
823826
962667
174604
477932
848893
2619
214427
944332
509157
26126
87698
34563
174467
538574
37030
100308
1253025
883419
86023
763272
140597
55782
331866
578708
1623660
438542
1369266
727038
1965666
1081257
303994
181671
901717
49559
90286
117531
5504
240153
907
178253
502425
972368
59786
247415
897826
1262576
182735
879837
1450297
506193
278177
11142
186259
189117
269335
99916
224329
1153853
218267
395832
91432
134508
227866
462990
778162
423784
61613
436403
20606
9485
299507
1110907
1803242
586910
1429825
269587
200734
297784
1210241
156892
436312
659091
28577
1143920
182326
1028300
1756195
145959
199701
112874
977349
274298
1154282
124764
343221
132876
730039
1525780
1056708
303482
697981
107203
443803
43666
1044273
79151
414286
450475
202128
699581
189957
12410
488245
18258
1413073
581696
1277774
1439091
274505
378496
705461
380481
495587
989367
197360
660454
645793
71327
418615
38123
767985
72588
861725
219443
736462
125947
505307
525928
394246
1353450
1543127
298743
282068
664231
602656
91960
1584409
1273341
370124
333195
381933
25852
683149
282197
406722
66352
1365747
563434
1270347
851825
247919
611907
744836
419991
132815
449527
449975
245565
685453
656026
602317
705859
516957
540525
1203213
135374
582222
831833
905880
24486
97207
347986
40449
1184785
96820
759662
362383
1737620
359433
223543
18866
434631
1344581
142295
71408
110586
579562
144674
1287891
747982
532965
165339
91282
1714966
339062
237876
317527
508259
404144
87633
963449
608897
529691
743016
57811
231370
18173
450785
19238
996251
804871
285962
820137
565848
180834
1254744
451541
1386618
88905
132548
222925
27254
108848
229624
57688
423888
317698
546213
93282
127597
718268
297298
1003008
520682
111593
938484
1380895
1462823
286933
1023123
1100003
1264551
42329
1340179
833695
1121802
765670
253242
144069
1487173
869197
1086079
201311
517913
89004
1049632
937094
274683
1028475
1193557
128845
77186
1919707
1271534
68027
1627079
505620
984029
453151
403191
504988
98529
665122
394894
62126
16754
272903
193177
1029396
605924
30551
76026
219904
411899
379632
111671
374815
308644
472348
81868
355683
384489
164152
140851
1615171
199744
279788
1115145
911911
316287
18785
209783
1474645
61220
289688
823155
10441
88803
256041
3855
122484
1399700
734042
247328
32106
664974
63008
14277
612587
1272387
712837
82529
677353
134677
43036
1685283
1117160
1519856
254763
1656674
492479
98886
183781
207535
234730
127829
417097
439188
493542
25949
131195
480773
616256
85547
365605
133888
902786
413562
1013093
595615
395539
755951
493815
1463154
984128
1013783
403131
375831
345684
15487
196017
946604
893214
620679
338723
1689153
1764228
124138
33617
1219866
90604
430426
286316
369217
450879
969100
394954
1159296
938915
311582
246616
667996
464062
21796
385639
32842
289069
455294
1036307
121671
26093
49043
291562
132677
1669432
292957
619216
500473
499613
217152
1659607
247448
1125492
656
830660
468473
912106
27889
22535
383336
1076211
912249
769570
701110
1246865
163254
211130
98501
3824
875812
14522
657402
390822
1250188
330514
226600
1422842
22908
100862
9278
1478074
117711
215579
73160
1009702
85868
211602
856374
33081
781949
1368161
94811
525523
297542
857195
1275386
132007
379190
36010
933710
1267537
106643
682831
743136
1037207
1478056
394002
121417
247548
121934
181539
790568
893206
80722
111499
464970
1527609
608117
283431
1739517
853744
356220
293541
128915
406099
442975
3081
285201
1688913
107237
1211569
242434
989301
182636
294942
1530685
444597
1451906
652550
1518460
37375
81248
25332
6133
756514
356986
300372
187971
1158936
18289
535179
413320
314264
528497
526072
9633
1415593
825575
1733780
328537
384389
628304
1266107
132209
539989
941683
536201
224294
1282798
338121
25474
663865
27606
63669
557197
436091
208695
377587
1494875
492043
1448447
714973
822217
1132858
108933
114313
1418055
79510
370263
41599
86389
303984
960777
163069
13510
617465
396463
16617
405158
858099
25931
1497479
95273
246586
430903
212141
531212
15976
1708081
430835
45133
432133
222629
1127041
41854
231398
378074
20898
1237268
702370
1231367
984806
736595
160417
813231
687578
512358
845963
153478
983835
226026
843973
29705
245012
117473
199783
186627
97151
513487
122815
195463
1308874
79914
645
262689
704985
108761
102189
1086737
527360
145065
463396
143731
114424
166550
96971
151076
329015
21635
17711
22800
473863
1065917
1414648
20381
1216614
1594859
425010
1698901
1051913
6573
271565
925121
205160
493071
297057
10369
1054801
916776
572257
315614
437795
1116879
1214075
585339
250010
188947
351671
235793
1526675
11085
148391
610527
198714
219190
424542
1758030
517637
288704
1979
1839443
323406
76741
12792
1111171
1561767
1468839
111401
20794
270460
1199321
349034
220741
1007660
355799
264125
853256
325711
60929
136362
1579561
143209
55488
47482
22861
303878
271035
1014011
754513
556372
90828
538654
1631398
890396
76787
305922
209141
731219
250858
281507
1431272
1251407
150816
837648
507017
424985
247948
354274
505547
298657
497464
80073
37674
636257
379305
200508
1749
141700
937723
1912008
963763
1464765
375816
1478247
868849
