42
90 94 153382407
79 114 983937640
1 90 472414776
90 112 771624352
2 59 298646981
56 115 248960965
24 107 915713278
15 54 756330318
89 139 376829936
83 96 497598864
55 85 736216503
62 100 689552516
91 107 789933791
17 34 517602530
62 83 924472674
24 74 523514013
14 87 242007583
70 157 697468843
100 142 852175775
15 34 984716754
69 153 255006563
80 176 49238608
74 163 382912187
100 122 504478213
59 134 736470147
37 74 946471821
27 41 212125599
91 132 962890177
32 104 860275875
46 55 886516604
32 124 552607429
44 110 2074519
17 85 218856978
39 130 725181064
8 11 480949989
40 56 332445897
44 46 815237072
33 116 925905383
46 82 106191351
31 35 560841373
69 156 789847153
54 82 514649567
