12
1 23 22 13 21 13 20 13 19 13 19 12 18 12 17 12 17 11 17 10 17 9 17 8 17 7 17 6 17 5 17 4 18 4 18 3 18 2 19 2 20 2 21 2 21 3 22 3
2 16 20 18 20 17 20 16 20 15 19 15 19 14 18 14 17 14 16 14 16 15 15 15 15 16 14 16 13 16 13 17 13 18
3 28 0 0 1 0 1 1 1 2 1 3 0 3 0 4 0 5 1 5 2 5 2 6 3 6 3 7 3 8 4 8 5 8 5 9 6 9 7 9 7 10 7 11 8 11 9 11 10 11 11 11 12 11 12 12 12 13
15 12 21 1 20 1 19 1 18 1 17 1 16 1 15 1 14 1 14 2 13 2 12 2 12 3
17 15 2 10 3 10 4 10 5 10 5 11 5 12 5 13 6 13 7 13 7 14 7 15 7 16 7 17 7 18 7 19
19 12 18 17 19 17 19 18 19 19 20 19 21 19 22 19 22 18 22 17 22 16 22 15 22 14
22 18 13 4 13 5 14 5 15 5 16 5 16 6 16 7 16 8 16 9 16 10 16 11 15 11 14 11 13 11 13 12 13 13 14 13 14 14
37 5 3 4 4 4 5 4 6 4 7 4
41 11 6 2 7 2 8 2 9 2 9 1 9 0 10 0 11 0 12 0 13 0 14 0
45 2 5 1 4 1
51 6 7 8 8 8 9 8 10 8 10 9 10 10
63 8 12 8 13 8 13 7 14 7 15 7 15 8 15 9 15 10
