12
1 23 22 13 21 13 21 12 21 11 20 11 19 11 18 11 17 11 17 10 17 9 17 8 17 7 17 6 17 5 17 4 18 4 18 3 18 2 19 2 20 2 21 2 21 3 22 3
4 21 14 15 14 16 13 16 13 17 12 17 12 18 11 18 10 18 9 18 8 18 7 18 6 18 6 17 6 16 5 16 4 16 3 16 2 16 2 15 2 14 2 13
8 24 18 15 17 15 16 15 16 14 16 13 16 12 15 12 15 11 14 11 13 11 13 12 12 12 11 12 10 12 9 12 8 12 7 12 7 11 6 11 5 11 5 10 5 9 5 8 6 8
15 12 21 1 20 1 19 1 18 1 17 1 16 1 15 1 14 1 14 2 13 2 12 2 12 3
19 8 18 17 19 17 20 17 21 17 22 17 22 16 22 15 22 14
37 5 3 4 4 4 5 4 6 4 7 4
41 11 6 2 7 2 8 2 9 2 9 1 9 0 10 0 11 0 12 0 13 0 14 0
45 2 5 1 4 1
51 6 7 8 8 8 9 8 10 8 10 9 10 10
63 8 12 8 13 8 13 7 14 7 15 7 15 8 15 9 15 10
74 6 4 2 3 2 2 2 1 2 1 3 0 3
75 3 2 5 2 6 3 6
