19
9 9 1 6 1 5 0 5 0 4 0 3 1 3 1 2 2 2 2 1
11 11 3 5 3 6 3 7 3 8 4 8 4 9 4 10 4 11 5 11 6 11 6 12
15 12 21 1 20 1 19 1 18 1 17 1 16 1 16 2 15 2 14 2 14 3 13 3 12 3
16 17 21 9 20 9 19 9 18 9 17 9 17 8 16 8 15 8 15 7 14 7 13 7 12 7 11 7 10 7 9 7 8 7 8 6
19 12 18 17 19 17 19 18 19 19 20 19 21 19 22 19 22 18 22 17 22 16 22 15 22 14
25 18 10 2 10 3 10 4 9 4 9 5 9 6 10 6 11 6 12 6 13 6 14 6 15 6 16 6 17 6 18 6 19 6 19 5 19 4
32 17 11 4 12 4 12 5 13 5 14 5 15 5 16 5 17 5 17 4 18 4 18 3 18 2 19 2 20 2 20 3 20 4 20 5
36 6 16 17 16 16 16 15 16 14 16 13 15 13
37 5 3 4 4 4 5 4 6 4 7 4
39 16 3 11 3 12 4 12 4 13 4 14 4 15 4 16 4 17 4 18 4 19 5 19 6 19 6 18 7 18 8 18 8 19
41 11 6 2 6 1 7 1 8 1 9 1 9 0 10 0 11 0 12 0 13 0 14 0
42 11 6 14 6 13 7 13 7 12 7 11 7 10 6 10 6 9 5 9 5 8 5 7
45 2 5 1 4 1
49 10 11 17 11 16 11 15 11 14 10 14 10 13 9 13 9 12 9 11 9 10
51 6 7 8 8 8 9 8 10 8 10 9 10 10
52 7 8 14 7 14 7 15 7 16 7 17 6 17 5 17
59 10 8 17 9 17 10 17 10 18 11 18 12 18 12 17 13 17 13 16 13 15
61 8 14 9 15 9 16 9 16 10 17 10 18 10 19 10 20 10
63 8 12 8 12 9 12 10 12 11 13 11 14 11 14 10 15 10
