20
15 12 21 1 20 1 19 1 18 1 17 1 17 2 16 2 15 2 14 2 13 2 12 2 12 3
17 15 2 10 3 10 4 10 4 11 4 12 4 13 4 14 4 15 5 15 5 16 6 16 6 17 6 18 6 19 7 19
19 8 18 17 19 17 20 17 21 17 21 16 21 15 21 14 22 14
20 18 15 19 15 18 15 17 15 16 14 16 13 16 13 17 12 17 12 18 11 18 10 18 10 17 10 16 9 16 8 16 8 15 7 15 6 15
25 20 10 2 10 3 10 4 9 4 9 5 9 6 9 7 10 7 11 7 11 6 12 6 13 6 14 6 15 6 16 6 17 6 17 5 17 4 18 4 19 4
31 15 22 5 21 5 21 6 20 6 19 6 19 7 18 7 17 7 16 7 15 7 14 7 13 7 13 8 13 9 13 10
32 17 11 4 12 4 12 5 13 5 14 5 15 5 15 4 16 4 16 3 17 3 18 3 18 2 19 2 20 2 20 3 20 4 20 5
36 6 16 17 16 16 16 15 16 14 16 13 15 13
37 5 3 4 4 4 5 4 6 4 7 4
41 11 6 2 7 2 8 2 9 2 9 1 9 0 10 0 11 0 12 0 13 0 14 0
42 9 6 14 5 14 5 13 5 12 5 11 5 10 5 9 5 8 5 7
45 2 5 1 4 1
51 6 7 8 8 8 9 8 10 8 10 9 10 10
61 8 14 9 15 9 16 9 17 9 18 9 18 10 19 10 20 10
63 12 12 8 12 9 12 10 11 10 11 11 11 12 12 12 13 12 13 11 14 11 14 10 15 10
65 8 7 16 7 17 7 18 8 18 9 18 9 19 10 19 11 19
74 6 4 2 3 2 2 2 1 2 1 3 0 3
75 3 2 5 2 6 3 6
76 8 11 16 11 15 11 14 11 13 10 13 10 12 10 11 9 11
77 13 22 9 22 10 22 11 21 11 20 11 19 11 18 11 18 12 17 12 17 13 17 14 17 15 17 16
