19
14 7 14 6 13 6 13 7 12 7 11 7 10 7 10 8
15 10 24 13 24 12 24 11 24 10 23 10 23 9 23 8 23 7 23 6 24 6
24 16 16 2 16 3 17 3 18 3 18 4 18 5 17 5 16 5 16 6 16 7 17 7 17 8 18 8 18 9 18 10 18 11
36 7 10 19 11 19 12 19 12 18 13 18 14 18 14 17
52 16 8 9 7 9 6 9 5 9 4 9 3 9 2 9 1 9 0 9 0 10 0 11 0 12 0 13 0 14 1 14 2 14
55 27 13 19 13 20 13 21 14 21 14 22 15 22 16 22 17 22 17 23 18 23 18 24 19 24 20 24 21 24 21 25 21 26 22 26 23 26 23 25 24 25 24 24 25 24 26 24 26 25 27 25 28 25 29 25
56 11 18 16 18 15 18 14 18 13 17 13 17 12 16 12 16 11 16 10 15 10 15 9
57 20 19 17 18 17 17 17 17 16 17 15 16 15 15 15 14 15 13 15 13 14 13 13 13 12 12 12 11 12 10 12 10 13 10 14 9 14 9 15 8 15
73 10 14 16 13 16 12 16 11 16 11 17 10 17 9 17 8 17 7 17 6 17
81 11 26 16 26 17 27 17 28 17 29 17 29 18 29 19 29 20 28 20 28 21 28 22
82 9 5 21 4 21 4 22 4 23 5 23 5 24 5 25 6 25 7 25
94 8 3 5 3 4 3 3 3 2 3 1 4 1 5 1 5 0
99 32 16 1 17 1 18 1 18 2 19 2 20 2 21 2 22 2 22 3 22 4 23 4 24 4 24 5 25 5 26 5 27 5 28 5 28 6 28 7 28 8 27 8 27 9 27 10 26 10 26 11 26 12 26 13 27 13 27 14 27 15 28 15 29 15
116 9 23 19 24 19 24 20 24 21 24 22 24 23 23 23 22 23 22 24
123 3 7 1 8 1 9 1
124 23 8 11 7 11 7 12 7 13 7 14 6 14 5 14 5 15 5 16 4 16 4 17 4 18 3 18 2 18 2 17 2 16 2 15 3 15 3 14 3 13 2 13 2 12 2 11
127 3 2 25 1 25 1 26
132 5 24 2 24 3 25 3 26 3 26 4
137 5 8 22 8 21 8 20 8 19 7 19
