40 333333333333333333
838964826 728866598
85969799 962560181
936831681 609656799
616064967 573057582
526730282 519030932
141810289 942954013
857558766 695136328
341576239 691179090
853097929 689966003
907461956 879642010
104596595 693149719
899330862 201866664
160158629 284094685
613040967 57064604
753876376 836888777
272413691 427406102
945433403 841500569
243456624 895106564
677850774 431993118
80383003 289692531
25239455 214933754
689489122 937439271
537135397 223779972
200041346 934809149
724817626 355122557
177077254 950288353
92843211 592457786
948709194 991792633
639086538 500621953
960801576 747648937
799360422 395289707
139270742 709906416
701696746 536507528
499236822 15770592
804034788 59128960
260857248 119596766
775761784 904813605
702393112 248131230
433799074 853780026
960620678 294295094
