36 28 26
.................#..........
...........#................
................#...........
........##..................
........#.............#.....
.....#..#...................
...#.....#.........#........
............#...............
....#..................#..#.
......#.....................
.....#...#.................#
.....#.....#...#......#....#
...................#........
.....#...................#..
.....................#....#.
..#.....#........#..........
.........#..#.....#.........
...#.....#....#..#..........
..#......#.##.............#.
..........#.................
.....#............#.........
............................
..#......#....#...........#.
...#...#....................
...............#............
.........................#..
...............##..........#
.........#...#....##........
.....#..#.......#...........
............................
.......#....................
..............#.....#.......
.........#..................
......................#.#.#.
.........................#..
..........#.........#.#.....
14 6 28 26
18 17 35 2
31 21 1 1
28 3 4 16
25 16 4 23
0 22 32 7
15 0 3 27
14 13 34 18
13 20 28 1
15 24 1 9
5 11 33 27
1 16 30 3
12 0 0 25
17 16 5 0
4 14 22 0
17 25 3 4
34 23 6 8
21 2 2 26
25 26 15 3
30 20 5 12
22 11 1 14
12 13 28 0
3 14 35 26
1 13 35 23
18 18 0 13
14 24 3 1
