28 40 24
.............#..........................
....#.........#...#...........#.........
...#.#...##...........#.....#....#......
..#.#.#..#...........##.........#.......
...#......#.......#.........##..........
..#..#....#...........##......#......#..
..#........#............#.#.#........#..
....#.#.....#....#.......#....#...#.#...
..#......#........#.........#...#.#.....
........#......#...#...#.....##.#.......
......#.......#.......#......##.#.#.....
...##.................##...#.......#.#..
#.....#...#......#.##.......#...#......#
.#.....##....#......#....#......##......
.#.......##....#...#....................
#.....#..................#..............
..................#.#.#..#.#............
...........##.#.#.........#.#..#.....#..
#..#...##..........#.#....#.......#.#...
...###..#......##......#.......#........
..#...#....#...#.#..#............#......
.......#.#..##...##...........#.........
.........#....#.#......#......#..#..#...
............##............#...#.##......
............#..............#...#..#.....
...........#....#............#..#.......
............#..#.#.........#...#....##.#
.........#.........#.........#..##......
0 32 20 13
6 16 19 35
25 25 1 0
5 18 27 36
20 0 5 38
0 39 21 6
0 11 18 39
1 32 22 5
22 35 4 5
3 29 24 2
27 7 1 38
26 1 0 38
5 33 21 4
7 8 17 35
23 14 2 2
20 30 0 8
5 3 15 36
19 11 6 35
0 20 27 38
23 2 1 28
6 13 20 35
6 33 20 4
20 7 6 36
25 26 2 1
