37 34 38
.#...............#...#..#.........
#.#.....#....##..............#....
................#.....#.......##..
......#.....#.........#...........
#.#..........#....#.....#.........
......#.........#.................
.....#..............#......#......
.....#.....#..#....#..........#...
..#..#.#............#.#.#.......#.
...........#..#.......#...........
..#..#.##.#...#............#......
..............#......#............
.#.#.........#..........#..#......
..........#...........#...........
#............#.#.#.....#....#.....
..........##.#..#....#.#....##...#
.........##....................#..
....#....#...............#........
........#.....................#...
.....#.........#..#......#........
...................##.........#...
.......#...#...#.#................
##....#.....###......#..#...#...#.
.........................#.#.....#
....#........#..#...#....#......#.
.................................#
..........#.......................
.#.#.#........#.............#.....
..#......####.##.#......##..#..#..
....................#...#.#......#
................##....#..#........
..#...#........#..#..............#
.......#...............##.........
..........#......#..............#.
..........##...............#......
..#...#........#.#..##....#....#..
.......#...............#......#...
16 15 34 33
11 6 36 15
13 19 34 5
13 33 26 3
21 25 7 0
17 2 35 33
31 31 5 2
15 14 29 28
27 18 4 30
9 23 31 4
0 9 36 31
0 32 29 12
19 12 3 27
26 19 1 33
32 26 2 1
3 3 29 29
11 31 32 2
23 7 10 33
30 13 9 1
26 4 14 30
27 25 3 11
22 16 2 3
21 21 33 2
4 6 27 24
36 29 7 7
10 21 30 9
13 0 34 30
20 22 32 3
22 8 0 26
30 28 3 8
36 17 3 32
17 24 25 1
11 32 31 7
30 1 1 19
16 20 6 33
29 3 3 30
34 16 5 32
5 30 36 4
