29 29 25
#.##.......#...#......##.#...
#.#.#...#.#....##.....#....#.
..#..#....#.#.....#...#.....#
..###.....#..#.#.....##......
.........#......#...##.......
.......#.......#....#......#.
...##.#....##..........#.....
..........#......#......#....
....#.#.....#...#.....##.....
#....#..#......#...........#.
....#......##...#....#.......
......#..#..#....#...#.#.#...
....#...#..##................
..#..........#......##......#
.........#...#...............
#..#....#......#..##.#..#..#.
#....#..##....#.#........#..#
#.#.......#.......#..........
........#...#....#.....#..#..
......#.........#.........#..
..#..#.#.....#....##..#.#..#.
#.#.#......#......##...##....
..##..#...#.#....##.#....#...
........#.......#..##........
..........#.#.....###........
............#....#......##..#
..#..................#..#..#.
..####.........#.............
.##........#..#..#...........
2 17 27 1
3 1 27 23
14 3 27 21
22 21 7 2
12 25 28 0
7 23 22 9
10 8 21 28
22 15 4 3
5 11 23 28
7 5 19 28
27 25 7 8
22 19 7 0
24 24 13 3
25 1 9 17
18 4 6 21
9 26 28 8
25 10 5 28
24 22 0 1
28 13 4 27
11 5 20 26
27 13 8 28
27 6 4 15
9 11 26 18
15 13 8 24
27 24 3 5
