34 33 30
.......#........#..........##....
#.#......................#.......
...............#.................
#.......#........................
...#.##..........#...............
....#.........................#.#
....#....##.#...#.......##......#
..##......#...#.....#.........#..
....#..#.##....................#.
........#.............#...#...#.#
...#.#........#......#......#.#..
..#.#..#.........#.#.....#.......
.......#.........#.........#.....
##.#...........#........#...#..#.
..............#......#.........#.
.#........#..........#.......#.#.
..##......................#......
..#...#..#...#........#..#....#.#
#..........#...##................
.......#......#.........#.#....#.
.........##...........#..........
.....#..#..#..#.................#
.............#........#..#.......
......#...#..................#...
...#..#.#.....#..#.....#.........
#.....................##......#..
.#.........#......#.#............
.....#..........#...........#....
.........#............#....#.#...
...#....#.......#........###..#..
...##......##....#.......#.......
.#..........#.#................#.
....##.#.....#.........##....##..
....................#............
16 7 5 26
20 19 33 0
1 6 25 18
17 8 5 19
0 11 32 28
29 14 5 29
4 1 26 27
26 22 4 0
11 29 30 5
31 15 5 31
33 5 19 32
14 10 32 26
18 26 2 5
15 19 0 9
10 19 30 16
24 27 0 13
19 10 3 25
11 5 28 26
9 11 30 1
17 26 12 0
29 29 3 3
20 32 1 8
7 22 29 4
3 15 28 32
8 8 27 32
23 20 5 7
12 25 31 2
20 5 1 18
1 32 27 4
25 32 2 6
