40 35 34
...##...##......#............#....#
....#....#................#..#...#.
.....#....#.......#...............#
.........#................#..###...
...#.#.#...........#.#...........#.
.........#.........#.#.#.#.........
.#...#......#.#...#...#......##....
.#......#.......#............#..#..
..........#.......#................
...................#..........#....
..#..##.......#.......#............
.#.....#.........#....#.........#.#
........#....#........#........#...
....#........#......#..###...#..#..
#.....#.............#...#.#........
....##.##.#...#....#.#.#....#.##...
....#..#.#..............#....#..#..
..........##...#.#....#............
#...#..#.....................#.....
....#..#....#.#.....#......#......#
...........##...#...#.#.......#..##
............##..............#.#....
.#.......#...........#.............
..........##........#.............#
..#...............#................
....#..#......#.....#...#........#.
............#..#....##...........#.
#...##............##...#.......#...
....#...........#...........##.....
......#.....##.........#.....#....#
.........#.##..#......#.........#..
#..........#..##..........#.##.....
.......##.......#.......#..#.#.....
#.............#...#.....#..........
....#....##..#.....#......#........
..........#..#......#......#.......
.#.....................#...##.....#
##......#..............###.......#.
......#.......#...#..####....#.#..#
....#..#...........#...#...........
7 21 36 8
31 31 11 2
34 11 9 25
21 21 3 4
23 12 7 34
37 16 9 31
36 19 3 1
25 19 5 3
38 15 4 28
15 12 29 30
0 31 38 10
5 30 35 3
16 26 2 0
15 24 30 0
25 1 36 33
9 0 37 29
5 6 39 28
11 11 2 33
25 2 39 26
18 18 38 4
11 29 39 17
23 8 15 34
14 4 22 32
30 29 12 9
11 15 37 27
36 11 1 5
12 4 38 27
0 26 30 1
31 34 3 11
20 10 35 30
23 33 7 0
16 13 39 20
32 17 1 34
13 31 1 2
