37 38 41
..#.....................#.#...........
.....................##...............
........##.........#...#............#.
.......##...................#.......#.
..#..............###....#..........#..
..#.......#..##......#....#.#..#......
......#.#........#.................#..
#....#...........#........#....#......
...##..................#...#....#.....
....#.#.......#.....#...............#.
.....#...#...................#........
.............#....................#...
#..##......#.......................#.#
...###............##.....#............
...........#.....##..........#........
......................................
.#..#..#..##...........#...#..##......
........#............#................
......#........#.....#......#.........
..#........#.....#.....#....#........#
.#.......................##..#........
............#....#..................#.
...........#.........#.........#......
..##.##..............................#
...#...#.#.#....#................#....
.#........................#...........
..........#.....#.....................
.........#....#.......................
.......#.....................#...#....
#.....#...............###...#.........
#.........................#......#....
...#............#....................#
......#....#..#................#.##..#
#...#.##....#........#...#..........#.
..####...#....##......................
..##.#................................
..##.#..................#...#.#.......
35 27 12 10
28 13 2 27
28 12 3 35
16 15 35 34
22 3 4 37
31 27 0 3
8 22 19 0
36 4 13 37
30 4 4 34
17 33 2 4
6 32 32 3
2 29 32 0
11 28 29 1
0 37 25 11
6 0 25 37
25 33 26 0
9 8 36 34
25 22 8 1
28 9 5 35
2 16 29 31
9 26 36 1
10 34 27 0
31 15 5 33
24 22 5 32
21 10 36 31
10 26 29 13
30 2 11 36
29 21 6 3
26 19 1 36
7 21 31 0
18 11 35 25
18 24 27 2
24 14 0 35
26 33 9 5
32 32 0 11
33 37 22 1
12 16 31 30
35 11 2 25
11 10 34 30
5 3 31 14
21 26 10 6
