35 40 35
......#...##.....#........#........#....
.......#...........#.##.##...#....#.##..
..#..............#..........#...........
.#......................##......#.#.#..#
...........#.............#....#.........
#....##...#...#......#.#...#..........#.
....#.........#..............#.....#....
#.....#....#.#......##.#..............#.
..##.#..#.........#..#.......###......#.
.##..#.#.........#.......#...#..#.#....#
......#........#....#..........#.#.#.#..
.#....................#.#...#.#...#...#.
............#...#...#..#..#....#...#....
##...#...#.#......#.#..##..........##.#.
..#.#.............................#.....
.....#.#.......##......#........###.....
#.....#...............#..#.....#..#.....
...#.......##....#........#.#.......#..#
.........#...##...........#..##......#..
.......#....#......#.....#..............
......#.#..................#............
......#...#.....#...............#...##..
.....#..#........##......##.....#.......
#..##........................#......#...
....#.#...##..#...#...#...........#.....
..............................#..#..#...
#..#....#.#...........#.....#...........
.....#..#...........#......##........##.
............................#.#.#.......
#.........##......#.....................
.......#......#....#....#...............
##............#.....#...#.....#.........
..........#.....#.#.....................
#..#...#..#..........#......#...........
......#.#........................#.#....
31 23 1 3
26 15 21 39
16 7 13 39
14 32 30 1
3 31 34 25
13 19 27 9
16 19 33 38
4 38 33 1
19 9 10 36
14 10 33 32
33 34 8 11
32 27 10 1
9 36 32 3
17 24 32 1
22 22 2 32
20 3 34 36
20 12 24 39
5 34 25 4
25 11 5 39
12 28 29 7
27 30 0 3
32 9 0 33
9 22 28 2
33 11 6 39
3 29 33 9
17 6 34 26
27 4 3 26
7 24 18 5
32 26 2 8
29 9 24 27
27 29 0 1
28 6 8 36
24 9 1 31
25 9 15 39
4 33 33 12
