32 32 23
..#....#...#......#.............
..#....#....#....#..........#...
....#.#..#...##.....#...........
......#..#...#..#...............
.............#...............#..
....#...#............##.......##
....#.#.##........#......#...#..
...#...#.#......................
.##..........#...#......#......#
.#......#..#....................
#.....###........#......#..#..#.
......##......#............#....
....##......#...........#.#.....
.............................#..
................#..#.##..#..#...
...#.....#.#.#..............#...
..#..#.#..##........#...........
.....#.......#.....##..##.......
##.#............#...............
##...........#.#....##..........
...#.##.#.............#.........
...................#..#..#.....#
...............##.......#.....#.
#..#..........#.........#.......
......#..##.#............#......
...#.....#...#...#............#.
...........#.......#.......#....
......#............#............
#........#.....#..#.#...#.#..#..
#....#........................##
..##..##..##................#...
##..#.......##......#...##......
7 22 27 3
14 29 28 7
31 29 1 14
29 25 4 1
10 12 27 4
3 21 29 1
28 3 12 31
15 23 31 2
13 9 28 31
9 19 0 0
31 9 3 12
13 1 0 29
0 30 29 16
25 22 4 3
26 30 7 6
30 29 2 1
30 15 7 2
0 3 27 21
11 18 1 3
29 2 9 26
8 11 31 19
7 29 21 1
28 4 5 18
