30 30 24
.#...............#............
......#...#......#............
.................#............
............#........#...#....
.........#......#.........#.#.
.......##.......#.#...#.......
......#....#..................
..............................
...#.......#.#............##..
.....................#........
#.............................
#........#...#.#..............
.................#............
....#.....#.#.................
.....#........#.......#......#
.#...........................#
..............................
.............#.#.............#
.#..........#...........#...#.
........#.....................
.....#.....#...#..............
.....#..##.#...............#..
.........................#....
...#......#..#............#...
...........................#..
.........#.....#.#..##........
...........#..................
.................#.........#..
.#.......#....#......#..#.....
.....##.......#..#..#.........
10 13 0 26
29 29 1 15
19 11 2 1
13 9 24 25
17 9 21 29
12 3 4 29
11 3 1 29
24 23 8 7
17 16 2 26
23 5 7 29
9 14 25 22
23 18 2 23
5 23 24 11
13 28 1 4
7 11 23 27
8 23 29 1
25 19 15 0
6 16 26 2
8 18 26 23
1 0 27 28
18 15 2 6
12 20 28 3
11 11 29 25
15 28 5 6
