38 33 29
....#.......#.....#.#............
........#...##...#....#..##..#..#
#.........#................##....
.#...#.....#.....#.........#.##.#
.......#........#................
...##.####......##..#....#.#..#..
...............#..#.#....#.....#.
.....#..##...#...............#...
#...#..#...#...#...##......#.....
.....#.........##...#..#...##...#
...#......##...#......#......###.
#..#.......###....##....#.#.....#
#..#..........#.#.....##.#....#..
#.....#.#....#....#...#....#.....
#...#.........#...#..#.......#...
........#.........##......##...#.
........#...............##....#..
...#.....#.......#............#..
.....#........#.#.#........#.....
.#..........#....##.#..#.#.#....#
..#....#......#....#..#.#.....#.#
......##..........#....#....#....
..........##..#........#...#.....
..##...#..##.#..#......#.....##..
...............#..#...........#.#
##..##...##..#......#.#.......##.
............#..#..#......#.......
....#.......#.........#..........
........#.......#....###......#..
.............#.###..#....#.#.....
...#....##..#..#.#.....#......##.
..............#.....#...........#
.#.....#....##.......#..#........
...#.....#......#.........#.....#
...#...........#.............#...
#..........#...#............#....
##.#.....#......#...#.....#.#....
.......#.#.###...##.###.#.#......
8 18 36 30
36 29 4 4
22 2 36 32
34 14 4 10
34 1 6 32
6 22 28 4
34 9 4 25
24 8 4 18
35 31 2 7
34 32 0 0
29 29 5 0
7 12 36 13
21 3 1 28
17 5 33 24
26 14 1 21
0 10 34 21
23 31 8 5
19 30 1 6
15 21 33 0
34 2 4 22
18 2 36 25
32 0 4 23
9 7 32 28
2 20 26 32
26 5 4 26
30 6 2 23
25 27 0 1
22 24 11 1
0 2 34 20
