30 30 28
..#......#....................
.........#................#...
.......#...........#..........
...........................#..
...............#...#.........#
#.#............#.............#
....#.............#...........
.#..#......#..................
.##..........##.........#...#.
..#..#.#..#......#..........#.
..#................#.....#.#..
.........................#....
...#....#.....................
...#..........................
..........................#...
.................#.....#......
.......................#...#..
.#........#...................
..............................
..............................
.....#.......#............#...
..#..........####.............
....................#.........
...................#...#....#.
.#............................
...........#.........#........
.....#......#..#......#.......
.#..........#.................
..........#...................
....#..#.............#........
15 7 26 26
2 27 22 1
25 7 1 16
29 8 3 24
22 15 1 27
28 7 0 11
8 17 24 7
13 12 28 28
14 20 5 1
0 21 26 1
26 29 13 7
3 12 29 28
3 29 29 5
6 13 29 10
4 0 27 24
19 22 29 3
19 8 12 25
14 25 5 5
28 29 1 1
0 16 27 9
27 6 5 26
6 14 28 4
6 5 25 26
3 3 29 22
1 7 22 24
25 20 0 5
2 20 23 5
0 10 27 28
