40 37 34
.................#....#.......#......
............#....................#...
..........#..........#.............##
##..............#......#.......#.....
.#.....................#.........#...
.......#.#.......#........#..........
.#.............#.............#.......
....#...#.#.#..#....#....#...........
.#...................................
...............#............##.......
.......#...#.............#...........
...............##..#.......#........#
...............#......#..##.#........
........#.......................#....
..#..........#..........##.......#...
.............#..#.....#....#....#....
............................#........
......#.................#..#.......#.
............#......#..#..........#...
........#....#.......................
.................#......##...#.......
#..#.................#..#.....#...#.#
.....#..#........................#.#.
................#........#.........#.
...................#......#..........
...........#.........#............#..
............#.#......................
.##..........#..#.......#..#.........
....#.......................#.....#.#
........#..........#.......#.#..#.#..
....................#....#........#..
#...........#............#..##.......
#.#..................................
.........#..................#..#.....
....#....#...#.#..#...#...#..#..##...
............#.#..............#...#...
##...........#.#.....#.........#.....
.....#..............#.....#..........
.#............#......................
....#....................##..#..#....
15 18 36 34
39 16 3 25
13 23 35 6
27 7 9 31
18 32 23 0
27 19 4 9
30 9 16 35
4 16 36 2
3 26 24 0
11 12 38 35
15 30 36 8
29 9 5 34
4 36 33 1
24 32 12 10
36 24 13 6
26 35 39 6
4 15 34 30
6 14 39 1
36 22 6 9
35 22 2 1
17 28 39 9
19 19 2 27
36 18 3 3
29 5 8 33
23 36 11 2
6 2 34 35
21 19 2 5
4 25 37 36
28 35 5 2
23 1 33 24
7 24 38 10
3 32 38 6
18 6 5 30
35 15 6 25
