36 30 26
..#...........#.#....#........
..........##....#...#...#.#...
....#..#........#.#....#......
...##.#............#......#...
...#.#....#.......#...#...##..
....#...........##..........#.
..........##.#................
...##.....#..#..#..#.......#..
#....#..#..#..#..........##...
....#.........................
...###.#.......#...#......#...
.........#....................
....#.....................##..
#.........##...##............#
#.......#......##....#.....#..
..#...........##..............
.........#.......#.#..........
.....#.....#....#...#.........
....#.#.................#...#.
....................#.........
#..#......#.......#....#......
..............#...##...#.#....
..................#.......#...
.....###......................
..........#......###.#.#...#..
.#...#............#.........#.
...#...........#....#....#....
.#.#....##.....#............#.
.........#.........#....#.....
#.#....#...#....#.............
.#..#.###..##..........#......
...........#...#..#...........
.......#.#...............##...
....#......#.#..........###...
.....#.....##.......#..#......
#.................#..........#
18 27 0 4
11 24 31 3
3 27 28 2
13 26 28 4
13 24 9 1
3 22 30 2
15 24 34 1
8 22 31 0
26 19 0 24
31 12 10 25
9 19 32 27
29 18 2 2
35 24 9 0
25 13 6 5
35 12 0 22
27 16 6 27
3 25 24 3
29 4 7 21
12 9 27 26
4 1 29 27
1 7 30 29
29 28 6 8
13 14 25 29
35 21 7 2
20 21 1 2
32 2 13 27
