28 33 28
.#.....#..#.....#................
##..........................#...#
.#..............................#
.....#.....#......#..#.##....#...
......#....#.#.....##........##..
#..................##...#........
.......##......#..#..#....#.#....
.#.#.#......#...##..#.....#......
.................#...............
...#...................#........#
#.....#..#......#..#.............
.....................##..#.......
.............#..........#.......#
#.##......................##..#..
.....#...#...............#.#.#...
...........................#.....
....#........#.................#.
...................#.......#.....
.#.....##.#.#.....#..#...........
.#.........#.............#.....#.
..#.#.....#.#.....#..#....#.....#
........#....#........#.......#.#
#.#..##.#.........#.......#......
...#......................#......
........##..#....#..............#
#.#..#................#..........
..........#...#..##...#.....#....
.............................#...
27 32 3 6
6 27 26 0
21 7 3 27
1 7 25 24
5 6 20 30
23 7 9 27
17 11 27 24
15 5 8 28
20 31 14 3
17 15 0 5
4 25 23 1
27 19 2 7
16 28 4 0
23 24 7 8
15 24 24 1
19 21 6 0
8 22 23 5
16 9 0 28
24 4 15 32
20 8 2 26
0 6 26 30
12 1 26 29
6 19 25 6
0 15 27 31
24 10 5 29
16 15 0 29
19 8 2 31
19 4 3 32
