32 30 26
...........#...#...........#..
......#..........#...#.......#
.................#.#....#.....
...............###...........#
.........#..#...#.......##....
##.....................#......
...............#......#..##...
#...........#........#........
.................#.....#......
#.#.........#.#.............#.
#......#...#..#.......#.......
#..#.......#.##..#............
...........#..................
.......#.#............#....#..
#..#.......#........#...#.....
.##........##.................
.............#................
...........##...#.....#.......
.....................#........
..............................
..#.#........#......##........
..#...........#...#...##......
..#...............#...#......#
..............##........#..#..
..............................
.........#...........#........
#......##...................#.
........#...............#...#.
..#.....#.............#.#.....
..........#........#......#...
.......#....#..........#......
..................#..........#
16 6 29 25
23 26 0 0
24 20 0 2
27 20 2 2
27 9 2 3
8 12 30 1
9 23 24 9
28 1 1 25
27 7 0 21
17 14 0 1
29 28 1 13
3 22 17 3
22 21 4 4
28 7 12 29
29 14 7 2
25 0 3 28
25 7 8 28
26 26 1 9
22 11 6 29
7 4 15 27
28 10 2 28
4 1 29 23
24 5 4 19
14 9 30 0
12 12 27 2
25 26 0 6
