39 37 28
......#....#.#.......#.#.#..#...#.#..
..#..##.....#..#....#...#####......#.
..##......##.....#...#.#..#..........
...#....#...#..#..........#..#.......
..##........#.#...#......#....#......
.......#.#.##.........##......##.....
...............#..................#.#
..#...#...#..........#...........#...
.#.#..#.......#...#....#.#.....#.#...
#.....#.#..............#.......#..#..
.....##....#......#..#..........#....
..#.........#.#.#..#..........#...#..
.#..#...#.#...#...............#......
.....#...#.#....#...#................
.#..#...##.#...#...#.....#.#.........
........#...#...##.#........###......
...............#.#...........#.......
........#..........................#.
#......##.###.#....#...#....#.#...#..
.....#...#....#....##.....#.##.....#.
......#...#.....#.........#..........
..##.............#....#.#............
......#.#...#..#...###..##....#......
##...##...#......#........#.....###..
........#.#..#....#.###......#.......
.....#....#..#...#....#......##...#..
.......#..#.##..........##..#.......#
#........#.#.......#.......#......#..
.........#.....#...........#.......#.
...............#.......##..#.........
.##....#......##....##..........##..#
..#...................#.........##...
.......#....#........##..............
......#...##.....#..#....#...........
..#...#..#........#.#....#...#..#...#
..#..........#.....#...#......#.#..##
#..........#.........................
....#...........#...#....#..#....#...
..........#..##.#..#...#..#....#...#.
13 25 31 13
16 12 0 36
7 22 38 5
6 14 38 27
28 11 0 35
20 18 30 0
30 16 3 30
38 21 0 30
17 10 36 36
23 28 31 0
6 28 36 2
13 3 35 33
10 2 32 35
37 32 2 5
28 31 17 4
17 7 36 24
7 26 34 7
31 15 6 7
1 11 34 35
11 7 37 27
24 3 16 33
7 14 37 21
21 30 11 9
31 3 7 34
8 19 35 12
24 6 4 28
7 24 38 15
36 16 2 30
