29 38 29
#.......#.........................#...
..#...........####...............#....
...#......#..#...............##.#.....
.#.#....#....###......................
...#.......#..........#...............
.#.....#........##.....#.#............
................#......#..............
.....#...#..........###.#.....#..#....
.##...............#...................
............##......#.........#.....#.
.#............#.........#..........###
.........#.#......#................#..
..#......................#.##......#..
.##.............#.....#..#....#.#....#
........#......#...#....#.............
..........#...#...............#..###..
#..#......#.##........................
..#............##......#..#.....#.....
..#................#........#.....#...
...........#..........................
...#......##..#.........##..........#.
#....#............#.#.#........#..#...
......#..........#............#.......
............#.....#...#.........#....#
........#..............#..............
#.........#.......................#...
..##.........#....#...........#.......
.........#.#...#...#...#......#.......
.......#.......#..##......#.#.......#.
0 14 24 28
25 17 2 36
23 30 1 1
12 37 2 2
11 36 26 14
0 26 26 31
3 20 28 32
17 0 0 25
8 32 27 12
17 27 6 0
10 16 6 37
11 4 23 36
28 29 13 5
7 27 25 11
16 20 7 0
8 17 27 27
8 34 21 1
26 27 4 4
1 28 27 2
5 34 27 3
26 33 1 10
2 0 18 35
12 16 2 33
5 19 21 37
1 32 25 6
14 1 3 33
21 9 10 29
0 21 22 29
1 36 28 13
