33 37 34
.........................#.#...#.#...
.#..........#............#.....#.....
.#..........##.............#....#.#..
.....#........#......................
.......................#.......#.....
#.....#.#.#...........#.#........#...
.#......#.#.............#.#..#....#..
.....#...#.....#.#...................
#..........#.......#.#...........#...
.................................#...
....##....#............#..##...#.....
#.........#......................#...
...#...........#.....................
...........#.........#.....#....#....
..........#.......####...............
.#....#..#.##...........##.....#....#
..#..................#.#........#.#..
..#..#....#....#................#....
.......#.............................
......................#..............
...#.........#.#.....................
#.....................#.............#
....#.....#....#.......##.###.....#..
..#..#........#.#........####.##..#.#
......................#........#.....
.#...#..........................#....
..................#..................
........#....#......#.....#.........#
.....#......##....#...........##.....
..#..............................#...
##...............#...#............#.#
........#..#........#....#...........
.#.......##...#...............#...#..
30 16 1 6
25 15 6 2
4 8 24 36
2 33 30 13
3 9 32 32
21 26 11 6
9 10 1 30
31 17 6 36
13 31 32 2
23 9 4 28
11 35 28 0
18 21 31 7
10 36 22 3
4 34 14 0
1 7 19 25
26 28 13 1
26 16 8 32
25 33 4 12
17 6 28 36
29 21 8 14
27 34 1 11
26 20 4 0
4 24 19 0
28 14 7 35
28 19 12 25
25 4 1 28
20 27 3 11
27 31 3 4
7 2 1 34
25 12 1 0
21 35 6 4
17 33 18 3
28 34 0 3
32 24 9 7
