30 33 27
....#.....#..................#.##
......#..#..................#....
....#.............#....#.........
.................#.#.............
.....#...........#...............
..###.##.......#.#.........#.....
........###...#............#.....
.#..........#...#..#......#......
#...#..#...........#.#....#......
.............#.#............###..
..#..##.....#.#....##......#.....
...#....#........#.........#.....
......#.....#.....#..............
...#.........#.....#.............
....##.#....#..#............#....
..........#.#.#..........#...#...
.........#.........#..........#..
#..........#......#..........####
#....#.#.......#............#....
............#.#......#..#........
......#..#..................#..#.
...#..##.......#...#.......#.....
.#........#....##................
#.#........#....#..............#.
.....#..#.........#.......#......
...............................#.
....#...#..#...........#........#
.....#.###.......................
.#.#.#.................#.........
..........#....#.......#....#....
6 18 29 0
10 0 2 31
24 20 9 6
8 24 26 10
4 1 25 24
22 17 3 0
22 3 13 28
5 20 29 9
17 28 22 2
10 30 19 0
7 27 28 2
23 15 5 28
25 21 2 3
28 9 8 28
13 30 1 8
0 3 20 22
3 6 28 30
13 20 27 2
21 0 28 27
0 30 29 8
11 19 29 13
27 29 11 6
14 32 4 0
1 23 21 4
5 11 25 30
11 21 6 3
23 27 6 0
