36 28 157
.................#..........
...........#................
................#...........
........##..................
........#.............#.....
.....#..#...................
...#.....#.........#........
............#...............
....#..................#..#.
......#.....................
.....#...#.................#
.....#.....#...#......#....#
...................#........
.....#...................#..
.....................#....#.
..#.....#........#..........
.........#..#.....#.........
...#.....#....#..#..........
..#......#.##.............#.
..........#.................
.....#............#.........
............................
..#......#....#...........#.
...#...#....................
...............#............
.........................#..
...............##..........#
.........#...#....##........
.....#..#.......#...........
............................
.......#....................
..............#.....#.......
.........#..................
......................#.#.#.
.........................#..
..........#.........#.#.....
14 6 1 22
18 17 35 2
31 21 1 1
28 3 4 16
25 16 4 23
0 22 32 7
15 0 28 26
14 13 34 18
13 20 22 1
15 24 28 1
5 11 33 27
1 16 30 3
12 0 0 25
17 16 5 0
4 14 22 0
17 25 3 4
34 23 6 8
21 2 2 26
25 26 15 3
30 20 5 12
22 11 1 14
12 13 28 0
3 14 35 26
1 13 35 23
18 18 0 13
14 24 3 1
17 23 10 2
12 6 29 26
10 23 14 0
24 14 1 27
20 16 11 26
19 5 2 23
25 22 33 2
16 24 2 4
28 7 5 26
33 17 6 6
1 20 33 4
18 25 7 9
9 10 31 0
13 4 31 23
26 20 2 3
17 5 2 27
6 4 34 12
29 6 2 25
20 21 7 2
8 16 34 3
3 2 34 20
27 12 1 25
17 8 28 23
20 4 1 23
4 0 28 20
29 9 2 21
5 4 32 12
19 8 34 24
2 19 27 5
34 13 5 6
30 4 3 25
22 7 6 21
26 3 3 21
4 24 30 2
33 10 0 26
19 12 26 1
12 3 30 14
6 11 25 27
32 20 7 3
20 12 6 10
34 0 5 27
19 9 10 26
26 22 5 1
7 26 35 15
35 7 6 27
31 5 6 22
22 6 4 25
10 24 35 1
32 25 2 2
34 27 6 0
13 0 29 8
19 27 0 1
34 21 4 2
29 15 6 1
29 19 10 0
23 24 5 3
17 1 23 18
12 1 26 24
1 19 33 7
18 4 5 24
25 18 9 2
3 5 32 21
7 16 27 25
28 14 16 0
33 16 8 8
30 11 15 27
21 17 0 5
1 0 35 6
30 8 3 16
6 14 33 14
13 12 21 27
25 24 11 1
26 6 7 27
12 17 23 2
25 6 21 26
16 6 1 24
17 12 35 8
19 13 3 24
9 11 35 16
14 2 7 23
12 2 3 27
13 22 24 2
35 13 9 26
4 3 23 26
28 13 3 19
27 24 7 6
15 19 2 1
24 3 15 23
8 17 30 0
18 5 32 23
19 21 3 0
12 21 33 11
2 20 28 4
22 8 34 26
19 23 8 2
16 1 5 25
1 6 33 25
35 21 3 11
31 4 9 15
31 19 11 3
2 24 26 8
22 13 1 9
12 7 27 26
9 21 33 0
5 13 20 2
21 9 7 20
15 16 29 2
18 24 32 1
19 25 29 5
30 1 5 15
2 0 33 20
24 27 34 5
28 25 9 8
18 21 27 3
24 7 2 7
8 10 31 6
7 13 34 22
0 15 33 9
31 27 24 1
6 25 23 5
20 1 4 15
19 26 1 10
12 22 32 13
32 26 8 5
29 27 15 1
25 8 16 20
2 22 10 6
21 8 1 15
22 16 8 27
21 14 4 13
13 6 32 27
