175
399249 209795 628558
187488 241448 260500
139717 796790 90785
263351 764445 401676
556598 717550 734516
564794 94201 983960
654228 513042 209158
442121 757309 643004
616990 227219 831117
945815 826610 392147
862271 406965 903341
715516 222918 159674
483901 692656 187697
891256 594454 355265
86996 992854 751494
554400 710282 812095
92068 491824 331748
422181 44724 282486
585056 7990 445861
213663 380142 978464
560265 84743 484534
543850 943973 207702
634923 485177 53811
374893 135413 226308
998691 965492 749884
168624 783820 830304
463172 624341 969773
186254 989762 527639
692375 184574 38863
115126 24436 179503
496739 717085 859485
439378 85103 982183
446086 662716 90198
149854 324857 647382
5944 399572 345714
142414 548827 425020
210549 943688 825456
58092 671544 221706
464491 270089 571968
423696 865216 800898
132489 370996 987080
728760 499273 966997
58530 137287 774431
905896 753259 628798
816780 783519 157748
637571 986945 428134
130409 101171 124482
150641 310352 182594
186275 429785 152580
969025 217663 923199
588216 334608 807999
523380 836728 245269
887227 270112 122908
899538 862295 379273
194985 711275 75906
525581 301691 11691
614144 872996 49994
353827 226831 395287
418488 353113 862315
851834 418812 404688
434179 853215 388998
560326 97166 190029
922295 39419 967874
391115 756716 898778
417942 808266 465541
241393 326547 895046
686120 237027 685102
754940 325747 110886
916697 721297 755736
329183 229223 801106
848586 746111 707052
746184 261852 402187
310774 459408 788012
84020 925392 459084
441565 951748 268659
73062 527592 307265
951275 718074 917078
336170 826492 500274
559147 133464 974999
939539 269312 451855
924403 305013 429217
690191 866459 640684
167164 296004 397367
711189 711302 633630
904614 648715 699172
749550 461430 203919
398275 353210 930592
207259 362160 4521
699465 372548 728066
309751 891768 202666
934627 697316 700257
179998 827843 671157
273661 689090 436955
779109 789212 908357
740568 242470 428077
902306 903613 362322
688450 419327 3795
117789 526025 557579
212335 1356 547462
325620 996045 704959
783858 175490 535944
822998 844935 465691
978418 215270 276727
784940 892813 774820
437086 490760 587594
556827 656385 649912
805162 662381 870876
802205 635373 806289
301470 210014 775144
21620 110260 845548
322439 79243 608710
33514 61145 437019
314280 387163 584297
656828 994379 745450
616575 602840 309511
203428 793420 104975
905665 832171 413833
417802 827587 180621
277665 483208 345042
134710 920517 137011
945572 468241 910085
891523 728383 735934
407920 438476 589177
749778 187522 377319
262320 217697 286868
485661 600482 885361
932985 733743 401243
192587 866822 957011
982462 502450 600622
936305 656253 932464
960493 499493 697316
177715 78377 557490
251211 482211 548589
16162 120448 345765
834944 518127 75649
352061 687009 769370
4132 597288 713692
558904 288729 664281
12590 611262 334586
434047 274242 174048
142767 616713 964684
49796 416561 37898
50077 359022 536175
241127 582239 792220
306348 166217 878533
460410 60301 729324
812679 438009 240754
844476 197634 122859
508205 180185 286054
288874 688745 382908
74078 586889 963439
207870 813265 586155
182075 735912 370863
684300 854802 560939
85421 779537 710803
119082 759954 131806
865152 143606 157494
571813 90711 34692
796062 537640 678023
397668 174655 371101
913176 820282 751769
242805 644858 637813
797499 640772 168935
356613 810733 55377
936467 359035 848747
655426 457323 197123
322401 188299 774741
116535 153686 520679
674131 546562 766187
974963 13147 242320
395143 961349 715257
831816 101677 820788
833467 246787 594279
465410 768610 831454
631721 916662 933567
