200
339564 993909 158177
414003 682555 50632
75955 861169 561914
98703 383453 611098
60817 953894 532085
225128 39318 90123
454711 438486 73249
252354 95120 577815
445141 61982 867018
592922 129816 993474
234084 661260 657912
611317 993745 64868
605137 613985 415950
51999 231822 48846
583706 900170 139644
303678 439500 151263
566951 123515 598647
323467 587473 855771
715132 189506 108062
609852 598952 669950
196998 390488 102164
574352 746703 65840
591784 62497 649079
215964 520529 713452
557550 448364 814984
329408 488219 614007
968299 475199 379147
314329 260495 832968
188500 732949 817711
255954 85832 602327
314835 550709 519168
917649 360161 764879
470637 301925 638540
76757 123801 536801
438434 172976 793920
358672 159368 978605
512715 442183 41112
700676 81391 801711
585185 600862 827426
918006 858106 328989
356645 729071 367189
623242 520802 608065
835602 478366 72104
880771 98143 990570
283052 497129 730902
696415 68158 63617
766677 735568 324647
678564 606021 714329
861851 467289 298421
751439 404532 930130
701134 363862 23659
986342 484123 372732
176212 640596 122784
517675 61819 228808
805551 301395 135624
774231 259643 417226
409941 961352 913753
520626 84496 174448
471008 421155 576130
291336 926296 143578
859078 451435 905954
576948 291946 740711
435470 376199 715888
927144 398922 241961
158253 87016 184778
158648 243225 690505
244671 12650 508521
871465 617741 191201
275510 295626 4293
152753 439298 560560
387191 639435 593852
334089 999396 131588
724036 900939 540532
996383 647593 686783
709048 775721 56616
478826 943229 913289
817858 998126 916994
713635 836631 586439
411440 417407 418360
413265 108567 504914
665101 419895 65272
199869 70620 218905
462031 170188 115269
356573 629909 55130
107353 245 594316
158613 562686 106394
995045 381273 643551
26740 73732 916804
218055 643899 394506
155767 665227 264512
364265 631536 381854
497184 128810 120957
890175 511777 488626
503731 507338 327001
90057 151119 107152
786091 359280 776315
277618 501872 869118
725675 169281 541416
24218 215184 997181
998267 553919 379325
153724 723589 569558
958552 28357 794971
553763 312570 674148
905262 95432 730016
886517 273800 543579
384513 952379 175157
372975 809436 233616
558464 567875 816899
527117 345679 667358
233877 643017 850932
826697 795159 894047
204626 845235 251017
858085 420149 775814
842349 237754 209630
542784 516720 372835
766514 30388 29295
828495 292992 495180
271765 203052 726162
634535 361005 468953
847843 982538 758255
366498 382349 84451
231172 107120 237866
492915 206262 354144
214302 506099 654382
944042 639907 881261
2002 502765 953365
684698 360718 838488
674374 88897 875193
692675 125729 953971
407410 820305 746055
786580 209002 501254
932196 187194 455004
827469 666729 348670
90964 839725 992127
756889 415067 485660
420885 779462 992789
89045 760007 166573
178262 133210 28888
158493 619512 948807
487959 845679 687718
153275 641282 866660
624816 497400 689196
983006 367429 163487
575312 574920 137347
22437 14935 838187
761655 681234 107765
552161 785904 978977
146015 454883 914089
204269 866287 916358
221294 29354 264068
223116 307198 525507
252224 800777 614924
341825 271964 570796
439367 874717 137441
63864 954223 775865
370970 941311 480417
694656 611686 854639
948224 541864 441061
867319 962301 920827
526018 137116 557659
159212 548937 535348
19614 915204 461505
814226 192003 638116
4124 813736 837991
157080 180719 148436
496494 649175 760421
126183 583507 64756
341818 715477 543529
556507 582424 505925
822370 814209 111264
926132 587514 59583
260566 200600 290369
44249 809775 102494
532377 474141 589016
29220 796911 937440
956814 66448 464780
341431 642283 530111
635582 537041 209090
726382 290651 474319
532841 559191 846581
501258 532417 987236
259686 733184 548626
919115 918529 987948
972879 272203 967610
586693 936122 989088
212430 880804 469268
143796 436876 127530
411424 463595 331329
76071 703758 252329
449146 76673 223022
701993 317488 822017
128294 940601 814673
161950 985143 750907
674715 692330 383972
149925 265403 925718
143922 490457 230255
782953 998773 98698
417603 927920 510930
170704 700274 872882
234580 169310 740634
